SNP,Chromosome,Position,DF,t Value,std Error,effect
S4_146135847,4,146135847,NA,NA,NA,NA
S10_132533316,10,132533316,NA,NA,NA,NA
S4_163994489,4,163994489,NA,NA,NA,NA
S1_93075304,1,93075304,NA,NA,NA,NA
S5_122481712,5,122481712,NA,NA,NA,NA
S8_64658039,8,64658039,NA,NA,NA,NA
S7_160810060,7,160810060,NA,NA,NA,NA
S6_102601070,6,102601070,NA,NA,NA,NA
S6_134304012,6,134304012,NA,NA,NA,NA
S1_256663732,1,256663732,NA,NA,NA,NA
S6_123080887,6,123080887,NA,NA,NA,NA
S1_211261382,1,211261382,NA,NA,NA,NA
S10_132345134,10,132345134,NA,NA,NA,NA
S1_256663730,1,256663730,NA,NA,NA,NA
S3_219183899,3,219183899,NA,NA,NA,NA
S4_38029230,4,38029230,NA,NA,NA,NA
S10_148852779,10,148852779,NA,NA,NA,NA
S4_38029207,4,38029207,NA,NA,NA,NA
S1_257214394,1,257214394,NA,NA,NA,NA
S3_213798229,3,213798229,NA,NA,NA,NA
S10_132345178,10,132345178,NA,NA,NA,NA
S3_12530000,3,12530000,NA,NA,NA,NA
S4_32251550,4,32251550,NA,NA,NA,NA
S4_139988435,4,139988435,NA,NA,NA,NA
S7_5324052,7,5324052,NA,NA,NA,NA
S4_32251546,4,32251546,NA,NA,NA,NA
S2_83267926,2,83267926,NA,NA,NA,NA
S2_83267932,2,83267932,NA,NA,NA,NA
S1_70769062,1,70769062,NA,NA,NA,NA
S7_123842210,7,123842210,NA,NA,NA,NA
S9_124758567,9,124758567,NA,NA,NA,NA
S9_130919929,9,130919929,NA,NA,NA,NA
S1_256663728,1,256663728,NA,NA,NA,NA
S5_212522433,5,212522433,NA,NA,NA,NA
S10_141501886,10,141501886,NA,NA,NA,NA
S4_199035486,4,199035486,NA,NA,NA,NA
S9_124758570,9,124758570,NA,NA,NA,NA
S5_18537619,5,18537619,NA,NA,NA,NA
S7_53354489,7,53354489,NA,NA,NA,NA
S4_46936174,4,46936174,NA,NA,NA,NA
S2_60507146,2,60507146,NA,NA,NA,NA
S3_161258146,3,161258146,NA,NA,NA,NA
S3_161258148,3,161258148,NA,NA,NA,NA
S3_161258166,3,161258166,NA,NA,NA,NA
S3_161258191,3,161258191,NA,NA,NA,NA
S10_140049377,10,140049377,NA,NA,NA,NA
S3_204583696,3,204583696,NA,NA,NA,NA
S1_225577369,1,225577369,NA,NA,NA,NA
S6_140675393,6,140675393,NA,NA,NA,NA
S1_214780092,1,214780092,NA,NA,NA,NA
S10_139879491,10,139879491,NA,NA,NA,NA
S2_15973716,2,15973716,NA,NA,NA,NA
S5_76428305,5,76428305,NA,NA,NA,NA
S3_220678709,3,220678709,NA,NA,NA,NA
S9_114039363,9,114039363,NA,NA,NA,NA
S7_53354491,7,53354491,NA,NA,NA,NA
S5_22802760,5,22802760,NA,NA,NA,NA
S4_66855637,4,66855637,NA,NA,NA,NA
S5_199389891,5,199389891,NA,NA,NA,NA
S6_120917191,6,120917191,NA,NA,NA,NA
S4_178757848,4,178757848,NA,NA,NA,NA
S4_76277190,4,76277190,NA,NA,NA,NA
S4_146135910,4,146135910,NA,NA,NA,NA
S3_204583707,3,204583707,NA,NA,NA,NA
S4_42817250,4,42817250,NA,NA,NA,NA
S4_42805409,4,42805409,NA,NA,NA,NA
S4_42805410,4,42805410,NA,NA,NA,NA
S4_42805440,4,42805440,NA,NA,NA,NA
S7_17313966,7,17313966,NA,NA,NA,NA
S1_12852758,1,12852758,NA,NA,NA,NA
S5_123204654,5,123204654,NA,NA,NA,NA
S10_137662311,10,137662311,NA,NA,NA,NA
S3_221485359,3,221485359,NA,NA,NA,NA
S4_75164950,4,75164950,NA,NA,NA,NA
S9_17632988,9,17632988,NA,NA,NA,NA
S1_225044263,1,225044263,NA,NA,NA,NA
S4_195800731,4,195800731,NA,NA,NA,NA
S3_57391929,3,57391929,NA,NA,NA,NA
S3_219184255,3,219184255,NA,NA,NA,NA
S4_220918216,4,220918216,NA,NA,NA,NA
S10_147705083,10,147705083,NA,NA,NA,NA
S3_5885339,3,5885339,NA,NA,NA,NA
S4_75695092,4,75695092,NA,NA,NA,NA
S4_75695119,4,75695119,NA,NA,NA,NA
S4_172772615,4,172772615,NA,NA,NA,NA
S4_172772619,4,172772619,NA,NA,NA,NA
S6_116331201,6,116331201,NA,NA,NA,NA
S3_217359612,3,217359612,NA,NA,NA,NA
S9_1732088,9,1732088,NA,NA,NA,NA
S2_192432857,2,192432857,NA,NA,NA,NA
S3_230438420,3,230438420,NA,NA,NA,NA
S4_828312,4,828312,NA,NA,NA,NA
S10_4871040,10,4871040,NA,NA,NA,NA
S3_210261043,3,210261043,NA,NA,NA,NA
S6_149397789,6,149397789,NA,NA,NA,NA
S3_35493660,3,35493660,NA,NA,NA,NA
S1_51461771,1,51461771,NA,NA,NA,NA
S3_217462914,3,217462914,NA,NA,NA,NA
S4_136967842,4,136967842,NA,NA,NA,NA
S1_206123724,1,206123724,NA,NA,NA,NA
S2_43118820,2,43118820,NA,NA,NA,NA
S10_112574338,10,112574338,NA,NA,NA,NA
S1_248287688,1,248287688,NA,NA,NA,NA
S5_4765734,5,4765734,NA,NA,NA,NA
S5_93023882,5,93023882,NA,NA,NA,NA
S3_35353666,3,35353666,NA,NA,NA,NA
S1_70769026,1,70769026,NA,NA,NA,NA
S7_6497889,7,6497889,NA,NA,NA,NA
S7_6497890,7,6497890,NA,NA,NA,NA
S6_116331218,6,116331218,NA,NA,NA,NA
S7_8194538,7,8194538,NA,NA,NA,NA
S3_207898219,3,207898219,NA,NA,NA,NA
S5_4587478,5,4587478,NA,NA,NA,NA
S4_4908274,4,4908274,NA,NA,NA,NA
S9_153509068,9,153509068,NA,NA,NA,NA
S3_220853232,3,220853232,NA,NA,NA,NA
S8_155984429,8,155984429,NA,NA,NA,NA
S3_217463628,3,217463628,NA,NA,NA,NA
S2_213163108,2,213163108,NA,NA,NA,NA
S4_212307845,4,212307845,NA,NA,NA,NA
S7_85263469,7,85263469,NA,NA,NA,NA
S3_204583703,3,204583703,NA,NA,NA,NA
S10_112574334,10,112574334,NA,NA,NA,NA
S2_162980121,2,162980121,NA,NA,NA,NA
S6_137291221,6,137291221,NA,NA,NA,NA
S4_53080747,4,53080747,NA,NA,NA,NA
S9_17668138,9,17668138,NA,NA,NA,NA
S2_12352587,2,12352587,NA,NA,NA,NA
S3_229741793,3,229741793,NA,NA,NA,NA
S7_103876936,7,103876936,NA,NA,NA,NA
S3_210053597,3,210053597,NA,NA,NA,NA
S3_210053600,3,210053600,NA,NA,NA,NA
S1_273100261,1,273100261,NA,NA,NA,NA
S3_126156526,3,126156526,NA,NA,NA,NA
S3_10517929,3,10517929,NA,NA,NA,NA
S4_25467541,4,25467541,NA,NA,NA,NA
S4_40387026,4,40387026,NA,NA,NA,NA
S2_214923223,2,214923223,NA,NA,NA,NA
S2_177750327,2,177750327,NA,NA,NA,NA
S9_126675539,9,126675539,NA,NA,NA,NA
S4_63201226,4,63201226,NA,NA,NA,NA
S4_235763527,4,235763527,NA,NA,NA,NA
S5_74657113,5,74657113,NA,NA,NA,NA
S5_7443296,5,7443296,NA,NA,NA,NA
S5_125805333,5,125805333,NA,NA,NA,NA
S1_52161954,1,52161954,NA,NA,NA,NA
S9_59842323,9,59842323,NA,NA,NA,NA
S2_9442363,2,9442363,NA,NA,NA,NA
S7_132922826,7,132922826,NA,NA,NA,NA
S2_232369800,2,232369800,NA,NA,NA,NA
S3_205007291,3,205007291,NA,NA,NA,NA
S1_259778476,1,259778476,NA,NA,NA,NA
S3_43360635,3,43360635,NA,NA,NA,NA
S1_2740925,1,2740925,NA,NA,NA,NA
S8_6481250,8,6481250,NA,NA,NA,NA
S6_120813575,6,120813575,NA,NA,NA,NA
S6_164149252,6,164149252,NA,NA,NA,NA
S10_112574312,10,112574312,NA,NA,NA,NA
S2_178227805,2,178227805,NA,NA,NA,NA
S3_217007830,3,217007830,NA,NA,NA,NA
S7_127144954,7,127144954,NA,NA,NA,NA
S7_127144957,7,127144957,NA,NA,NA,NA
S10_147898861,10,147898861,NA,NA,NA,NA
S3_160516097,3,160516097,NA,NA,NA,NA
S6_124855747,6,124855747,NA,NA,NA,NA
S4_181871673,4,181871673,NA,NA,NA,NA
S1_285390950,1,285390950,NA,NA,NA,NA
S2_3014981,2,3014981,NA,NA,NA,NA
S4_159725793,4,159725793,NA,NA,NA,NA
S7_161805336,7,161805336,NA,NA,NA,NA
S10_139839061,10,139839061,NA,NA,NA,NA
S6_166171511,6,166171511,NA,NA,NA,NA
S8_161135886,8,161135886,NA,NA,NA,NA
S2_213805614,2,213805614,NA,NA,NA,NA
S1_2754198,1,2754198,NA,NA,NA,NA
S5_18545127,5,18545127,NA,NA,NA,NA
S4_231034991,4,231034991,NA,NA,NA,NA
S5_61527315,5,61527315,NA,NA,NA,NA
S2_178227804,2,178227804,NA,NA,NA,NA
S2_224240892,2,224240892,NA,NA,NA,NA
S2_224240896,2,224240896,NA,NA,NA,NA
S2_224240897,2,224240897,NA,NA,NA,NA
S2_224240898,2,224240898,NA,NA,NA,NA
S1_281071374,1,281071374,NA,NA,NA,NA
S3_210586971,3,210586971,NA,NA,NA,NA
S5_197945250,5,197945250,NA,NA,NA,NA
S9_61814319,9,61814319,NA,NA,NA,NA
S1_58717315,1,58717315,NA,NA,NA,NA
S5_168892889,5,168892889,NA,NA,NA,NA
S5_7443311,5,7443311,NA,NA,NA,NA
S9_141544629,9,141544629,NA,NA,NA,NA
S2_14334182,2,14334182,NA,NA,NA,NA
S2_14334184,2,14334184,NA,NA,NA,NA
S5_4322924,5,4322924,NA,NA,NA,NA
S5_58601969,5,58601969,NA,NA,NA,NA
S2_223251384,2,223251384,NA,NA,NA,NA
S2_223251402,2,223251402,NA,NA,NA,NA
S2_205641973,2,205641973,NA,NA,NA,NA
S5_208094128,5,208094128,NA,NA,NA,NA
S4_41890291,4,41890291,NA,NA,NA,NA
S1_275263368,1,275263368,NA,NA,NA,NA
S2_183561823,2,183561823,NA,NA,NA,NA
S2_186186380,2,186186380,NA,NA,NA,NA
S4_38030994,4,38030994,NA,NA,NA,NA
S4_38031040,4,38031040,NA,NA,NA,NA
S10_115146803,10,115146803,NA,NA,NA,NA
S4_35985028,4,35985028,NA,NA,NA,NA
S10_1322412,10,1322412,NA,NA,NA,NA
S4_185566366,4,185566366,NA,NA,NA,NA
S2_40011946,2,40011946,NA,NA,NA,NA
S2_4166884,2,4166884,NA,NA,NA,NA
S10_133332879,10,133332879,NA,NA,NA,NA
S5_29918567,5,29918567,NA,NA,NA,NA
S6_147727409,6,147727409,NA,NA,NA,NA
S3_53979437,3,53979437,NA,NA,NA,NA
S5_115146943,5,115146943,NA,NA,NA,NA
S3_11727537,3,11727537,NA,NA,NA,NA
S3_230438418,3,230438418,NA,NA,NA,NA
S2_231606127,2,231606127,NA,NA,NA,NA
S6_153098300,6,153098300,NA,NA,NA,NA
S9_9302671,9,9302671,NA,NA,NA,NA
S8_172674620,8,172674620,NA,NA,NA,NA
S2_15475140,2,15475140,NA,NA,NA,NA
S3_58536236,3,58536236,NA,NA,NA,NA
S3_58536241,3,58536241,NA,NA,NA,NA
S3_201329410,3,201329410,NA,NA,NA,NA
S5_19886911,5,19886911,NA,NA,NA,NA
S5_19886934,5,19886934,NA,NA,NA,NA
S1_222550256,1,222550256,NA,NA,NA,NA
S4_197563807,4,197563807,NA,NA,NA,NA
S3_231823858,3,231823858,NA,NA,NA,NA
S6_147727285,6,147727285,NA,NA,NA,NA
S4_76277210,4,76277210,NA,NA,NA,NA
S3_204998780,3,204998780,NA,NA,NA,NA
S10_139980257,10,139980257,NA,NA,NA,NA
S1_52921116,1,52921116,NA,NA,NA,NA
S7_82086342,7,82086342,NA,NA,NA,NA
S5_111998304,5,111998304,NA,NA,NA,NA
S1_58646252,1,58646252,NA,NA,NA,NA
S4_4621259,4,4621259,NA,NA,NA,NA
S6_120878697,6,120878697,NA,NA,NA,NA
S5_171916604,5,171916604,NA,NA,NA,NA
S1_3197225,1,3197225,NA,NA,NA,NA
S1_259272837,1,259272837,NA,NA,NA,NA
S5_62026755,5,62026755,NA,NA,NA,NA
S4_171215918,4,171215918,NA,NA,NA,NA
S8_14840729,8,14840729,NA,NA,NA,NA
S8_14840760,8,14840760,NA,NA,NA,NA
S8_16742930,8,16742930,NA,NA,NA,NA
S4_66256143,4,66256143,NA,NA,NA,NA
S6_56115033,6,56115033,NA,NA,NA,NA
S2_12643753,2,12643753,NA,NA,NA,NA
S4_153840241,4,153840241,NA,NA,NA,NA
S4_153840253,4,153840253,NA,NA,NA,NA
S10_66956724,10,66956724,NA,NA,NA,NA
S4_83572691,4,83572691,NA,NA,NA,NA
S6_147727304,6,147727304,NA,NA,NA,NA
S4_25467052,4,25467052,NA,NA,NA,NA
S7_8048060,7,8048060,NA,NA,NA,NA
S10_14445038,10,14445038,NA,NA,NA,NA
S3_35965523,3,35965523,NA,NA,NA,NA
S7_107240857,7,107240857,NA,NA,NA,NA
S1_211419453,1,211419453,NA,NA,NA,NA
S4_171379472,4,171379472,NA,NA,NA,NA
S7_100524525,7,100524525,NA,NA,NA,NA
S5_89094947,5,89094947,NA,NA,NA,NA
S5_89094958,5,89094958,NA,NA,NA,NA
S1_228020075,1,228020075,NA,NA,NA,NA
S7_174582254,7,174582254,NA,NA,NA,NA
S3_164968534,3,164968534,NA,NA,NA,NA
S1_270560243,1,270560243,NA,NA,NA,NA
S5_29918580,5,29918580,NA,NA,NA,NA
S4_199035524,4,199035524,NA,NA,NA,NA
S3_91406120,3,91406120,NA,NA,NA,NA
S4_75697716,4,75697716,NA,NA,NA,NA
S2_104965986,2,104965986,NA,NA,NA,NA
S2_45196514,2,45196514,NA,NA,NA,NA
S6_118601350,6,118601350,NA,NA,NA,NA
S5_76728806,5,76728806,NA,NA,NA,NA
S1_298965293,1,298965293,NA,NA,NA,NA
S1_298965307,1,298965307,NA,NA,NA,NA
S4_171731453,4,171731453,NA,NA,NA,NA
S6_114057282,6,114057282,NA,NA,NA,NA
S3_217007778,3,217007778,NA,NA,NA,NA
S1_87162173,1,87162173,NA,NA,NA,NA
S4_66855640,4,66855640,NA,NA,NA,NA
S2_169494896,2,169494896,NA,NA,NA,NA
S2_196870424,2,196870424,NA,NA,NA,NA
S1_263007514,1,263007514,NA,NA,NA,NA
S3_37360970,3,37360970,NA,NA,NA,NA
S9_50711846,9,50711846,NA,NA,NA,NA
S3_214829992,3,214829992,NA,NA,NA,NA
S6_146616881,6,146616881,NA,NA,NA,NA
S9_17668153,9,17668153,NA,NA,NA,NA
S10_145374743,10,145374743,NA,NA,NA,NA
S4_23361991,4,23361991,NA,NA,NA,NA
S3_210261083,3,210261083,NA,NA,NA,NA
S8_18350651,8,18350651,NA,NA,NA,NA
S4_193155802,4,193155802,NA,NA,NA,NA
S5_2522403,5,2522403,NA,NA,NA,NA
S4_81986635,4,81986635,NA,NA,NA,NA
S7_30505677,7,30505677,NA,NA,NA,NA
S2_16870108,2,16870108,NA,NA,NA,NA
S1_58473058,1,58473058,NA,NA,NA,NA
S5_3642299,5,3642299,NA,NA,NA,NA
S5_76728805,5,76728805,NA,NA,NA,NA
S4_154047619,4,154047619,NA,NA,NA,NA
S4_68796574,4,68796574,NA,NA,NA,NA
S1_29082605,1,29082605,NA,NA,NA,NA
S5_89154831,5,89154831,NA,NA,NA,NA
S8_164856206,8,164856206,NA,NA,NA,NA
S5_7357759,5,7357759,NA,NA,NA,NA
S1_251711098,1,251711098,NA,NA,NA,NA
S5_210741041,5,210741041,NA,NA,NA,NA
S7_13408153,7,13408153,NA,NA,NA,NA
S1_23566233,1,23566233,NA,NA,NA,NA
S3_13872383,3,13872383,NA,NA,NA,NA
S3_13872385,3,13872385,NA,NA,NA,NA
S3_231993731,3,231993731,NA,NA,NA,NA
S1_278711902,1,278711902,NA,NA,NA,NA
S1_188089057,1,188089057,NA,NA,NA,NA
S2_109577989,2,109577989,NA,NA,NA,NA
S4_153840237,4,153840237,NA,NA,NA,NA
S3_207246068,3,207246068,NA,NA,NA,NA
S3_88707187,3,88707187,NA,NA,NA,NA
S4_177432841,4,177432841,NA,NA,NA,NA
S2_229420138,2,229420138,NA,NA,NA,NA
S2_229420145,2,229420145,NA,NA,NA,NA
S1_225576224,1,225576224,NA,NA,NA,NA
S10_66956730,10,66956730,NA,NA,NA,NA
S5_32094557,5,32094557,NA,NA,NA,NA
S1_253133913,1,253133913,NA,NA,NA,NA
S1_276208816,1,276208816,NA,NA,NA,NA
S2_10672281,2,10672281,NA,NA,NA,NA
S5_175440423,5,175440423,NA,NA,NA,NA
S4_234908663,4,234908663,NA,NA,NA,NA
S4_76335679,4,76335679,NA,NA,NA,NA
S4_212307824,4,212307824,NA,NA,NA,NA
S4_234397004,4,234397004,NA,NA,NA,NA
S4_234397013,4,234397013,NA,NA,NA,NA
S9_152803835,9,152803835,NA,NA,NA,NA
S4_74639783,4,74639783,NA,NA,NA,NA
S7_127249162,7,127249162,NA,NA,NA,NA
S10_113167241,10,113167241,NA,NA,NA,NA
S8_156439478,8,156439478,NA,NA,NA,NA
S7_161845950,7,161845950,NA,NA,NA,NA
S7_1317269,7,1317269,NA,NA,NA,NA
S1_270560247,1,270560247,NA,NA,NA,NA
S8_93802239,8,93802239,NA,NA,NA,NA
S9_57833394,9,57833394,NA,NA,NA,NA
S1_229603363,1,229603363,NA,NA,NA,NA
S6_147727311,6,147727311,NA,NA,NA,NA
S2_104966021,2,104966021,NA,NA,NA,NA
S4_189034108,4,189034108,NA,NA,NA,NA
S10_142505992,10,142505992,NA,NA,NA,NA
S5_76381644,5,76381644,NA,NA,NA,NA
S10_144737145,10,144737145,NA,NA,NA,NA
S3_209010996,3,209010996,NA,NA,NA,NA
S5_152844957,5,152844957,NA,NA,NA,NA
S5_18152797,5,18152797,NA,NA,NA,NA
S6_9193559,6,9193559,NA,NA,NA,NA
S8_161423202,8,161423202,NA,NA,NA,NA
S6_37026747,6,37026747,NA,NA,NA,NA
S3_35667460,3,35667460,NA,NA,NA,NA
S7_172512783,7,172512783,NA,NA,NA,NA
S7_172512786,7,172512786,NA,NA,NA,NA
S4_68863098,4,68863098,NA,NA,NA,NA
S9_152136819,9,152136819,NA,NA,NA,NA
S1_38188691,1,38188691,NA,NA,NA,NA
S6_143954617,6,143954617,NA,NA,NA,NA
S6_143954618,6,143954618,NA,NA,NA,NA
S6_143954630,6,143954630,NA,NA,NA,NA
S6_143954636,6,143954636,NA,NA,NA,NA
S3_156814134,3,156814134,NA,NA,NA,NA
S4_76384741,4,76384741,NA,NA,NA,NA
S10_142958449,10,142958449,NA,NA,NA,NA
S1_2740904,1,2740904,NA,NA,NA,NA
S5_18545134,5,18545134,NA,NA,NA,NA
S1_49740980,1,49740980,NA,NA,NA,NA
S2_216989050,2,216989050,NA,NA,NA,NA
S1_290856066,1,290856066,NA,NA,NA,NA
S7_155258374,7,155258374,NA,NA,NA,NA
S7_155258379,7,155258379,NA,NA,NA,NA
S4_162907836,4,162907836,NA,NA,NA,NA
S7_17479423,7,17479423,NA,NA,NA,NA
S4_60945290,4,60945290,NA,NA,NA,NA
S1_197261071,1,197261071,NA,NA,NA,NA
S4_154261107,4,154261107,NA,NA,NA,NA
S2_22949142,2,22949142,NA,NA,NA,NA
S9_26630602,9,26630602,NA,NA,NA,NA
S2_41247724,2,41247724,NA,NA,NA,NA
S3_215472129,3,215472129,NA,NA,NA,NA
S4_154261276,4,154261276,NA,NA,NA,NA
S5_62026751,5,62026751,NA,NA,NA,NA
S4_193155781,4,193155781,NA,NA,NA,NA
S5_180405964,5,180405964,NA,NA,NA,NA
S1_110637947,1,110637947,NA,NA,NA,NA
S1_227535313,1,227535313,NA,NA,NA,NA
S3_230225398,3,230225398,NA,NA,NA,NA
S9_18765586,9,18765586,NA,NA,NA,NA
S4_76384707,4,76384707,NA,NA,NA,NA
S4_76384708,4,76384708,NA,NA,NA,NA
S4_157920504,4,157920504,NA,NA,NA,NA
S10_141613063,10,141613063,NA,NA,NA,NA
S10_141613070,10,141613070,NA,NA,NA,NA
S10_126588148,10,126588148,NA,NA,NA,NA
S5_19525108,5,19525108,NA,NA,NA,NA
S5_81794103,5,81794103,NA,NA,NA,NA
S10_2782224,10,2782224,NA,NA,NA,NA
S6_165939064,6,165939064,NA,NA,NA,NA
S4_76335678,4,76335678,NA,NA,NA,NA
S10_141252248,10,141252248,NA,NA,NA,NA
S1_2803636,1,2803636,NA,NA,NA,NA
S1_258807334,1,258807334,NA,NA,NA,NA
S4_195798230,4,195798230,NA,NA,NA,NA
S2_178881736,2,178881736,NA,NA,NA,NA
S1_46418455,1,46418455,NA,NA,NA,NA
S7_4802490,7,4802490,NA,NA,NA,NA
S7_131108936,7,131108936,NA,NA,NA,NA
S4_32811663,4,32811663,NA,NA,NA,NA
S4_32811665,4,32811665,NA,NA,NA,NA
S3_206943368,3,206943368,NA,NA,NA,NA
S8_93802243,8,93802243,NA,NA,NA,NA
S1_258353232,1,258353232,NA,NA,NA,NA
S4_235268683,4,235268683,NA,NA,NA,NA
S3_11727546,3,11727546,NA,NA,NA,NA
S3_217895091,3,217895091,NA,NA,NA,NA
S1_67077524,1,67077524,NA,NA,NA,NA
S9_107622519,9,107622519,NA,NA,NA,NA
S10_96393466,10,96393466,NA,NA,NA,NA
S10_115146777,10,115146777,NA,NA,NA,NA
S10_1322448,10,1322448,NA,NA,NA,NA
S5_150626255,5,150626255,NA,NA,NA,NA
S1_298863669,1,298863669,NA,NA,NA,NA
S5_29918572,5,29918572,NA,NA,NA,NA
S1_270669124,1,270669124,NA,NA,NA,NA
S4_37012617,4,37012617,NA,NA,NA,NA
S4_157920239,4,157920239,NA,NA,NA,NA
S3_151940857,3,151940857,NA,NA,NA,NA
S3_151940858,3,151940858,NA,NA,NA,NA
S7_130247686,7,130247686,NA,NA,NA,NA
S5_76377792,5,76377792,NA,NA,NA,NA
S1_290201011,1,290201011,NA,NA,NA,NA
S4_77451158,4,77451158,NA,NA,NA,NA
S4_41661928,4,41661928,NA,NA,NA,NA
S5_59726168,5,59726168,NA,NA,NA,NA
S4_234397038,4,234397038,NA,NA,NA,NA
S4_194493318,4,194493318,NA,NA,NA,NA
S5_63229728,5,63229728,NA,NA,NA,NA
S10_144528711,10,144528711,NA,NA,NA,NA
S4_166911372,4,166911372,NA,NA,NA,NA
S6_140675365,6,140675365,NA,NA,NA,NA
S6_139855529,6,139855529,NA,NA,NA,NA
S2_197381947,2,197381947,NA,NA,NA,NA
S1_285785122,1,285785122,NA,NA,NA,NA
S3_4667937,3,4667937,NA,NA,NA,NA
S8_106235558,8,106235558,NA,NA,NA,NA
S1_217252476,1,217252476,NA,NA,NA,NA
S10_138262034,10,138262034,NA,NA,NA,NA
S4_195796823,4,195796823,NA,NA,NA,NA
S4_80076031,4,80076031,NA,NA,NA,NA
S5_210867156,5,210867156,NA,NA,NA,NA
S5_76219419,5,76219419,NA,NA,NA,NA
S8_25879039,8,25879039,NA,NA,NA,NA
S2_5513865,2,5513865,NA,NA,NA,NA
S1_216762605,1,216762605,NA,NA,NA,NA
S4_157920486,4,157920486,NA,NA,NA,NA
S1_85714906,1,85714906,NA,NA,NA,NA
S7_140105056,7,140105056,NA,NA,NA,NA
S3_14685414,3,14685414,NA,NA,NA,NA
S1_270560063,1,270560063,NA,NA,NA,NA
S4_177434304,4,177434304,NA,NA,NA,NA
S4_193155791,4,193155791,NA,NA,NA,NA
S7_147340201,7,147340201,NA,NA,NA,NA
S2_61303607,2,61303607,NA,NA,NA,NA
S5_214074626,5,214074626,NA,NA,NA,NA
S5_54735010,5,54735010,NA,NA,NA,NA
S9_150649188,9,150649188,NA,NA,NA,NA
S7_1318316,7,1318316,NA,NA,NA,NA
S4_170790037,4,170790037,NA,NA,NA,NA
S5_205825080,5,205825080,NA,NA,NA,NA
S5_205825088,5,205825088,NA,NA,NA,NA
S3_209724592,3,209724592,NA,NA,NA,NA
S4_189815210,4,189815210,NA,NA,NA,NA
S4_189815211,4,189815211,NA,NA,NA,NA
S5_29918506,5,29918506,NA,NA,NA,NA
S7_13571989,7,13571989,NA,NA,NA,NA
S3_204694077,3,204694077,NA,NA,NA,NA
S4_50160371,4,50160371,NA,NA,NA,NA
S5_74657119,5,74657119,NA,NA,NA,NA
S5_62026717,5,62026717,NA,NA,NA,NA
S1_267198867,1,267198867,NA,NA,NA,NA
S1_267198879,1,267198879,NA,NA,NA,NA
S3_13688896,3,13688896,NA,NA,NA,NA
S2_5563313,2,5563313,NA,NA,NA,NA
S10_125849058,10,125849058,NA,NA,NA,NA
S3_213799899,3,213799899,NA,NA,NA,NA
S8_154383853,8,154383853,NA,NA,NA,NA
S2_6010027,2,6010027,NA,NA,NA,NA
S1_2469048,1,2469048,NA,NA,NA,NA
S1_2469082,1,2469082,NA,NA,NA,NA
S7_152064379,7,152064379,NA,NA,NA,NA
S4_143804214,4,143804214,NA,NA,NA,NA
S10_1322427,10,1322427,NA,NA,NA,NA
S10_1322431,10,1322431,NA,NA,NA,NA
S5_70046096,5,70046096,NA,NA,NA,NA
S2_198407355,2,198407355,NA,NA,NA,NA
S4_204062047,4,204062047,NA,NA,NA,NA
S1_259223359,1,259223359,NA,NA,NA,NA
S5_172396661,5,172396661,NA,NA,NA,NA
S10_4687532,10,4687532,NA,NA,NA,NA
S2_148879500,2,148879500,NA,NA,NA,NA
S7_174248411,7,174248411,NA,NA,NA,NA
S7_174248412,7,174248412,NA,NA,NA,NA
S5_193537622,5,193537622,NA,NA,NA,NA
S8_14843320,8,14843320,NA,NA,NA,NA
S8_146060103,8,146060103,NA,NA,NA,NA
S9_150649190,9,150649190,NA,NA,NA,NA
S5_208900593,5,208900593,NA,NA,NA,NA
S3_210138748,3,210138748,NA,NA,NA,NA
S7_726145,7,726145,NA,NA,NA,NA
S7_163793591,7,163793591,NA,NA,NA,NA
S1_207528558,1,207528558,NA,NA,NA,NA
S8_166901018,8,166901018,NA,NA,NA,NA
S5_26600504,5,26600504,NA,NA,NA,NA
S7_160598989,7,160598989,NA,NA,NA,NA
S3_58536246,3,58536246,NA,NA,NA,NA
S2_923555,2,923555,NA,NA,NA,NA
S3_225825347,3,225825347,NA,NA,NA,NA
S4_157207963,4,157207963,NA,NA,NA,NA
S1_285785152,1,285785152,NA,NA,NA,NA
S3_43360212,3,43360212,NA,NA,NA,NA
S7_25900352,7,25900352,NA,NA,NA,NA
S1_278649996,1,278649996,NA,NA,NA,NA
S7_86190376,7,86190376,NA,NA,NA,NA
S9_144884838,9,144884838,NA,NA,NA,NA
S9_126675537,9,126675537,NA,NA,NA,NA
S4_159994473,4,159994473,NA,NA,NA,NA
S5_180185439,5,180185439,NA,NA,NA,NA
S2_232361461,2,232361461,NA,NA,NA,NA
S1_276539461,1,276539461,NA,NA,NA,NA
S4_65591350,4,65591350,NA,NA,NA,NA
S3_217665863,3,217665863,NA,NA,NA,NA
S7_99538643,7,99538643,NA,NA,NA,NA
S8_18897525,8,18897525,NA,NA,NA,NA
S3_173283047,3,173283047,NA,NA,NA,NA
S10_145275186,10,145275186,NA,NA,NA,NA
S8_29547010,8,29547010,NA,NA,NA,NA
S2_232107362,2,232107362,NA,NA,NA,NA
S6_35179050,6,35179050,NA,NA,NA,NA
S6_147337101,6,147337101,NA,NA,NA,NA
S3_214368178,3,214368178,NA,NA,NA,NA
S10_132543037,10,132543037,NA,NA,NA,NA
S1_273309532,1,273309532,NA,NA,NA,NA
S5_8331697,5,8331697,NA,NA,NA,NA
S3_29652394,3,29652394,NA,NA,NA,NA
S3_186844199,3,186844199,NA,NA,NA,NA
S7_170129431,7,170129431,NA,NA,NA,NA
S1_60479344,1,60479344,NA,NA,NA,NA
S6_114057306,6,114057306,NA,NA,NA,NA
S1_162351585,1,162351585,NA,NA,NA,NA
S6_115309213,6,115309213,NA,NA,NA,NA
S10_14974680,10,14974680,NA,NA,NA,NA
S4_216863047,4,216863047,NA,NA,NA,NA
S10_114853294,10,114853294,NA,NA,NA,NA
S4_163855088,4,163855088,NA,NA,NA,NA
S3_165468732,3,165468732,NA,NA,NA,NA
S4_237141908,4,237141908,NA,NA,NA,NA
S6_111680619,6,111680619,NA,NA,NA,NA
S3_122075829,3,122075829,NA,NA,NA,NA
S2_224909479,2,224909479,NA,NA,NA,NA
S1_232527825,1,232527825,NA,NA,NA,NA
S3_206676074,3,206676074,NA,NA,NA,NA
S7_93095280,7,93095280,NA,NA,NA,NA
S10_82041409,10,82041409,NA,NA,NA,NA
S8_27220841,8,27220841,NA,NA,NA,NA
S1_285340441,1,285340441,NA,NA,NA,NA
S6_118270279,6,118270279,NA,NA,NA,NA
S5_7261098,5,7261098,NA,NA,NA,NA
S8_168940857,8,168940857,NA,NA,NA,NA
S8_168940858,8,168940858,NA,NA,NA,NA
S4_191115392,4,191115392,NA,NA,NA,NA
S2_223184521,2,223184521,NA,NA,NA,NA
S3_194048392,3,194048392,NA,NA,NA,NA
S7_161955850,7,161955850,NA,NA,NA,NA
S2_55905285,2,55905285,NA,NA,NA,NA
S8_120609633,8,120609633,NA,NA,NA,NA
S9_152649983,9,152649983,NA,NA,NA,NA
S3_173689355,3,173689355,NA,NA,NA,NA
S10_49984300,10,49984300,NA,NA,NA,NA
S6_112435657,6,112435657,NA,NA,NA,NA
S7_1956822,7,1956822,NA,NA,NA,NA
S4_34803771,4,34803771,NA,NA,NA,NA
S9_149785434,9,149785434,NA,NA,NA,NA
S4_184159378,4,184159378,NA,NA,NA,NA
S10_144528700,10,144528700,NA,NA,NA,NA
S4_166347834,4,166347834,NA,NA,NA,NA
S4_166347835,4,166347835,NA,NA,NA,NA
S6_166170747,6,166170747,NA,NA,NA,NA
S3_206943390,3,206943390,NA,NA,NA,NA
S8_173243109,8,173243109,NA,NA,NA,NA
S1_4749578,1,4749578,NA,NA,NA,NA
S4_202761727,4,202761727,NA,NA,NA,NA
S1_236789446,1,236789446,NA,NA,NA,NA
S10_131794191,10,131794191,NA,NA,NA,NA
S3_34671975,3,34671975,NA,NA,NA,NA
S3_34671977,3,34671977,NA,NA,NA,NA
S1_225577365,1,225577365,NA,NA,NA,NA
S3_140125034,3,140125034,NA,NA,NA,NA
S9_146911274,9,146911274,NA,NA,NA,NA
S1_244119883,1,244119883,NA,NA,NA,NA
S9_144881314,9,144881314,NA,NA,NA,NA
S3_88708921,3,88708921,NA,NA,NA,NA
S6_124842453,6,124842453,NA,NA,NA,NA
S7_2583141,7,2583141,NA,NA,NA,NA
S5_212178425,5,212178425,NA,NA,NA,NA
S1_2784213,1,2784213,NA,NA,NA,NA
S2_200892020,2,200892020,NA,NA,NA,NA
S3_210981008,3,210981008,NA,NA,NA,NA
S2_235446792,2,235446792,NA,NA,NA,NA
S8_159018780,8,159018780,NA,NA,NA,NA
S6_102226219,6,102226219,NA,NA,NA,NA
S9_141543376,9,141543376,NA,NA,NA,NA
S7_2156859,7,2156859,NA,NA,NA,NA
S2_193815520,2,193815520,NA,NA,NA,NA
S9_41753749,9,41753749,NA,NA,NA,NA
S4_237450655,4,237450655,NA,NA,NA,NA
S3_36949014,3,36949014,NA,NA,NA,NA
S1_8541287,1,8541287,NA,NA,NA,NA
S10_82025206,10,82025206,NA,NA,NA,NA
S5_80969498,5,80969498,NA,NA,NA,NA
S10_146670108,10,146670108,NA,NA,NA,NA
S4_200837734,4,200837734,NA,NA,NA,NA
S8_11484485,8,11484485,NA,NA,NA,NA
S10_9532317,10,9532317,NA,NA,NA,NA
S4_77982471,4,77982471,NA,NA,NA,NA
S6_141043797,6,141043797,NA,NA,NA,NA
S6_141043810,6,141043810,NA,NA,NA,NA
S2_17544233,2,17544233,NA,NA,NA,NA
S4_80076029,4,80076029,NA,NA,NA,NA
S8_120609629,8,120609629,NA,NA,NA,NA
S7_6126451,7,6126451,NA,NA,NA,NA
S10_126588115,10,126588115,NA,NA,NA,NA
S1_276673874,1,276673874,NA,NA,NA,NA
S5_196934389,5,196934389,NA,NA,NA,NA
S1_75202749,1,75202749,NA,NA,NA,NA
S2_178385097,2,178385097,NA,NA,NA,NA
S3_181005706,3,181005706,NA,NA,NA,NA
S4_30932172,4,30932172,NA,NA,NA,NA
S4_189034084,4,189034084,NA,NA,NA,NA
S7_25781927,7,25781927,NA,NA,NA,NA
S5_62027316,5,62027316,NA,NA,NA,NA
S10_83835258,10,83835258,NA,NA,NA,NA
S4_235761864,4,235761864,NA,NA,NA,NA
S9_23326769,9,23326769,NA,NA,NA,NA
S3_220844515,3,220844515,NA,NA,NA,NA
S3_3707642,3,3707642,NA,NA,NA,NA
S5_30101022,5,30101022,NA,NA,NA,NA
S5_80835473,5,80835473,NA,NA,NA,NA
S1_2803686,1,2803686,NA,NA,NA,NA
S10_132915275,10,132915275,NA,NA,NA,NA
S4_65746724,4,65746724,NA,NA,NA,NA
S1_58473254,1,58473254,NA,NA,NA,NA
S3_196150555,3,196150555,NA,NA,NA,NA
S4_157210559,4,157210559,NA,NA,NA,NA
S4_68797666,4,68797666,NA,NA,NA,NA
S9_41673023,9,41673023,NA,NA,NA,NA
S3_5885090,3,5885090,NA,NA,NA,NA
S9_116680265,9,116680265,NA,NA,NA,NA
S3_13484401,3,13484401,NA,NA,NA,NA
S1_285785107,1,285785107,NA,NA,NA,NA
S8_154760970,8,154760970,NA,NA,NA,NA
S4_40700576,4,40700576,NA,NA,NA,NA
S3_188514332,3,188514332,NA,NA,NA,NA
S4_234405073,4,234405073,NA,NA,NA,NA
S2_88374635,2,88374635,NA,NA,NA,NA
S7_160023487,7,160023487,NA,NA,NA,NA
S10_138262054,10,138262054,NA,NA,NA,NA
S9_144884849,9,144884849,NA,NA,NA,NA
S9_144884854,9,144884854,NA,NA,NA,NA
S10_133332889,10,133332889,NA,NA,NA,NA
S7_28262793,7,28262793,NA,NA,NA,NA
S3_184817898,3,184817898,NA,NA,NA,NA
S2_198407373,2,198407373,NA,NA,NA,NA
S2_191439996,2,191439996,NA,NA,NA,NA
S2_163679675,2,163679675,NA,NA,NA,NA
S10_14974684,10,14974684,NA,NA,NA,NA
S9_128127275,9,128127275,NA,NA,NA,NA
S4_37021523,4,37021523,NA,NA,NA,NA
S4_193758727,4,193758727,NA,NA,NA,NA
S4_154171675,4,154171675,NA,NA,NA,NA
S6_135000262,6,135000262,NA,NA,NA,NA
S9_46388666,9,46388666,NA,NA,NA,NA
S9_46388677,9,46388677,NA,NA,NA,NA
S3_210261023,3,210261023,NA,NA,NA,NA
S4_174466786,4,174466786,NA,NA,NA,NA
S2_3410336,2,3410336,NA,NA,NA,NA
S8_170136455,8,170136455,NA,NA,NA,NA
S8_170136475,8,170136475,NA,NA,NA,NA
S4_83572578,4,83572578,NA,NA,NA,NA
S2_6983795,2,6983795,NA,NA,NA,NA
S8_18231928,8,18231928,NA,NA,NA,NA
S7_130887364,7,130887364,NA,NA,NA,NA
S2_209126136,2,209126136,NA,NA,NA,NA
S2_28000905,2,28000905,NA,NA,NA,NA
S9_45707310,9,45707310,NA,NA,NA,NA
S3_215471292,3,215471292,NA,NA,NA,NA
S1_254797938,1,254797938,NA,NA,NA,NA
S6_6430741,6,6430741,NA,NA,NA,NA
S3_14863959,3,14863959,NA,NA,NA,NA
S7_1789004,7,1789004,NA,NA,NA,NA
S9_131725366,9,131725366,NA,NA,NA,NA
S4_31674554,4,31674554,NA,NA,NA,NA
S3_215475112,3,215475112,NA,NA,NA,NA
S6_135536274,6,135536274,NA,NA,NA,NA
S9_147382701,9,147382701,NA,NA,NA,NA
S2_83552633,2,83552633,NA,NA,NA,NA
S9_77308843,9,77308843,NA,NA,NA,NA
S2_189721308,2,189721308,NA,NA,NA,NA
S4_199799016,4,199799016,NA,NA,NA,NA
S3_14863950,3,14863950,NA,NA,NA,NA
S8_133839300,8,133839300,NA,NA,NA,NA
S10_82206475,10,82206475,NA,NA,NA,NA
S1_253133237,1,253133237,NA,NA,NA,NA
S1_246547233,1,246547233,NA,NA,NA,NA
S1_246547236,1,246547236,NA,NA,NA,NA
S1_246547242,1,246547242,NA,NA,NA,NA
S9_142945357,9,142945357,NA,NA,NA,NA
S4_37273077,4,37273077,NA,NA,NA,NA
S5_6805480,5,6805480,NA,NA,NA,NA
S9_16725458,9,16725458,NA,NA,NA,NA
S5_203797120,5,203797120,NA,NA,NA,NA
S8_35002833,8,35002833,NA,NA,NA,NA
S3_17182160,3,17182160,NA,NA,NA,NA
S4_83033318,4,83033318,NA,NA,NA,NA
S4_240328690,4,240328690,NA,NA,NA,NA
S4_83197875,4,83197875,NA,NA,NA,NA
S4_83197886,4,83197886,NA,NA,NA,NA
S4_83197887,4,83197887,NA,NA,NA,NA
S4_78259497,4,78259497,NA,NA,NA,NA
S5_18276338,5,18276338,NA,NA,NA,NA
S5_18276394,5,18276394,NA,NA,NA,NA
S9_142945372,9,142945372,NA,NA,NA,NA
S7_7573528,7,7573528,NA,NA,NA,NA
S4_75694818,4,75694818,NA,NA,NA,NA
S10_132424212,10,132424212,NA,NA,NA,NA
S8_85309854,8,85309854,NA,NA,NA,NA
S8_85309869,8,85309869,NA,NA,NA,NA
S7_162799301,7,162799301,NA,NA,NA,NA
S5_3641192,5,3641192,NA,NA,NA,NA
S7_166168513,7,166168513,NA,NA,NA,NA
S2_29544251,2,29544251,NA,NA,NA,NA
S4_196242440,4,196242440,NA,NA,NA,NA
S3_142736509,3,142736509,NA,NA,NA,NA
S7_169443990,7,169443990,NA,NA,NA,NA
S1_4051463,1,4051463,NA,NA,NA,NA
S10_26985079,10,26985079,NA,NA,NA,NA
S3_146966676,3,146966676,NA,NA,NA,NA
S6_56812857,6,56812857,NA,NA,NA,NA
S6_56812862,6,56812862,NA,NA,NA,NA
S3_190441033,3,190441033,NA,NA,NA,NA
S1_2740924,1,2740924,NA,NA,NA,NA
S3_206943392,3,206943392,NA,NA,NA,NA
S8_140008769,8,140008769,NA,NA,NA,NA
S1_248750866,1,248750866,NA,NA,NA,NA
S9_143963358,9,143963358,NA,NA,NA,NA
S8_156771933,8,156771933,NA,NA,NA,NA
S1_62489914,1,62489914,NA,NA,NA,NA
S5_70870434,5,70870434,NA,NA,NA,NA
S1_242501731,1,242501731,NA,NA,NA,NA
S7_9709530,7,9709530,NA,NA,NA,NA
S4_55083955,4,55083955,NA,NA,NA,NA
S1_258353234,1,258353234,NA,NA,NA,NA
S1_7697135,1,7697135,NA,NA,NA,NA
S2_40498454,2,40498454,NA,NA,NA,NA
S5_213349834,5,213349834,NA,NA,NA,NA
S8_170061975,8,170061975,NA,NA,NA,NA
S5_2522397,5,2522397,NA,NA,NA,NA
S1_225136693,1,225136693,NA,NA,NA,NA
S1_285340439,1,285340439,NA,NA,NA,NA
S5_9684482,5,9684482,NA,NA,NA,NA
S1_65351132,1,65351132,NA,NA,NA,NA
S5_60804319,5,60804319,NA,NA,NA,NA
S3_229741772,3,229741772,NA,NA,NA,NA
S5_61755296,5,61755296,NA,NA,NA,NA
S8_106749989,8,106749989,NA,NA,NA,NA
S1_265451366,1,265451366,NA,NA,NA,NA
S1_46413197,1,46413197,NA,NA,NA,NA
S5_178826760,5,178826760,NA,NA,NA,NA
S3_43360602,3,43360602,NA,NA,NA,NA
S5_9837459,5,9837459,NA,NA,NA,NA
S10_144315126,10,144315126,NA,NA,NA,NA
S4_126342483,4,126342483,NA,NA,NA,NA
S1_221486449,1,221486449,NA,NA,NA,NA
S10_66956580,10,66956580,NA,NA,NA,NA
S8_119369554,8,119369554,NA,NA,NA,NA
S8_119369555,8,119369555,NA,NA,NA,NA
S10_143500651,10,143500651,NA,NA,NA,NA
S9_152205232,9,152205232,NA,NA,NA,NA
S5_1727240,5,1727240,NA,NA,NA,NA
S2_231337522,2,231337522,NA,NA,NA,NA
S1_273100131,1,273100131,NA,NA,NA,NA
S1_253303703,1,253303703,NA,NA,NA,NA
S5_26444019,5,26444019,NA,NA,NA,NA
S9_147374453,9,147374453,NA,NA,NA,NA
S5_16217951,5,16217951,NA,NA,NA,NA
S3_204659076,3,204659076,NA,NA,NA,NA
S3_37092673,3,37092673,NA,NA,NA,NA
S4_172999537,4,172999537,NA,NA,NA,NA
S1_69889520,1,69889520,NA,NA,NA,NA
S10_123811287,10,123811287,NA,NA,NA,NA
S5_208558265,5,208558265,NA,NA,NA,NA
S10_15006559,10,15006559,NA,NA,NA,NA
S4_74639797,4,74639797,NA,NA,NA,NA
S6_155453090,6,155453090,NA,NA,NA,NA
S3_209028351,3,209028351,NA,NA,NA,NA
S2_61470544,2,61470544,NA,NA,NA,NA
S7_129476736,7,129476736,NA,NA,NA,NA
S7_129476738,7,129476738,NA,NA,NA,NA
S7_129476743,7,129476743,NA,NA,NA,NA
S7_129476745,7,129476745,NA,NA,NA,NA
S7_129476747,7,129476747,NA,NA,NA,NA
S6_147225115,6,147225115,NA,NA,NA,NA
S1_296773635,1,296773635,NA,NA,NA,NA
S2_202130545,2,202130545,NA,NA,NA,NA
S1_287722726,1,287722726,NA,NA,NA,NA
S2_38705460,2,38705460,NA,NA,NA,NA
S6_118601379,6,118601379,NA,NA,NA,NA
S10_126646930,10,126646930,NA,NA,NA,NA
S5_200293693,5,200293693,NA,NA,NA,NA
S10_133332896,10,133332896,NA,NA,NA,NA
S2_189444351,2,189444351,NA,NA,NA,NA
S5_89862871,5,89862871,NA,NA,NA,NA
S1_263652245,1,263652245,NA,NA,NA,NA
S10_145949669,10,145949669,NA,NA,NA,NA
S7_34636549,7,34636549,NA,NA,NA,NA
S4_157207945,4,157207945,NA,NA,NA,NA
S3_225825403,3,225825403,NA,NA,NA,NA
S5_56356218,5,56356218,NA,NA,NA,NA
S10_144934798,10,144934798,NA,NA,NA,NA
S10_144934801,10,144934801,NA,NA,NA,NA
S7_99090167,7,99090167,NA,NA,NA,NA
S1_248735581,1,248735581,NA,NA,NA,NA
S4_199711857,4,199711857,NA,NA,NA,NA
S5_14138394,5,14138394,NA,NA,NA,NA
S1_242501726,1,242501726,NA,NA,NA,NA
S7_773296,7,773296,NA,NA,NA,NA
S9_97737448,9,97737448,NA,NA,NA,NA
S6_142825521,6,142825521,NA,NA,NA,NA
S1_265592539,1,265592539,NA,NA,NA,NA
S4_231411889,4,231411889,NA,NA,NA,NA
S10_134095988,10,134095988,NA,NA,NA,NA
S6_124842450,6,124842450,NA,NA,NA,NA
S4_16979585,4,16979585,NA,NA,NA,NA
S7_104176151,7,104176151,NA,NA,NA,NA
S3_144216595,3,144216595,NA,NA,NA,NA
S3_144216635,3,144216635,NA,NA,NA,NA
S7_5146124,7,5146124,NA,NA,NA,NA
S7_5146149,7,5146149,NA,NA,NA,NA
S3_141299355,3,141299355,NA,NA,NA,NA
S4_65746705,4,65746705,NA,NA,NA,NA
S7_1317659,7,1317659,NA,NA,NA,NA
S2_59011971,2,59011971,NA,NA,NA,NA
S5_214287722,5,214287722,NA,NA,NA,NA
S2_189821280,2,189821280,NA,NA,NA,NA
S9_154601426,9,154601426,NA,NA,NA,NA
S8_18897506,8,18897506,NA,NA,NA,NA
S4_60024473,4,60024473,NA,NA,NA,NA
S1_15990247,1,15990247,NA,NA,NA,NA
S1_35581555,1,35581555,NA,NA,NA,NA
S5_7702472,5,7702472,NA,NA,NA,NA
S5_199389655,5,199389655,NA,NA,NA,NA
S9_135392726,9,135392726,NA,NA,NA,NA
S10_127988227,10,127988227,NA,NA,NA,NA
S6_104268505,6,104268505,NA,NA,NA,NA
S2_9587418,2,9587418,NA,NA,NA,NA
S5_19886639,5,19886639,NA,NA,NA,NA
S9_131725378,9,131725378,NA,NA,NA,NA
S2_232987783,2,232987783,NA,NA,NA,NA
S7_108482009,7,108482009,NA,NA,NA,NA
S8_154106895,8,154106895,NA,NA,NA,NA
S2_9442975,2,9442975,NA,NA,NA,NA
S3_91485449,3,91485449,NA,NA,NA,NA
S4_6603008,4,6603008,NA,NA,NA,NA
S5_43648901,5,43648901,NA,NA,NA,NA
S1_239612718,1,239612718,NA,NA,NA,NA
S4_36040692,4,36040692,NA,NA,NA,NA
S5_80835454,5,80835454,NA,NA,NA,NA
S7_86698887,7,86698887,NA,NA,NA,NA
S10_131891944,10,131891944,NA,NA,NA,NA
S1_45513382,1,45513382,NA,NA,NA,NA
S3_228998452,3,228998452,NA,NA,NA,NA
S1_119412575,1,119412575,NA,NA,NA,NA
S9_129185792,9,129185792,NA,NA,NA,NA
S5_5254438,5,5254438,NA,NA,NA,NA
S2_44721856,2,44721856,NA,NA,NA,NA
S2_44721885,2,44721885,NA,NA,NA,NA
S1_233231366,1,233231366,NA,NA,NA,NA
S7_152064330,7,152064330,NA,NA,NA,NA
S2_12352750,2,12352750,NA,NA,NA,NA
S7_163597837,7,163597837,NA,NA,NA,NA
S2_236610390,2,236610390,NA,NA,NA,NA
S3_6433220,3,6433220,NA,NA,NA,NA
S8_160099269,8,160099269,NA,NA,NA,NA
S1_220848742,1,220848742,NA,NA,NA,NA
S7_41054713,7,41054713,NA,NA,NA,NA
S4_2411259,4,2411259,NA,NA,NA,NA
S8_170787617,8,170787617,NA,NA,NA,NA
S7_16280004,7,16280004,NA,NA,NA,NA
S7_97623209,7,97623209,NA,NA,NA,NA
S3_227225460,3,227225460,NA,NA,NA,NA
S7_15321400,7,15321400,NA,NA,NA,NA
S4_24905927,4,24905927,NA,NA,NA,NA
S9_16727365,9,16727365,NA,NA,NA,NA
S2_22947385,2,22947385,NA,NA,NA,NA
S1_41430579,1,41430579,NA,NA,NA,NA
S4_32605546,4,32605546,NA,NA,NA,NA
S2_217012175,2,217012175,NA,NA,NA,NA
S1_217252363,1,217252363,NA,NA,NA,NA
S6_112802739,6,112802739,NA,NA,NA,NA
S3_130686788,3,130686788,NA,NA,NA,NA
S2_1435571,2,1435571,NA,NA,NA,NA
S2_9549772,2,9549772,NA,NA,NA,NA
S4_39328864,4,39328864,NA,NA,NA,NA
S10_132245294,10,132245294,NA,NA,NA,NA
S10_126930447,10,126930447,NA,NA,NA,NA
S9_19162028,9,19162028,NA,NA,NA,NA
S3_19655720,3,19655720,NA,NA,NA,NA
S4_86879208,4,86879208,NA,NA,NA,NA
S4_80076036,4,80076036,NA,NA,NA,NA
S10_13555066,10,13555066,NA,NA,NA,NA
S7_161805355,7,161805355,NA,NA,NA,NA
S3_230179628,3,230179628,NA,NA,NA,NA
S10_118963253,10,118963253,NA,NA,NA,NA
S5_10493718,5,10493718,NA,NA,NA,NA
S9_13917313,9,13917313,NA,NA,NA,NA
S4_834070,4,834070,NA,NA,NA,NA
S10_12601102,10,12601102,NA,NA,NA,NA
S7_129476751,7,129476751,NA,NA,NA,NA
S3_179225923,3,179225923,NA,NA,NA,NA
S8_65788243,8,65788243,NA,NA,NA,NA
S3_122515114,3,122515114,NA,NA,NA,NA
S7_93086803,7,93086803,NA,NA,NA,NA
S3_48300031,3,48300031,NA,NA,NA,NA
S8_127579458,8,127579458,NA,NA,NA,NA
S1_254797962,1,254797962,NA,NA,NA,NA
S3_160516096,3,160516096,NA,NA,NA,NA
S1_257186818,1,257186818,NA,NA,NA,NA
S3_152494453,3,152494453,NA,NA,NA,NA
S6_149124819,6,149124819,NA,NA,NA,NA
S1_299043306,1,299043306,NA,NA,NA,NA
S1_210525053,1,210525053,NA,NA,NA,NA
S2_206948325,2,206948325,NA,NA,NA,NA
S7_158754285,7,158754285,NA,NA,NA,NA
S2_229420155,2,229420155,NA,NA,NA,NA
S3_10522302,3,10522302,NA,NA,NA,NA
S3_10522315,3,10522315,NA,NA,NA,NA
S10_133332905,10,133332905,NA,NA,NA,NA
S10_137460542,10,137460542,NA,NA,NA,NA
S10_108117895,10,108117895,NA,NA,NA,NA
S8_163903790,8,163903790,NA,NA,NA,NA
S9_147382696,9,147382696,NA,NA,NA,NA
S3_227916430,3,227916430,NA,NA,NA,NA
S10_144321766,10,144321766,NA,NA,NA,NA
S1_2740937,1,2740937,NA,NA,NA,NA
S2_12890077,2,12890077,NA,NA,NA,NA
S4_174303214,4,174303214,NA,NA,NA,NA
S3_159801004,3,159801004,NA,NA,NA,NA
S8_60228472,8,60228472,NA,NA,NA,NA
S1_11477255,1,11477255,NA,NA,NA,NA
S1_11477256,1,11477256,NA,NA,NA,NA
S1_11477257,1,11477257,NA,NA,NA,NA
S1_11477254,1,11477254,NA,NA,NA,NA
S2_120404299,2,120404299,NA,NA,NA,NA
S3_185972785,3,185972785,NA,NA,NA,NA
S3_8302621,3,8302621,NA,NA,NA,NA
S2_203605205,2,203605205,NA,NA,NA,NA
S9_17667914,9,17667914,NA,NA,NA,NA
S3_205362684,3,205362684,NA,NA,NA,NA
S4_238308106,4,238308106,NA,NA,NA,NA
S7_129476740,7,129476740,NA,NA,NA,NA
S1_52161960,1,52161960,NA,NA,NA,NA
S2_6151808,2,6151808,NA,NA,NA,NA
S8_168480329,8,168480329,NA,NA,NA,NA
S1_273309568,1,273309568,NA,NA,NA,NA
S6_87119448,6,87119448,NA,NA,NA,NA
S5_74451449,5,74451449,NA,NA,NA,NA
S10_15208871,10,15208871,NA,NA,NA,NA
S10_15208872,10,15208872,NA,NA,NA,NA
S6_158470942,6,158470942,NA,NA,NA,NA
S6_165536686,6,165536686,NA,NA,NA,NA
S9_131520234,9,131520234,NA,NA,NA,NA
S3_219739823,3,219739823,NA,NA,NA,NA
S5_26443971,5,26443971,NA,NA,NA,NA
S8_155981806,8,155981806,NA,NA,NA,NA
S10_9473070,10,9473070,NA,NA,NA,NA
S5_5212954,5,5212954,NA,NA,NA,NA
S6_82764692,6,82764692,NA,NA,NA,NA
S10_147898881,10,147898881,NA,NA,NA,NA
S5_198780658,5,198780658,NA,NA,NA,NA
S3_76139777,3,76139777,NA,NA,NA,NA
S9_124758580,9,124758580,NA,NA,NA,NA
S5_7261322,5,7261322,NA,NA,NA,NA
S5_80969492,5,80969492,NA,NA,NA,NA
S1_26693198,1,26693198,NA,NA,NA,NA
S1_29033965,1,29033965,NA,NA,NA,NA
S3_215764669,3,215764669,NA,NA,NA,NA
S9_139513932,9,139513932,NA,NA,NA,NA
S1_273100086,1,273100086,NA,NA,NA,NA
S1_273100089,1,273100089,NA,NA,NA,NA
S8_164865925,8,164865925,NA,NA,NA,NA
S2_199165219,2,199165219,NA,NA,NA,NA
S1_281642764,1,281642764,NA,NA,NA,NA
S5_57431692,5,57431692,NA,NA,NA,NA
S4_147915689,4,147915689,NA,NA,NA,NA
S2_30810844,2,30810844,NA,NA,NA,NA
S1_234219196,1,234219196,NA,NA,NA,NA
S1_258441125,1,258441125,NA,NA,NA,NA
S1_81579676,1,81579676,NA,NA,NA,NA
S10_26985078,10,26985078,NA,NA,NA,NA
S3_227225457,3,227225457,NA,NA,NA,NA
S1_234219199,1,234219199,NA,NA,NA,NA
S6_134469173,6,134469173,NA,NA,NA,NA
S7_135891514,7,135891514,NA,NA,NA,NA
S8_141996666,8,141996666,NA,NA,NA,NA
S1_250294800,1,250294800,NA,NA,NA,NA
S4_166913807,4,166913807,NA,NA,NA,NA
S2_207032311,2,207032311,NA,NA,NA,NA
S8_134904119,8,134904119,NA,NA,NA,NA
S7_108846105,7,108846105,NA,NA,NA,NA
S5_174218953,5,174218953,NA,NA,NA,NA
S4_126474051,4,126474051,NA,NA,NA,NA
S3_161855444,3,161855444,NA,NA,NA,NA
S5_199389829,5,199389829,NA,NA,NA,NA
S4_173719478,4,173719478,NA,NA,NA,NA
S4_173719484,4,173719484,NA,NA,NA,NA
S5_169680719,5,169680719,NA,NA,NA,NA
S9_97737489,9,97737489,NA,NA,NA,NA
S8_146061093,8,146061093,NA,NA,NA,NA
S1_285777586,1,285777586,NA,NA,NA,NA
S6_148780878,6,148780878,NA,NA,NA,NA
S6_148780888,6,148780888,NA,NA,NA,NA
S3_199027861,3,199027861,NA,NA,NA,NA
S4_234572467,4,234572467,NA,NA,NA,NA
S4_234572468,4,234572468,NA,NA,NA,NA
S8_158098965,8,158098965,NA,NA,NA,NA
S8_6026032,8,6026032,NA,NA,NA,NA
S10_137479889,10,137479889,NA,NA,NA,NA
S4_18687248,4,18687248,NA,NA,NA,NA
S6_133799288,6,133799288,NA,NA,NA,NA
S1_70578167,1,70578167,NA,NA,NA,NA
S6_153243011,6,153243011,NA,NA,NA,NA
S4_211045850,4,211045850,NA,NA,NA,NA
S2_205493553,2,205493553,NA,NA,NA,NA
S9_144881304,9,144881304,NA,NA,NA,NA
S3_215373684,3,215373684,NA,NA,NA,NA
S3_215373690,3,215373690,NA,NA,NA,NA
S10_145095725,10,145095725,NA,NA,NA,NA
S2_213951581,2,213951581,NA,NA,NA,NA
S9_139856306,9,139856306,NA,NA,NA,NA
S4_154094852,4,154094852,NA,NA,NA,NA
S4_56178913,4,56178913,NA,NA,NA,NA
S2_234264119,2,234264119,NA,NA,NA,NA
S7_86698888,7,86698888,NA,NA,NA,NA
S5_114095527,5,114095527,NA,NA,NA,NA
S6_36948398,6,36948398,NA,NA,NA,NA
S2_2051890,2,2051890,NA,NA,NA,NA
S4_40692703,4,40692703,NA,NA,NA,NA
S8_113873966,8,113873966,NA,NA,NA,NA
S8_127722189,8,127722189,NA,NA,NA,NA
S6_120019772,6,120019772,NA,NA,NA,NA
S5_76428313,5,76428313,NA,NA,NA,NA
S5_76428342,5,76428342,NA,NA,NA,NA
S1_3029136,1,3029136,NA,NA,NA,NA
S7_174517904,7,174517904,NA,NA,NA,NA
S2_3782395,2,3782395,NA,NA,NA,NA
S8_1448516,8,1448516,NA,NA,NA,NA
S1_61016642,1,61016642,NA,NA,NA,NA
S5_36948702,5,36948702,NA,NA,NA,NA
S8_152970103,8,152970103,NA,NA,NA,NA
S5_19709941,5,19709941,NA,NA,NA,NA
S6_164566704,6,164566704,NA,NA,NA,NA
S10_1714599,10,1714599,NA,NA,NA,NA
S7_106647574,7,106647574,NA,NA,NA,NA
S8_149197618,8,149197618,NA,NA,NA,NA
S9_151630931,9,151630931,NA,NA,NA,NA
S7_8930324,7,8930324,NA,NA,NA,NA
S6_147727290,6,147727290,NA,NA,NA,NA
S3_196866619,3,196866619,NA,NA,NA,NA
S1_277151604,1,277151604,NA,NA,NA,NA
S3_123862882,3,123862882,NA,NA,NA,NA
S10_137192870,10,137192870,NA,NA,NA,NA
S5_180733024,5,180733024,NA,NA,NA,NA
S5_31881519,5,31881519,NA,NA,NA,NA
S1_164504507,1,164504507,NA,NA,NA,NA
S3_73001973,3,73001973,NA,NA,NA,NA
S8_169191342,8,169191342,NA,NA,NA,NA
S4_25464458,4,25464458,NA,NA,NA,NA
S1_60479239,1,60479239,NA,NA,NA,NA
S5_188825451,5,188825451,NA,NA,NA,NA
S10_9214837,10,9214837,NA,NA,NA,NA
S1_201485074,1,201485074,NA,NA,NA,NA
S6_147512866,6,147512866,NA,NA,NA,NA
S1_217897235,1,217897235,NA,NA,NA,NA
S3_41401500,3,41401500,NA,NA,NA,NA
S7_103876938,7,103876938,NA,NA,NA,NA
S10_130205345,10,130205345,NA,NA,NA,NA
S8_136092508,8,136092508,NA,NA,NA,NA
S5_76633652,5,76633652,NA,NA,NA,NA
S5_166934277,5,166934277,NA,NA,NA,NA
S10_66956578,10,66956578,NA,NA,NA,NA
S5_200938601,5,200938601,NA,NA,NA,NA
S2_38705575,2,38705575,NA,NA,NA,NA
S3_119638562,3,119638562,NA,NA,NA,NA
S10_126027530,10,126027530,NA,NA,NA,NA
S10_82044917,10,82044917,NA,NA,NA,NA
S3_174364795,3,174364795,NA,NA,NA,NA
S3_205409214,3,205409214,NA,NA,NA,NA
S8_168917579,8,168917579,NA,NA,NA,NA
S2_3410333,2,3410333,NA,NA,NA,NA
S1_14510749,1,14510749,NA,NA,NA,NA
S7_2176418,7,2176418,NA,NA,NA,NA
S3_214794714,3,214794714,NA,NA,NA,NA
S5_17891733,5,17891733,NA,NA,NA,NA
S1_226539364,1,226539364,NA,NA,NA,NA
S4_162291767,4,162291767,NA,NA,NA,NA
S5_18152839,5,18152839,NA,NA,NA,NA
S5_197591429,5,197591429,NA,NA,NA,NA
S7_133892236,7,133892236,NA,NA,NA,NA
S4_194283526,4,194283526,NA,NA,NA,NA
S2_206050967,2,206050967,NA,NA,NA,NA
S5_176122238,5,176122238,NA,NA,NA,NA
S1_52091347,1,52091347,NA,NA,NA,NA
S4_10906079,4,10906079,NA,NA,NA,NA
S7_99090137,7,99090137,NA,NA,NA,NA
S6_7136416,6,7136416,NA,NA,NA,NA
S5_80969487,5,80969487,NA,NA,NA,NA
S3_88708848,3,88708848,NA,NA,NA,NA
S5_18152810,5,18152810,NA,NA,NA,NA
S5_18152831,5,18152831,NA,NA,NA,NA
S6_115290578,6,115290578,NA,NA,NA,NA
S2_87656520,2,87656520,NA,NA,NA,NA
S5_76428320,5,76428320,NA,NA,NA,NA
S1_12356699,1,12356699,NA,NA,NA,NA
S9_155976270,9,155976270,NA,NA,NA,NA
S5_914049,5,914049,NA,NA,NA,NA
S6_115076728,6,115076728,NA,NA,NA,NA
S3_196560203,3,196560203,NA,NA,NA,NA
S1_51895018,1,51895018,NA,NA,NA,NA
S4_185566213,4,185566213,NA,NA,NA,NA
S8_13203550,8,13203550,NA,NA,NA,NA
S8_4618900,8,4618900,NA,NA,NA,NA
S1_46125811,1,46125811,NA,NA,NA,NA
S2_213200907,2,213200907,NA,NA,NA,NA
S10_13470781,10,13470781,NA,NA,NA,NA
S2_86889445,2,86889445,NA,NA,NA,NA
S1_224373193,1,224373193,NA,NA,NA,NA
S10_133111681,10,133111681,NA,NA,NA,NA
S1_188906845,1,188906845,NA,NA,NA,NA
S6_31006173,6,31006173,NA,NA,NA,NA
S8_25879031,8,25879031,NA,NA,NA,NA
S4_36414536,4,36414536,NA,NA,NA,NA
S9_140773313,9,140773313,NA,NA,NA,NA
S5_16217226,5,16217226,NA,NA,NA,NA
S7_99090146,7,99090146,NA,NA,NA,NA
S8_118195180,8,118195180,NA,NA,NA,NA
S10_144919737,10,144919737,NA,NA,NA,NA
S8_149982641,8,149982641,NA,NA,NA,NA
S8_149982654,8,149982654,NA,NA,NA,NA
S7_140709870,7,140709870,NA,NA,NA,NA
S8_168953032,8,168953032,NA,NA,NA,NA
S6_96335972,6,96335972,NA,NA,NA,NA
S6_3677853,6,3677853,NA,NA,NA,NA
S3_186844166,3,186844166,NA,NA,NA,NA
S2_6335542,2,6335542,NA,NA,NA,NA
S10_53475005,10,53475005,NA,NA,NA,NA
S10_15006208,10,15006208,NA,NA,NA,NA
S2_6335530,2,6335530,NA,NA,NA,NA
S1_225136728,1,225136728,NA,NA,NA,NA
S1_222794706,1,222794706,NA,NA,NA,NA
S3_215479004,3,215479004,NA,NA,NA,NA
S8_168953033,8,168953033,NA,NA,NA,NA
S8_164011494,8,164011494,NA,NA,NA,NA
S3_15233234,3,15233234,NA,NA,NA,NA
S2_59012004,2,59012004,NA,NA,NA,NA
S1_166863840,1,166863840,NA,NA,NA,NA
S9_5994464,9,5994464,NA,NA,NA,NA
S3_204466244,3,204466244,NA,NA,NA,NA
S2_59011983,2,59011983,NA,NA,NA,NA
S6_30108080,6,30108080,NA,NA,NA,NA
S5_18371701,5,18371701,NA,NA,NA,NA
S6_36948397,6,36948397,NA,NA,NA,NA
S1_100908084,1,100908084,NA,NA,NA,NA
S6_131832400,6,131832400,NA,NA,NA,NA
S1_8560787,1,8560787,NA,NA,NA,NA
S9_141439727,9,141439727,NA,NA,NA,NA
S9_141439734,9,141439734,NA,NA,NA,NA
S10_139879735,10,139879735,NA,NA,NA,NA
S3_191840067,3,191840067,NA,NA,NA,NA
S7_30677804,7,30677804,NA,NA,NA,NA
S7_129965470,7,129965470,NA,NA,NA,NA
S1_263731648,1,263731648,NA,NA,NA,NA
S4_195962437,4,195962437,NA,NA,NA,NA
S1_278451270,1,278451270,NA,NA,NA,NA
S3_20746398,3,20746398,NA,NA,NA,NA
S1_273100164,1,273100164,NA,NA,NA,NA
S4_157208043,4,157208043,NA,NA,NA,NA
S4_131701427,4,131701427,NA,NA,NA,NA
S3_229034807,3,229034807,NA,NA,NA,NA
S3_229034820,3,229034820,NA,NA,NA,NA
S10_14910841,10,14910841,NA,NA,NA,NA
S6_135314004,6,135314004,NA,NA,NA,NA
S7_166667044,7,166667044,NA,NA,NA,NA
S4_162565448,4,162565448,NA,NA,NA,NA
S6_30108062,6,30108062,NA,NA,NA,NA
S5_184066652,5,184066652,NA,NA,NA,NA
S9_83962825,9,83962825,NA,NA,NA,NA
S6_21855047,6,21855047,NA,NA,NA,NA
S6_21855048,6,21855048,NA,NA,NA,NA
S8_125181626,8,125181626,NA,NA,NA,NA
S3_169520349,3,169520349,NA,NA,NA,NA
S1_249063618,1,249063618,NA,NA,NA,NA
S8_118674032,8,118674032,NA,NA,NA,NA
S7_45171032,7,45171032,NA,NA,NA,NA
S3_210978688,3,210978688,NA,NA,NA,NA
S5_197512675,5,197512675,NA,NA,NA,NA
S10_123811289,10,123811289,NA,NA,NA,NA
S6_118087399,6,118087399,NA,NA,NA,NA
S9_147513446,9,147513446,NA,NA,NA,NA
S1_46861755,1,46861755,NA,NA,NA,NA
S3_201093255,3,201093255,NA,NA,NA,NA
S3_197249615,3,197249615,NA,NA,NA,NA
S7_135833021,7,135833021,NA,NA,NA,NA
S8_123786605,8,123786605,NA,NA,NA,NA
S2_189632593,2,189632593,NA,NA,NA,NA
S2_3380901,2,3380901,NA,NA,NA,NA
S5_200318602,5,200318602,NA,NA,NA,NA
S2_45990005,2,45990005,NA,NA,NA,NA
S2_45990031,2,45990031,NA,NA,NA,NA
S2_170227523,2,170227523,NA,NA,NA,NA
S5_923712,5,923712,NA,NA,NA,NA
S9_130883248,9,130883248,NA,NA,NA,NA
S4_37098643,4,37098643,NA,NA,NA,NA
S1_279475950,1,279475950,NA,NA,NA,NA
S7_156739251,7,156739251,NA,NA,NA,NA
S3_60643861,3,60643861,NA,NA,NA,NA
S8_23662584,8,23662584,NA,NA,NA,NA
S5_175180653,5,175180653,NA,NA,NA,NA
S4_56312484,4,56312484,NA,NA,NA,NA
S4_162584196,4,162584196,NA,NA,NA,NA
S4_153847447,4,153847447,NA,NA,NA,NA
S2_222219945,2,222219945,NA,NA,NA,NA
S9_89811165,9,89811165,NA,NA,NA,NA
S3_215037401,3,215037401,NA,NA,NA,NA
S4_186841596,4,186841596,NA,NA,NA,NA
S2_196302847,2,196302847,NA,NA,NA,NA
S5_13809492,5,13809492,NA,NA,NA,NA
S4_78301541,4,78301541,NA,NA,NA,NA
S4_78301565,4,78301565,NA,NA,NA,NA
S1_285965825,1,285965825,NA,NA,NA,NA
S1_234219142,1,234219142,NA,NA,NA,NA
S3_181066439,3,181066439,NA,NA,NA,NA
S4_189041551,4,189041551,NA,NA,NA,NA
S8_19834169,8,19834169,NA,NA,NA,NA
S6_63435057,6,63435057,NA,NA,NA,NA
S8_107219935,8,107219935,NA,NA,NA,NA
S2_8993142,2,8993142,NA,NA,NA,NA
S7_154740923,7,154740923,NA,NA,NA,NA
S10_2227010,10,2227010,NA,NA,NA,NA
S4_149896839,4,149896839,NA,NA,NA,NA
S1_60149819,1,60149819,NA,NA,NA,NA
S10_115150043,10,115150043,NA,NA,NA,NA
S10_84488308,10,84488308,NA,NA,NA,NA
S6_120917177,6,120917177,NA,NA,NA,NA
S2_186201975,2,186201975,NA,NA,NA,NA
S2_60665863,2,60665863,NA,NA,NA,NA
S1_174374480,1,174374480,NA,NA,NA,NA
S7_104282701,7,104282701,NA,NA,NA,NA
S3_229303244,3,229303244,NA,NA,NA,NA
S7_7573558,7,7573558,NA,NA,NA,NA
S5_204911494,5,204911494,NA,NA,NA,NA
S1_47993337,1,47993337,NA,NA,NA,NA
S5_210867186,5,210867186,NA,NA,NA,NA
S1_225137462,1,225137462,NA,NA,NA,NA
S1_253382010,1,253382010,NA,NA,NA,NA
S4_240106178,4,240106178,NA,NA,NA,NA
S3_206532621,3,206532621,NA,NA,NA,NA
S6_129969757,6,129969757,NA,NA,NA,NA
S8_175698250,8,175698250,NA,NA,NA,NA
S1_248595090,1,248595090,NA,NA,NA,NA
S1_248595115,1,248595115,NA,NA,NA,NA
S8_13203530,8,13203530,NA,NA,NA,NA
S10_125850079,10,125850079,NA,NA,NA,NA
S6_105323239,6,105323239,NA,NA,NA,NA
S1_60149822,1,60149822,NA,NA,NA,NA
S7_170999749,7,170999749,NA,NA,NA,NA
S1_76339723,1,76339723,NA,NA,NA,NA
S6_142752470,6,142752470,NA,NA,NA,NA
S4_235761888,4,235761888,NA,NA,NA,NA
S3_145176221,3,145176221,NA,NA,NA,NA
S1_253777585,1,253777585,NA,NA,NA,NA
S2_192432923,2,192432923,NA,NA,NA,NA
S1_253133846,1,253133846,NA,NA,NA,NA
S5_164861453,5,164861453,NA,NA,NA,NA
S1_11946976,1,11946976,NA,NA,NA,NA
S6_22003178,6,22003178,NA,NA,NA,NA
S1_287738420,1,287738420,NA,NA,NA,NA
S9_97035940,9,97035940,NA,NA,NA,NA
S4_74696528,4,74696528,NA,NA,NA,NA
S6_112591037,6,112591037,NA,NA,NA,NA
S10_125913606,10,125913606,NA,NA,NA,NA
S3_159865130,3,159865130,NA,NA,NA,NA
S4_159994299,4,159994299,NA,NA,NA,NA
S5_62026667,5,62026667,NA,NA,NA,NA
S3_215373674,3,215373674,NA,NA,NA,NA
S4_154094819,4,154094819,NA,NA,NA,NA
S4_189041552,4,189041552,NA,NA,NA,NA
S5_32460191,5,32460191,NA,NA,NA,NA
S5_160452978,5,160452978,NA,NA,NA,NA
S3_156363028,3,156363028,NA,NA,NA,NA
S2_197381949,2,197381949,NA,NA,NA,NA
S5_198780143,5,198780143,NA,NA,NA,NA
S9_114551862,9,114551862,NA,NA,NA,NA
S6_5442817,6,5442817,NA,NA,NA,NA
S5_18540409,5,18540409,NA,NA,NA,NA
S2_13452636,2,13452636,NA,NA,NA,NA
S10_140193337,10,140193337,NA,NA,NA,NA
S3_20704745,3,20704745,NA,NA,NA,NA
S1_254689342,1,254689342,NA,NA,NA,NA
S5_178352560,5,178352560,NA,NA,NA,NA
S3_5824946,3,5824946,NA,NA,NA,NA
S6_164730060,6,164730060,NA,NA,NA,NA
S9_124578203,9,124578203,NA,NA,NA,NA
S1_47995515,1,47995515,NA,NA,NA,NA
S9_26611408,9,26611408,NA,NA,NA,NA
S9_19533785,9,19533785,NA,NA,NA,NA
S6_166898942,6,166898942,NA,NA,NA,NA
S4_234687762,4,234687762,NA,NA,NA,NA
S3_230003159,3,230003159,NA,NA,NA,NA
S10_127569623,10,127569623,NA,NA,NA,NA
S5_191372647,5,191372647,NA,NA,NA,NA
S7_71622255,7,71622255,NA,NA,NA,NA
S5_60993136,5,60993136,NA,NA,NA,NA
S3_125715289,3,125715289,NA,NA,NA,NA
S9_153844166,9,153844166,NA,NA,NA,NA
S5_191378319,5,191378319,NA,NA,NA,NA
S4_167171501,4,167171501,NA,NA,NA,NA
S4_194516411,4,194516411,NA,NA,NA,NA
S1_225137458,1,225137458,NA,NA,NA,NA
S1_52156717,1,52156717,NA,NA,NA,NA
S2_204294409,2,204294409,NA,NA,NA,NA
S3_216345870,3,216345870,NA,NA,NA,NA
S5_135455214,5,135455214,NA,NA,NA,NA
S4_199798605,4,199798605,NA,NA,NA,NA
S3_12531370,3,12531370,NA,NA,NA,NA
S7_30505709,7,30505709,NA,NA,NA,NA
S7_167981183,7,167981183,NA,NA,NA,NA
S3_36948981,3,36948981,NA,NA,NA,NA
S3_183638943,3,183638943,NA,NA,NA,NA
S5_178895347,5,178895347,NA,NA,NA,NA
S4_236649061,4,236649061,NA,NA,NA,NA
S3_216988860,3,216988860,NA,NA,NA,NA
S7_171936429,7,171936429,NA,NA,NA,NA
S6_113110001,6,113110001,NA,NA,NA,NA
S1_253269479,1,253269479,NA,NA,NA,NA
S8_161625442,8,161625442,NA,NA,NA,NA
S6_72874426,6,72874426,NA,NA,NA,NA
S6_147727411,6,147727411,NA,NA,NA,NA
S3_188926510,3,188926510,NA,NA,NA,NA
S2_197226604,2,197226604,NA,NA,NA,NA
S5_31182639,5,31182639,NA,NA,NA,NA
S1_71128709,1,71128709,NA,NA,NA,NA
S4_166907889,4,166907889,NA,NA,NA,NA
S4_109528066,4,109528066,NA,NA,NA,NA
S1_236237629,1,236237629,NA,NA,NA,NA
S7_148852700,7,148852700,NA,NA,NA,NA
S4_194283562,4,194283562,NA,NA,NA,NA
S3_32035172,3,32035172,NA,NA,NA,NA
S3_231824005,3,231824005,NA,NA,NA,NA
S3_231824008,3,231824008,NA,NA,NA,NA
S5_23161083,5,23161083,NA,NA,NA,NA
S9_122595644,9,122595644,NA,NA,NA,NA
S1_202550243,1,202550243,NA,NA,NA,NA
S4_5197051,4,5197051,NA,NA,NA,NA
S9_46388678,9,46388678,NA,NA,NA,NA
S4_11265534,4,11265534,NA,NA,NA,NA
S1_4748996,1,4748996,NA,NA,NA,NA
S7_136179996,7,136179996,NA,NA,NA,NA
S2_194037381,2,194037381,NA,NA,NA,NA
S6_76683154,6,76683154,NA,NA,NA,NA
S3_22388554,3,22388554,NA,NA,NA,NA
S5_207897983,5,207897983,NA,NA,NA,NA
S10_141276169,10,141276169,NA,NA,NA,NA
S7_86698470,7,86698470,NA,NA,NA,NA
S9_20155575,9,20155575,NA,NA,NA,NA
S7_13572957,7,13572957,NA,NA,NA,NA
S9_151630940,9,151630940,NA,NA,NA,NA
S1_269304668,1,269304668,NA,NA,NA,NA
S10_144528706,10,144528706,NA,NA,NA,NA
S2_15482120,2,15482120,NA,NA,NA,NA
S2_3772405,2,3772405,NA,NA,NA,NA
S5_12274880,5,12274880,NA,NA,NA,NA
S2_5836079,2,5836079,NA,NA,NA,NA
S6_104271178,6,104271178,NA,NA,NA,NA
S3_9379574,3,9379574,NA,NA,NA,NA
S3_219183201,3,219183201,NA,NA,NA,NA
S2_202644167,2,202644167,NA,NA,NA,NA
S3_38060107,3,38060107,NA,NA,NA,NA
S3_91452124,3,91452124,NA,NA,NA,NA
S10_87160862,10,87160862,NA,NA,NA,NA
S4_39795219,4,39795219,NA,NA,NA,NA
S8_145353299,8,145353299,NA,NA,NA,NA
S2_2598476,2,2598476,NA,NA,NA,NA
S4_834034,4,834034,NA,NA,NA,NA
S10_64268695,10,64268695,NA,NA,NA,NA
S2_13648383,2,13648383,NA,NA,NA,NA
S1_257327856,1,257327856,NA,NA,NA,NA
S1_287290873,1,287290873,NA,NA,NA,NA
S1_265450947,1,265450947,NA,NA,NA,NA
S4_172748574,4,172748574,NA,NA,NA,NA
S3_208616512,3,208616512,NA,NA,NA,NA
S2_38705610,2,38705610,NA,NA,NA,NA
S3_5824957,3,5824957,NA,NA,NA,NA
S5_197589727,5,197589727,NA,NA,NA,NA
S5_197589730,5,197589730,NA,NA,NA,NA
S4_37594157,4,37594157,NA,NA,NA,NA
S4_166913840,4,166913840,NA,NA,NA,NA
S5_26971725,5,26971725,NA,NA,NA,NA
S5_26971730,5,26971730,NA,NA,NA,NA
S8_5531988,8,5531988,NA,NA,NA,NA
S3_188571675,3,188571675,NA,NA,NA,NA
S2_38099476,2,38099476,NA,NA,NA,NA
S5_89154863,5,89154863,NA,NA,NA,NA
S5_2365044,5,2365044,NA,NA,NA,NA
S5_2365050,5,2365050,NA,NA,NA,NA
S1_222398205,1,222398205,NA,NA,NA,NA
S1_71020191,1,71020191,NA,NA,NA,NA
S1_202752459,1,202752459,NA,NA,NA,NA
S2_203590184,2,203590184,NA,NA,NA,NA
S1_267198849,1,267198849,NA,NA,NA,NA
S2_12797810,2,12797810,NA,NA,NA,NA
S6_164871116,6,164871116,NA,NA,NA,NA
S3_167442512,3,167442512,NA,NA,NA,NA
S8_64418714,8,64418714,NA,NA,NA,NA
S6_36948427,6,36948427,NA,NA,NA,NA
S8_170628847,8,170628847,NA,NA,NA,NA
S5_3642381,5,3642381,NA,NA,NA,NA
S6_30255157,6,30255157,NA,NA,NA,NA
S8_171751162,8,171751162,NA,NA,NA,NA
S5_33065886,5,33065886,NA,NA,NA,NA
S1_233296251,1,233296251,NA,NA,NA,NA
S1_298141868,1,298141868,NA,NA,NA,NA
S1_43135963,1,43135963,NA,NA,NA,NA
S7_13565690,7,13565690,NA,NA,NA,NA
S9_137344370,9,137344370,NA,NA,NA,NA
S6_68778522,6,68778522,NA,NA,NA,NA
S8_120609440,8,120609440,NA,NA,NA,NA
S2_95447203,2,95447203,NA,NA,NA,NA
S9_123240055,9,123240055,NA,NA,NA,NA
S8_33137479,8,33137479,NA,NA,NA,NA
S5_180370661,5,180370661,NA,NA,NA,NA
S7_137513094,7,137513094,NA,NA,NA,NA
S10_3182604,10,3182604,NA,NA,NA,NA
S9_24597971,9,24597971,NA,NA,NA,NA
S6_57578554,6,57578554,NA,NA,NA,NA
S9_9302493,9,9302493,NA,NA,NA,NA
S2_220921914,2,220921914,NA,NA,NA,NA
S4_195962422,4,195962422,NA,NA,NA,NA
S1_72884778,1,72884778,NA,NA,NA,NA
S7_23960841,7,23960841,NA,NA,NA,NA
S8_156638239,8,156638239,NA,NA,NA,NA
S1_257736356,1,257736356,NA,NA,NA,NA
S3_2066980,3,2066980,NA,NA,NA,NA
S7_127145524,7,127145524,NA,NA,NA,NA
S9_147296199,9,147296199,NA,NA,NA,NA
S2_190415594,2,190415594,NA,NA,NA,NA
S5_61227208,5,61227208,NA,NA,NA,NA
S5_13136967,5,13136967,NA,NA,NA,NA
S2_219752005,2,219752005,NA,NA,NA,NA
S2_163569622,2,163569622,NA,NA,NA,NA
S10_133332887,10,133332887,NA,NA,NA,NA
S1_55291473,1,55291473,NA,NA,NA,NA
S10_143442158,10,143442158,NA,NA,NA,NA
S4_181431044,4,181431044,NA,NA,NA,NA
S4_231070474,4,231070474,NA,NA,NA,NA
S2_20715412,2,20715412,NA,NA,NA,NA
S9_131725384,9,131725384,NA,NA,NA,NA
S4_79005614,4,79005614,NA,NA,NA,NA
S4_158146555,4,158146555,NA,NA,NA,NA
S1_225876653,1,225876653,NA,NA,NA,NA
S7_86024747,7,86024747,NA,NA,NA,NA
S5_70063644,5,70063644,NA,NA,NA,NA
S9_97246101,9,97246101,NA,NA,NA,NA
S4_223439038,4,223439038,NA,NA,NA,NA
S8_13439496,8,13439496,NA,NA,NA,NA
S5_198886397,5,198886397,NA,NA,NA,NA
S10_132393690,10,132393690,NA,NA,NA,NA
S8_164974026,8,164974026,NA,NA,NA,NA
S2_213309297,2,213309297,NA,NA,NA,NA
S5_57916432,5,57916432,NA,NA,NA,NA
S10_132322374,10,132322374,NA,NA,NA,NA
S2_173641651,2,173641651,NA,NA,NA,NA
S4_7313082,4,7313082,NA,NA,NA,NA
S3_8302645,3,8302645,NA,NA,NA,NA
S3_159817712,3,159817712,NA,NA,NA,NA
S1_41430609,1,41430609,NA,NA,NA,NA
S1_41430626,1,41430626,NA,NA,NA,NA
S6_159825063,6,159825063,NA,NA,NA,NA
S10_10194991,10,10194991,NA,NA,NA,NA
S5_22748857,5,22748857,NA,NA,NA,NA
S6_107754555,6,107754555,NA,NA,NA,NA
S1_230720299,1,230720299,NA,NA,NA,NA
S10_130278991,10,130278991,NA,NA,NA,NA
S4_39558331,4,39558331,NA,NA,NA,NA
S5_176939868,5,176939868,NA,NA,NA,NA
S1_239209147,1,239209147,NA,NA,NA,NA
S8_160105332,8,160105332,NA,NA,NA,NA
S7_41539519,7,41539519,NA,NA,NA,NA
S10_117792260,10,117792260,NA,NA,NA,NA
S7_159131005,7,159131005,NA,NA,NA,NA
S6_143026213,6,143026213,NA,NA,NA,NA
S1_40051761,1,40051761,NA,NA,NA,NA
S9_2276113,9,2276113,NA,NA,NA,NA
S5_14060182,5,14060182,NA,NA,NA,NA
S4_76384558,4,76384558,NA,NA,NA,NA
S1_227241100,1,227241100,NA,NA,NA,NA
S1_220848747,1,220848747,NA,NA,NA,NA
S9_138615621,9,138615621,NA,NA,NA,NA
S9_138615643,9,138615643,NA,NA,NA,NA
S7_10988612,7,10988612,NA,NA,NA,NA
S10_19516668,10,19516668,NA,NA,NA,NA
S8_131112266,8,131112266,NA,NA,NA,NA
S4_234687772,4,234687772,NA,NA,NA,NA
S9_12878339,9,12878339,NA,NA,NA,NA
S10_5483904,10,5483904,NA,NA,NA,NA
S1_266046658,1,266046658,NA,NA,NA,NA
S4_76384565,4,76384565,NA,NA,NA,NA
S5_188656549,5,188656549,NA,NA,NA,NA
S9_12367469,9,12367469,NA,NA,NA,NA
S4_237146103,4,237146103,NA,NA,NA,NA
S10_9888988,10,9888988,NA,NA,NA,NA
S7_16192035,7,16192035,NA,NA,NA,NA
S1_210906251,1,210906251,NA,NA,NA,NA
S5_204605899,5,204605899,NA,NA,NA,NA
S5_62026678,5,62026678,NA,NA,NA,NA
S1_40561664,1,40561664,NA,NA,NA,NA
S3_49564943,3,49564943,NA,NA,NA,NA
S3_49564944,3,49564944,NA,NA,NA,NA
S6_168794098,6,168794098,NA,NA,NA,NA
S8_136133676,8,136133676,NA,NA,NA,NA
S7_157503194,7,157503194,NA,NA,NA,NA
S7_157503195,7,157503195,NA,NA,NA,NA
S1_239209152,1,239209152,NA,NA,NA,NA
S10_13470770,10,13470770,NA,NA,NA,NA
S1_70594091,1,70594091,NA,NA,NA,NA
S8_19834183,8,19834183,NA,NA,NA,NA
S4_191045584,4,191045584,NA,NA,NA,NA
S8_166531806,8,166531806,NA,NA,NA,NA
S6_141907994,6,141907994,NA,NA,NA,NA
S7_2156882,7,2156882,NA,NA,NA,NA
S3_169539987,3,169539987,NA,NA,NA,NA
S9_11775297,9,11775297,NA,NA,NA,NA
S9_23146888,9,23146888,NA,NA,NA,NA
S4_231506993,4,231506993,NA,NA,NA,NA
S2_235349250,2,235349250,NA,NA,NA,NA
S2_152501397,2,152501397,NA,NA,NA,NA
S4_194316611,4,194316611,NA,NA,NA,NA
S4_231737697,4,231737697,NA,NA,NA,NA
S10_8451574,10,8451574,NA,NA,NA,NA
S9_16731852,9,16731852,NA,NA,NA,NA
S5_199974649,5,199974649,NA,NA,NA,NA
S2_219019232,2,219019232,NA,NA,NA,NA
S3_229900376,3,229900376,NA,NA,NA,NA
S8_103463001,8,103463001,NA,NA,NA,NA
S2_192099097,2,192099097,NA,NA,NA,NA
S2_199165207,2,199165207,NA,NA,NA,NA
S2_43204346,2,43204346,NA,NA,NA,NA
S5_159332510,5,159332510,NA,NA,NA,NA
S5_6113726,5,6113726,NA,NA,NA,NA
S10_147322075,10,147322075,NA,NA,NA,NA
S10_136282984,10,136282984,NA,NA,NA,NA
S1_264989532,1,264989532,NA,NA,NA,NA
S8_27312965,8,27312965,NA,NA,NA,NA
S3_154627353,3,154627353,NA,NA,NA,NA
S3_154627364,3,154627364,NA,NA,NA,NA
S10_1321916,10,1321916,NA,NA,NA,NA
S1_60095063,1,60095063,NA,NA,NA,NA
S2_204172728,2,204172728,NA,NA,NA,NA
S8_161625403,8,161625403,NA,NA,NA,NA
S1_212258987,1,212258987,NA,NA,NA,NA
S6_72179999,6,72179999,NA,NA,NA,NA
S4_154381914,4,154381914,NA,NA,NA,NA
S8_59973642,8,59973642,NA,NA,NA,NA
S8_3491732,8,3491732,NA,NA,NA,NA
S5_16092554,5,16092554,NA,NA,NA,NA
S5_183369706,5,183369706,NA,NA,NA,NA
S7_130248509,7,130248509,NA,NA,NA,NA
S6_92303951,6,92303951,NA,NA,NA,NA
S4_180238607,4,180238607,NA,NA,NA,NA
S2_236610391,2,236610391,NA,NA,NA,NA
S5_74619929,5,74619929,NA,NA,NA,NA
S5_205927862,5,205927862,NA,NA,NA,NA
S3_218189535,3,218189535,NA,NA,NA,NA
S6_168111174,6,168111174,NA,NA,NA,NA
S4_191294871,4,191294871,NA,NA,NA,NA
S4_191294914,4,191294914,NA,NA,NA,NA
S7_157459661,7,157459661,NA,NA,NA,NA
S1_139791490,1,139791490,NA,NA,NA,NA
S1_231180518,1,231180518,NA,NA,NA,NA
S3_15233296,3,15233296,NA,NA,NA,NA
S4_179618999,4,179618999,NA,NA,NA,NA
S9_147296184,9,147296184,NA,NA,NA,NA
S9_122595643,9,122595643,NA,NA,NA,NA
S2_10652793,2,10652793,NA,NA,NA,NA
S10_137488386,10,137488386,NA,NA,NA,NA
S4_234687773,4,234687773,NA,NA,NA,NA
S4_234687775,4,234687775,NA,NA,NA,NA
S4_234687777,4,234687777,NA,NA,NA,NA
S2_33356558,2,33356558,NA,NA,NA,NA
S3_184313516,3,184313516,NA,NA,NA,NA
S7_167229436,7,167229436,NA,NA,NA,NA
S5_4516549,5,4516549,NA,NA,NA,NA
S7_5095373,7,5095373,NA,NA,NA,NA
S6_137290838,6,137290838,NA,NA,NA,NA
S10_144619458,10,144619458,NA,NA,NA,NA
S1_37209351,1,37209351,NA,NA,NA,NA
S6_134846824,6,134846824,NA,NA,NA,NA
S3_22250686,3,22250686,NA,NA,NA,NA
S1_30260914,1,30260914,NA,NA,NA,NA
S5_93580059,5,93580059,NA,NA,NA,NA
S2_86217657,2,86217657,NA,NA,NA,NA
S4_37390502,4,37390502,NA,NA,NA,NA
S3_210235070,3,210235070,NA,NA,NA,NA
S8_26859179,8,26859179,NA,NA,NA,NA
S1_281334240,1,281334240,NA,NA,NA,NA
S6_154161107,6,154161107,NA,NA,NA,NA
S2_192226572,2,192226572,NA,NA,NA,NA
S3_22388557,3,22388557,NA,NA,NA,NA
S1_214725370,1,214725370,NA,NA,NA,NA
S3_18009906,3,18009906,NA,NA,NA,NA
S3_18009930,3,18009930,NA,NA,NA,NA
S6_166803230,6,166803230,NA,NA,NA,NA
S4_7566600,4,7566600,NA,NA,NA,NA
S9_141408217,9,141408217,NA,NA,NA,NA
S3_188926471,3,188926471,NA,NA,NA,NA
S2_41725483,2,41725483,NA,NA,NA,NA
S5_150578335,5,150578335,NA,NA,NA,NA
S7_167505131,7,167505131,NA,NA,NA,NA
S2_3387747,2,3387747,NA,NA,NA,NA
S10_112574342,10,112574342,NA,NA,NA,NA
S5_22748858,5,22748858,NA,NA,NA,NA
S4_34801266,4,34801266,NA,NA,NA,NA
S5_34044686,5,34044686,NA,NA,NA,NA
S7_130101551,7,130101551,NA,NA,NA,NA
S9_24547719,9,24547719,NA,NA,NA,NA
S8_152970210,8,152970210,NA,NA,NA,NA
S7_132392968,7,132392968,NA,NA,NA,NA
S2_9941635,2,9941635,NA,NA,NA,NA
S3_187898790,3,187898790,NA,NA,NA,NA
S6_5146104,6,5146104,NA,NA,NA,NA
S1_296848314,1,296848314,NA,NA,NA,NA
S10_115150035,10,115150035,NA,NA,NA,NA
S4_231070470,4,231070470,NA,NA,NA,NA
S1_5006807,1,5006807,NA,NA,NA,NA
S9_153508917,9,153508917,NA,NA,NA,NA
S4_5012516,4,5012516,NA,NA,NA,NA
S6_9147500,6,9147500,NA,NA,NA,NA
S4_172835253,4,172835253,NA,NA,NA,NA
S2_42958529,2,42958529,NA,NA,NA,NA
S7_107841280,7,107841280,NA,NA,NA,NA
S9_147296194,9,147296194,NA,NA,NA,NA
S9_147296197,9,147296197,NA,NA,NA,NA
S9_147296198,9,147296198,NA,NA,NA,NA
S4_198079184,4,198079184,NA,NA,NA,NA
S9_25088462,9,25088462,NA,NA,NA,NA
S10_82041420,10,82041420,NA,NA,NA,NA
S8_151339541,8,151339541,NA,NA,NA,NA
S4_224909964,4,224909964,NA,NA,NA,NA
S6_1960834,6,1960834,NA,NA,NA,NA
S6_138586194,6,138586194,NA,NA,NA,NA
S3_38439743,3,38439743,NA,NA,NA,NA
S1_208435567,1,208435567,NA,NA,NA,NA
S4_228623016,4,228623016,NA,NA,NA,NA
S7_147119233,7,147119233,NA,NA,NA,NA
S7_3074340,7,3074340,NA,NA,NA,NA
S7_3074350,7,3074350,NA,NA,NA,NA
S7_3074351,7,3074351,NA,NA,NA,NA
S2_224910715,2,224910715,NA,NA,NA,NA
S3_214372841,3,214372841,NA,NA,NA,NA
S8_138303322,8,138303322,NA,NA,NA,NA
S8_6465738,8,6465738,NA,NA,NA,NA
S1_258807331,1,258807331,NA,NA,NA,NA
S5_74288981,5,74288981,NA,NA,NA,NA
S5_74288985,5,74288985,NA,NA,NA,NA
S10_1714545,10,1714545,NA,NA,NA,NA
S3_19249482,3,19249482,NA,NA,NA,NA
S7_156477155,7,156477155,NA,NA,NA,NA
S4_230347466,4,230347466,NA,NA,NA,NA
S2_15995652,2,15995652,NA,NA,NA,NA
S7_144404386,7,144404386,NA,NA,NA,NA
S7_144404387,7,144404387,NA,NA,NA,NA
S2_219258240,2,219258240,NA,NA,NA,NA
S1_222300868,1,222300868,NA,NA,NA,NA
S1_7457434,1,7457434,NA,NA,NA,NA
S9_152481349,9,152481349,NA,NA,NA,NA
S5_9665078,5,9665078,NA,NA,NA,NA
S5_23574210,5,23574210,NA,NA,NA,NA
S4_124233895,4,124233895,NA,NA,NA,NA
S3_188806450,3,188806450,NA,NA,NA,NA
S3_188806451,3,188806451,NA,NA,NA,NA
S3_194739462,3,194739462,NA,NA,NA,NA
S10_143381864,10,143381864,NA,NA,NA,NA
S10_147855678,10,147855678,NA,NA,NA,NA
S8_6026044,8,6026044,NA,NA,NA,NA
S8_148007165,8,148007165,NA,NA,NA,NA
S8_148007166,8,148007166,NA,NA,NA,NA
S8_131342347,8,131342347,NA,NA,NA,NA
S7_15457461,7,15457461,NA,NA,NA,NA
S4_170464384,4,170464384,NA,NA,NA,NA
S5_215289472,5,215289472,NA,NA,NA,NA
S10_139877749,10,139877749,NA,NA,NA,NA
S6_158478096,6,158478096,NA,NA,NA,NA
S8_152891653,8,152891653,NA,NA,NA,NA
S6_152167869,6,152167869,NA,NA,NA,NA
S2_6335527,2,6335527,NA,NA,NA,NA
S1_119551197,1,119551197,NA,NA,NA,NA
S1_204292669,1,204292669,NA,NA,NA,NA
S2_18308608,2,18308608,NA,NA,NA,NA
S3_215436772,3,215436772,NA,NA,NA,NA
S7_173447728,7,173447728,NA,NA,NA,NA
S2_203766103,2,203766103,NA,NA,NA,NA
S10_7440458,10,7440458,NA,NA,NA,NA
S3_199622426,3,199622426,NA,NA,NA,NA
S10_137504219,10,137504219,NA,NA,NA,NA
S6_2382654,6,2382654,NA,NA,NA,NA
S10_138075442,10,138075442,NA,NA,NA,NA
S10_138075445,10,138075445,NA,NA,NA,NA
S2_44559020,2,44559020,NA,NA,NA,NA
S7_130099616,7,130099616,NA,NA,NA,NA
S8_65788274,8,65788274,NA,NA,NA,NA
S6_72867105,6,72867105,NA,NA,NA,NA
S2_5424267,2,5424267,NA,NA,NA,NA
S1_118365743,1,118365743,NA,NA,NA,NA
S10_145178755,10,145178755,NA,NA,NA,NA
S10_115150045,10,115150045,NA,NA,NA,NA
S10_115150049,10,115150049,NA,NA,NA,NA
S8_85309859,8,85309859,NA,NA,NA,NA
S7_165457127,7,165457127,NA,NA,NA,NA
S1_28424552,1,28424552,NA,NA,NA,NA
S2_226678692,2,226678692,NA,NA,NA,NA
S4_177380577,4,177380577,NA,NA,NA,NA
S9_147296183,9,147296183,NA,NA,NA,NA
S1_172191166,1,172191166,NA,NA,NA,NA
S1_253493709,1,253493709,NA,NA,NA,NA
S5_174285589,5,174285589,NA,NA,NA,NA
S5_15433421,5,15433421,NA,NA,NA,NA
S10_143422320,10,143422320,NA,NA,NA,NA
S1_24206906,1,24206906,NA,NA,NA,NA
S1_257736394,1,257736394,NA,NA,NA,NA
S1_6170218,1,6170218,NA,NA,NA,NA
S3_154627404,3,154627404,NA,NA,NA,NA
S1_51022070,1,51022070,NA,NA,NA,NA
S5_12192206,5,12192206,NA,NA,NA,NA
S4_158705473,4,158705473,NA,NA,NA,NA
S4_158705476,4,158705476,NA,NA,NA,NA
S4_170650903,4,170650903,NA,NA,NA,NA
S10_137479806,10,137479806,NA,NA,NA,NA
S2_161274053,2,161274053,NA,NA,NA,NA
S4_1046243,4,1046243,NA,NA,NA,NA
S1_67649310,1,67649310,NA,NA,NA,NA
S9_115060783,9,115060783,NA,NA,NA,NA
S5_200319039,5,200319039,NA,NA,NA,NA
S4_191754359,4,191754359,NA,NA,NA,NA
S1_273100062,1,273100062,NA,NA,NA,NA
S3_5824947,3,5824947,NA,NA,NA,NA
S2_1717319,2,1717319,NA,NA,NA,NA
S8_156771936,8,156771936,NA,NA,NA,NA
S1_259217673,1,259217673,NA,NA,NA,NA
S3_201185267,3,201185267,NA,NA,NA,NA
S5_212169388,5,212169388,NA,NA,NA,NA
S1_39855816,1,39855816,NA,NA,NA,NA
S2_33617628,2,33617628,NA,NA,NA,NA
S2_17581291,2,17581291,NA,NA,NA,NA
S6_166241291,6,166241291,NA,NA,NA,NA
S7_23960748,7,23960748,NA,NA,NA,NA
S4_158705474,4,158705474,NA,NA,NA,NA
S5_28211373,5,28211373,NA,NA,NA,NA
S8_168480334,8,168480334,NA,NA,NA,NA
S10_137460494,10,137460494,NA,NA,NA,NA
S3_161847628,3,161847628,NA,NA,NA,NA
S3_88529276,3,88529276,NA,NA,NA,NA
S2_9001110,2,9001110,NA,NA,NA,NA
S9_5004405,9,5004405,NA,NA,NA,NA
S1_62489738,1,62489738,NA,NA,NA,NA
S4_201793042,4,201793042,NA,NA,NA,NA
S7_165798687,7,165798687,NA,NA,NA,NA
S1_220823746,1,220823746,NA,NA,NA,NA
S10_84231607,10,84231607,NA,NA,NA,NA
S7_2960786,7,2960786,NA,NA,NA,NA
S9_118062556,9,118062556,NA,NA,NA,NA
S3_126156520,3,126156520,NA,NA,NA,NA
S5_205367932,5,205367932,NA,NA,NA,NA
S2_13785520,2,13785520,NA,NA,NA,NA
S7_150898408,7,150898408,NA,NA,NA,NA
S4_3746553,4,3746553,NA,NA,NA,NA
S4_181258481,4,181258481,NA,NA,NA,NA
S5_89154849,5,89154849,NA,NA,NA,NA
S5_89154860,5,89154860,NA,NA,NA,NA
S9_147296180,9,147296180,NA,NA,NA,NA
S9_147296182,9,147296182,NA,NA,NA,NA
S9_147296187,9,147296187,NA,NA,NA,NA
S9_147296188,9,147296188,NA,NA,NA,NA
S9_147296193,9,147296193,NA,NA,NA,NA
S1_72842640,1,72842640,NA,NA,NA,NA
S6_112280757,6,112280757,NA,NA,NA,NA
S5_210748713,5,210748713,NA,NA,NA,NA
S1_66975722,1,66975722,NA,NA,NA,NA
S4_2693758,4,2693758,NA,NA,NA,NA
S9_147472584,9,147472584,NA,NA,NA,NA
S2_14222422,2,14222422,NA,NA,NA,NA
S8_138888257,8,138888257,NA,NA,NA,NA
S8_142532635,8,142532635,NA,NA,NA,NA
S3_185273544,3,185273544,NA,NA,NA,NA
S4_163263746,4,163263746,NA,NA,NA,NA
S1_258809258,1,258809258,NA,NA,NA,NA
S1_258809305,1,258809305,NA,NA,NA,NA
S4_233071307,4,233071307,NA,NA,NA,NA
S6_148434681,6,148434681,NA,NA,NA,NA
S6_148434700,6,148434700,NA,NA,NA,NA
S3_208063573,3,208063573,NA,NA,NA,NA
S4_144732519,4,144732519,NA,NA,NA,NA
S7_129899168,7,129899168,NA,NA,NA,NA
S2_10650617,2,10650617,NA,NA,NA,NA
S2_10650627,2,10650627,NA,NA,NA,NA
S3_156052627,3,156052627,NA,NA,NA,NA
S3_167487166,3,167487166,NA,NA,NA,NA
S2_195665461,2,195665461,NA,NA,NA,NA
S2_198404379,2,198404379,NA,NA,NA,NA
S2_99894757,2,99894757,NA,NA,NA,NA
S10_2782226,10,2782226,NA,NA,NA,NA
S6_122126334,6,122126334,NA,NA,NA,NA
S2_217012177,2,217012177,NA,NA,NA,NA
S5_6688415,5,6688415,NA,NA,NA,NA
S5_167068392,5,167068392,NA,NA,NA,NA
S5_169579338,5,169579338,NA,NA,NA,NA
S9_154601398,9,154601398,NA,NA,NA,NA
S1_188355303,1,188355303,NA,NA,NA,NA
S5_74910595,5,74910595,NA,NA,NA,NA
S5_159329983,5,159329983,NA,NA,NA,NA
S4_231070445,4,231070445,NA,NA,NA,NA
S4_158705486,4,158705486,NA,NA,NA,NA
S10_127372035,10,127372035,NA,NA,NA,NA
S4_234687771,4,234687771,NA,NA,NA,NA
S2_43353363,2,43353363,NA,NA,NA,NA
S10_11752123,10,11752123,NA,NA,NA,NA
S7_140424929,7,140424929,NA,NA,NA,NA
S1_86608316,1,86608316,NA,NA,NA,NA
S2_3583159,2,3583159,NA,NA,NA,NA
S2_192579163,2,192579163,NA,NA,NA,NA
S5_173389221,5,173389221,NA,NA,NA,NA
S3_144216330,3,144216330,NA,NA,NA,NA
S3_144216332,3,144216332,NA,NA,NA,NA
S1_67055862,1,67055862,NA,NA,NA,NA
S1_216164042,1,216164042,NA,NA,NA,NA
S7_173282491,7,173282491,NA,NA,NA,NA
S8_54028372,8,54028372,NA,NA,NA,NA
S8_54028378,8,54028378,NA,NA,NA,NA
S6_104450979,6,104450979,NA,NA,NA,NA
S1_216581239,1,216581239,NA,NA,NA,NA
S7_170251026,7,170251026,NA,NA,NA,NA
S7_170251031,7,170251031,NA,NA,NA,NA
S1_231277868,1,231277868,NA,NA,NA,NA
S5_15332167,5,15332167,NA,NA,NA,NA
S4_81525559,4,81525559,NA,NA,NA,NA
S3_188926482,3,188926482,NA,NA,NA,NA
S10_140049455,10,140049455,NA,NA,NA,NA
S5_84841805,5,84841805,NA,NA,NA,NA
S1_12169701,1,12169701,NA,NA,NA,NA
S5_179270149,5,179270149,NA,NA,NA,NA
S6_155647457,6,155647457,NA,NA,NA,NA
S5_48274671,5,48274671,NA,NA,NA,NA
S6_129516725,6,129516725,NA,NA,NA,NA
S2_6979676,2,6979676,NA,NA,NA,NA
S4_136962671,4,136962671,NA,NA,NA,NA
S8_173713656,8,173713656,NA,NA,NA,NA
S10_139879745,10,139879745,NA,NA,NA,NA
S2_199165248,2,199165248,NA,NA,NA,NA
S1_37542925,1,37542925,NA,NA,NA,NA
S3_3986077,3,3986077,NA,NA,NA,NA
S4_162049324,4,162049324,NA,NA,NA,NA
S4_134623977,4,134623977,NA,NA,NA,NA
S8_76644334,8,76644334,NA,NA,NA,NA
S3_5335065,3,5335065,NA,NA,NA,NA
S4_19944723,4,19944723,NA,NA,NA,NA
S2_220037249,2,220037249,NA,NA,NA,NA
S2_220037252,2,220037252,NA,NA,NA,NA
S8_3044403,8,3044403,NA,NA,NA,NA
S1_106897176,1,106897176,NA,NA,NA,NA
S1_237183373,1,237183373,NA,NA,NA,NA
S1_281334283,1,281334283,NA,NA,NA,NA
S3_213798237,3,213798237,NA,NA,NA,NA
S3_213798239,3,213798239,NA,NA,NA,NA
S3_213798240,3,213798240,NA,NA,NA,NA
S1_234254595,1,234254595,NA,NA,NA,NA
S5_89154868,5,89154868,NA,NA,NA,NA
S6_113110713,6,113110713,NA,NA,NA,NA
S10_132321862,10,132321862,NA,NA,NA,NA
S3_221682479,3,221682479,NA,NA,NA,NA
S9_107790738,9,107790738,NA,NA,NA,NA
S7_100034791,7,100034791,NA,NA,NA,NA
S3_147594593,3,147594593,NA,NA,NA,NA
S1_258808798,1,258808798,NA,NA,NA,NA
S5_17891068,5,17891068,NA,NA,NA,NA
S5_200110072,5,200110072,NA,NA,NA,NA
S1_68752660,1,68752660,NA,NA,NA,NA
S6_85412330,6,85412330,NA,NA,NA,NA
S1_241481541,1,241481541,NA,NA,NA,NA
S1_276817167,1,276817167,NA,NA,NA,NA
S2_186311644,2,186311644,NA,NA,NA,NA
S2_222693291,2,222693291,NA,NA,NA,NA
S2_222693294,2,222693294,NA,NA,NA,NA
S4_35213160,4,35213160,NA,NA,NA,NA
S10_123845283,10,123845283,NA,NA,NA,NA
S1_258552185,1,258552185,NA,NA,NA,NA
S10_1348231,10,1348231,NA,NA,NA,NA
S2_231152916,2,231152916,NA,NA,NA,NA
S3_204129266,3,204129266,NA,NA,NA,NA
S3_205409208,3,205409208,NA,NA,NA,NA
S6_37026736,6,37026736,NA,NA,NA,NA
S3_59327007,3,59327007,NA,NA,NA,NA
S1_217042986,1,217042986,NA,NA,NA,NA
S2_224982771,2,224982771,NA,NA,NA,NA
S2_34221773,2,34221773,NA,NA,NA,NA
S3_64819409,3,64819409,NA,NA,NA,NA
S6_96335966,6,96335966,NA,NA,NA,NA
S5_168261823,5,168261823,NA,NA,NA,NA
S4_182736305,4,182736305,NA,NA,NA,NA
S1_17695130,1,17695130,NA,NA,NA,NA
S5_194166612,5,194166612,NA,NA,NA,NA
S8_165994677,8,165994677,NA,NA,NA,NA
S1_187646471,1,187646471,NA,NA,NA,NA
S7_1956860,7,1956860,NA,NA,NA,NA
S2_205716673,2,205716673,NA,NA,NA,NA
S10_66956664,10,66956664,NA,NA,NA,NA
S7_13844889,7,13844889,NA,NA,NA,NA
S7_155584900,7,155584900,NA,NA,NA,NA
S7_155584919,7,155584919,NA,NA,NA,NA
S3_172201680,3,172201680,NA,NA,NA,NA
S4_228623067,4,228623067,NA,NA,NA,NA
S1_206329828,1,206329828,NA,NA,NA,NA
S5_62756706,5,62756706,NA,NA,NA,NA
S6_72867107,6,72867107,NA,NA,NA,NA
S3_119698952,3,119698952,NA,NA,NA,NA
S4_240225759,4,240225759,NA,NA,NA,NA
S3_154563044,3,154563044,NA,NA,NA,NA
S5_19710769,5,19710769,NA,NA,NA,NA
S1_214725337,1,214725337,NA,NA,NA,NA
S5_20795575,5,20795575,NA,NA,NA,NA
S7_172502939,7,172502939,NA,NA,NA,NA
S1_294813085,1,294813085,NA,NA,NA,NA
S5_196508919,5,196508919,NA,NA,NA,NA
S9_1950764,9,1950764,NA,NA,NA,NA
S7_134700025,7,134700025,NA,NA,NA,NA
S2_9087187,2,9087187,NA,NA,NA,NA
S5_20198088,5,20198088,NA,NA,NA,NA
S1_187646727,1,187646727,NA,NA,NA,NA
S3_194739482,3,194739482,NA,NA,NA,NA
S3_33973605,3,33973605,NA,NA,NA,NA
S2_18464557,2,18464557,NA,NA,NA,NA
S2_18464572,2,18464572,NA,NA,NA,NA
S6_142752231,6,142752231,NA,NA,NA,NA
S6_142752232,6,142752232,NA,NA,NA,NA
S3_19249483,3,19249483,NA,NA,NA,NA
S10_146119161,10,146119161,NA,NA,NA,NA
S10_133303673,10,133303673,NA,NA,NA,NA
S10_133303676,10,133303676,NA,NA,NA,NA
S7_172512772,7,172512772,NA,NA,NA,NA
S1_187394058,1,187394058,NA,NA,NA,NA
S5_173760909,5,173760909,NA,NA,NA,NA
S1_56307456,1,56307456,NA,NA,NA,NA
S10_145200690,10,145200690,NA,NA,NA,NA
S5_2276503,5,2276503,NA,NA,NA,NA
S5_2276504,5,2276504,NA,NA,NA,NA
S8_13137124,8,13137124,NA,NA,NA,NA
S4_177329004,4,177329004,NA,NA,NA,NA
S3_57083684,3,57083684,NA,NA,NA,NA
S10_67227666,10,67227666,NA,NA,NA,NA
S7_1292768,7,1292768,NA,NA,NA,NA
S5_174366487,5,174366487,NA,NA,NA,NA
S3_184633936,3,184633936,NA,NA,NA,NA
S1_238565492,1,238565492,NA,NA,NA,NA
S8_167777569,8,167777569,NA,NA,NA,NA
S1_202550247,1,202550247,NA,NA,NA,NA
S6_131892797,6,131892797,NA,NA,NA,NA
S3_212010134,3,212010134,NA,NA,NA,NA
S7_19090196,7,19090196,NA,NA,NA,NA
S9_154601415,9,154601415,NA,NA,NA,NA
S8_81881603,8,81881603,NA,NA,NA,NA
S3_156814126,3,156814126,NA,NA,NA,NA
S5_74503079,5,74503079,NA,NA,NA,NA
S5_160721353,5,160721353,NA,NA,NA,NA
S1_193520212,1,193520212,NA,NA,NA,NA
S6_72854858,6,72854858,NA,NA,NA,NA
S10_138773186,10,138773186,NA,NA,NA,NA
S10_147706508,10,147706508,NA,NA,NA,NA
S5_205942772,5,205942772,NA,NA,NA,NA
S8_174404589,8,174404589,NA,NA,NA,NA
S1_193838289,1,193838289,NA,NA,NA,NA
S3_191080531,3,191080531,NA,NA,NA,NA
S6_88740619,6,88740619,NA,NA,NA,NA
S5_3334912,5,3334912,NA,NA,NA,NA
S8_163903784,8,163903784,NA,NA,NA,NA
S2_21597461,2,21597461,NA,NA,NA,NA
S1_71001631,1,71001631,NA,NA,NA,NA
S1_71001633,1,71001633,NA,NA,NA,NA
S4_236395563,4,236395563,NA,NA,NA,NA
S1_31070221,1,31070221,NA,NA,NA,NA
S1_29788782,1,29788782,NA,NA,NA,NA
S2_212528544,2,212528544,NA,NA,NA,NA
S4_79449676,4,79449676,NA,NA,NA,NA
S8_83049943,8,83049943,NA,NA,NA,NA
S5_57432859,5,57432859,NA,NA,NA,NA
S9_101099665,9,101099665,NA,NA,NA,NA
S2_199344380,2,199344380,NA,NA,NA,NA
S3_205242421,3,205242421,NA,NA,NA,NA
S1_225870777,1,225870777,NA,NA,NA,NA
S8_159336080,8,159336080,NA,NA,NA,NA
S5_5378856,5,5378856,NA,NA,NA,NA
S9_139196022,9,139196022,NA,NA,NA,NA
S8_28591523,8,28591523,NA,NA,NA,NA
S5_169875174,5,169875174,NA,NA,NA,NA
S10_80487885,10,80487885,NA,NA,NA,NA
S1_70594125,1,70594125,NA,NA,NA,NA
S5_197945271,5,197945271,NA,NA,NA,NA
S8_159908885,8,159908885,NA,NA,NA,NA
S1_7243566,1,7243566,NA,NA,NA,NA
S8_2511147,8,2511147,NA,NA,NA,NA
S8_2511148,8,2511148,NA,NA,NA,NA
S7_26774693,7,26774693,NA,NA,NA,NA
S4_154314802,4,154314802,NA,NA,NA,NA
S4_186488595,4,186488595,NA,NA,NA,NA
S1_226217567,1,226217567,NA,NA,NA,NA
S3_198520101,3,198520101,NA,NA,NA,NA
S5_170421134,5,170421134,NA,NA,NA,NA
S5_5924352,5,5924352,NA,NA,NA,NA
S1_6234669,1,6234669,NA,NA,NA,NA
S1_100909752,1,100909752,NA,NA,NA,NA
S10_132255608,10,132255608,NA,NA,NA,NA
S10_132255622,10,132255622,NA,NA,NA,NA
S4_171379485,4,171379485,NA,NA,NA,NA
S9_18330678,9,18330678,NA,NA,NA,NA
S3_217008088,3,217008088,NA,NA,NA,NA
S1_280581648,1,280581648,NA,NA,NA,NA
S4_186199907,4,186199907,NA,NA,NA,NA
S4_234358260,4,234358260,NA,NA,NA,NA
S4_2516608,4,2516608,NA,NA,NA,NA
S5_169667597,5,169667597,NA,NA,NA,NA
S3_216989160,3,216989160,NA,NA,NA,NA
S2_204661391,2,204661391,NA,NA,NA,NA
S5_167784558,5,167784558,NA,NA,NA,NA
S5_63640251,5,63640251,NA,NA,NA,NA
S3_19253807,3,19253807,NA,NA,NA,NA
S3_220028146,3,220028146,NA,NA,NA,NA
S3_166796324,3,166796324,NA,NA,NA,NA
S7_156739260,7,156739260,NA,NA,NA,NA
S6_149124892,6,149124892,NA,NA,NA,NA
S3_5885087,3,5885087,NA,NA,NA,NA
S4_171732069,4,171732069,NA,NA,NA,NA
S8_169137034,8,169137034,NA,NA,NA,NA
S2_193734564,2,193734564,NA,NA,NA,NA
S1_266094940,1,266094940,NA,NA,NA,NA
S4_154171465,4,154171465,NA,NA,NA,NA
S7_172659684,7,172659684,NA,NA,NA,NA
S10_127569604,10,127569604,NA,NA,NA,NA
S6_150691382,6,150691382,NA,NA,NA,NA
S2_205606076,2,205606076,NA,NA,NA,NA
S2_205606078,2,205606078,NA,NA,NA,NA
S1_28424589,1,28424589,NA,NA,NA,NA
S4_17367012,4,17367012,NA,NA,NA,NA
S4_2831306,4,2831306,NA,NA,NA,NA
S4_184936770,4,184936770,NA,NA,NA,NA
S3_14685429,3,14685429,NA,NA,NA,NA
S3_198376257,3,198376257,NA,NA,NA,NA
S7_25781441,7,25781441,NA,NA,NA,NA
S2_174298142,2,174298142,NA,NA,NA,NA
S5_197607026,5,197607026,NA,NA,NA,NA
S9_144881302,9,144881302,NA,NA,NA,NA
S10_148582695,10,148582695,NA,NA,NA,NA
S8_65099761,8,65099761,NA,NA,NA,NA
S2_9971031,2,9971031,NA,NA,NA,NA
S3_5989119,3,5989119,NA,NA,NA,NA
S10_134498779,10,134498779,NA,NA,NA,NA
S6_139874840,6,139874840,NA,NA,NA,NA
S5_188831966,5,188831966,NA,NA,NA,NA
S2_10512071,2,10512071,NA,NA,NA,NA
S3_1724748,3,1724748,NA,NA,NA,NA
S7_160746859,7,160746859,NA,NA,NA,NA
S1_267198718,1,267198718,NA,NA,NA,NA
S2_45193050,2,45193050,NA,NA,NA,NA
S1_64015995,1,64015995,NA,NA,NA,NA
S8_11661848,8,11661848,NA,NA,NA,NA
S2_26436079,2,26436079,NA,NA,NA,NA
S3_10522278,3,10522278,NA,NA,NA,NA
S3_10522279,3,10522279,NA,NA,NA,NA
S3_10522280,3,10522280,NA,NA,NA,NA
S8_18824215,8,18824215,NA,NA,NA,NA
S5_168262215,5,168262215,NA,NA,NA,NA
S10_128815052,10,128815052,NA,NA,NA,NA
S7_99956177,7,99956177,NA,NA,NA,NA
S2_213580965,2,213580965,NA,NA,NA,NA
S6_140348515,6,140348515,NA,NA,NA,NA
S5_3428343,5,3428343,NA,NA,NA,NA
S9_21820218,9,21820218,NA,NA,NA,NA
S5_70870506,5,70870506,NA,NA,NA,NA
S5_18152814,5,18152814,NA,NA,NA,NA
S7_124700763,7,124700763,NA,NA,NA,NA
S4_233209591,4,233209591,NA,NA,NA,NA
S4_202761423,4,202761423,NA,NA,NA,NA
S2_211501576,2,211501576,NA,NA,NA,NA
S10_120793118,10,120793118,NA,NA,NA,NA
S5_200292465,5,200292465,NA,NA,NA,NA
S5_195677741,5,195677741,NA,NA,NA,NA
S3_3119426,3,3119426,NA,NA,NA,NA
S4_197853752,4,197853752,NA,NA,NA,NA
S7_100523953,7,100523953,NA,NA,NA,NA
S3_218835966,3,218835966,NA,NA,NA,NA
S3_218835973,3,218835973,NA,NA,NA,NA
S3_218835974,3,218835974,NA,NA,NA,NA
S5_6906047,5,6906047,NA,NA,NA,NA
S7_99090121,7,99090121,NA,NA,NA,NA
S1_140888441,1,140888441,NA,NA,NA,NA
S3_58714011,3,58714011,NA,NA,NA,NA
S2_198407441,2,198407441,NA,NA,NA,NA
S4_228623025,4,228623025,NA,NA,NA,NA
S4_228623030,4,228623030,NA,NA,NA,NA
S1_12816919,1,12816919,NA,NA,NA,NA
S1_12816928,1,12816928,NA,NA,NA,NA
S1_9361605,1,9361605,NA,NA,NA,NA
S2_16868447,2,16868447,NA,NA,NA,NA
S5_26971631,5,26971631,NA,NA,NA,NA
S6_112603010,6,112603010,NA,NA,NA,NA
S3_136907404,3,136907404,NA,NA,NA,NA
S2_5069250,2,5069250,NA,NA,NA,NA
S4_30947327,4,30947327,NA,NA,NA,NA
S1_252632642,1,252632642,NA,NA,NA,NA
S5_178894705,5,178894705,NA,NA,NA,NA
S5_167068386,5,167068386,NA,NA,NA,NA
S5_167068394,5,167068394,NA,NA,NA,NA
S10_134498814,10,134498814,NA,NA,NA,NA
S6_95943051,6,95943051,NA,NA,NA,NA
S1_264865718,1,264865718,NA,NA,NA,NA
S3_3832105,3,3832105,NA,NA,NA,NA
S10_12634785,10,12634785,NA,NA,NA,NA
S3_225354594,3,225354594,NA,NA,NA,NA
S2_3708094,2,3708094,NA,NA,NA,NA
S9_30187968,9,30187968,NA,NA,NA,NA
S4_158136135,4,158136135,NA,NA,NA,NA
S9_142918922,9,142918922,NA,NA,NA,NA
S9_142918927,9,142918927,NA,NA,NA,NA
S1_2842636,1,2842636,NA,NA,NA,NA
S3_182127050,3,182127050,NA,NA,NA,NA
S8_166501899,8,166501899,NA,NA,NA,NA
S2_222675521,2,222675521,NA,NA,NA,NA
S3_195700426,3,195700426,NA,NA,NA,NA
S8_109727322,8,109727322,NA,NA,NA,NA
S1_46841375,1,46841375,NA,NA,NA,NA
S9_8433764,9,8433764,NA,NA,NA,NA
S2_133190665,2,133190665,NA,NA,NA,NA
S3_202832140,3,202832140,NA,NA,NA,NA
S6_109292989,6,109292989,NA,NA,NA,NA
S2_17479276,2,17479276,NA,NA,NA,NA
S7_123842138,7,123842138,NA,NA,NA,NA
S10_14908455,10,14908455,NA,NA,NA,NA
S4_49938295,4,49938295,NA,NA,NA,NA
S4_49938312,4,49938312,NA,NA,NA,NA
S8_18350555,8,18350555,NA,NA,NA,NA
S2_222807787,2,222807787,NA,NA,NA,NA
S1_248596019,1,248596019,NA,NA,NA,NA
S6_80645343,6,80645343,NA,NA,NA,NA
S6_80645350,6,80645350,NA,NA,NA,NA
S3_3477157,3,3477157,NA,NA,NA,NA
S5_21877513,5,21877513,NA,NA,NA,NA
S3_156363104,3,156363104,NA,NA,NA,NA
S10_82041402,10,82041402,NA,NA,NA,NA
S2_133149669,2,133149669,NA,NA,NA,NA
S5_68512475,5,68512475,NA,NA,NA,NA
S9_11134072,9,11134072,NA,NA,NA,NA
S9_11134076,9,11134076,NA,NA,NA,NA
S9_11134093,9,11134093,NA,NA,NA,NA
S10_133744261,10,133744261,NA,NA,NA,NA
S7_141827026,7,141827026,NA,NA,NA,NA
S8_171514509,8,171514509,NA,NA,NA,NA
S8_159789622,8,159789622,NA,NA,NA,NA
S3_122496325,3,122496325,NA,NA,NA,NA
S8_102533570,8,102533570,NA,NA,NA,NA
S4_229412736,4,229412736,NA,NA,NA,NA
S5_2269898,5,2269898,NA,NA,NA,NA
S2_9980014,2,9980014,NA,NA,NA,NA
S4_36040714,4,36040714,NA,NA,NA,NA
S7_170251030,7,170251030,NA,NA,NA,NA
S4_229847098,4,229847098,NA,NA,NA,NA
S6_110808804,6,110808804,NA,NA,NA,NA
S9_131520418,9,131520418,NA,NA,NA,NA
S3_119324355,3,119324355,NA,NA,NA,NA
S5_59726206,5,59726206,NA,NA,NA,NA
S7_21421545,7,21421545,NA,NA,NA,NA
S3_64279817,3,64279817,NA,NA,NA,NA
S4_200538796,4,200538796,NA,NA,NA,NA
S9_83962801,9,83962801,NA,NA,NA,NA
S10_142715776,10,142715776,NA,NA,NA,NA
S8_120609634,8,120609634,NA,NA,NA,NA
S4_49446182,4,49446182,NA,NA,NA,NA
S5_74910598,5,74910598,NA,NA,NA,NA
S5_83861266,5,83861266,NA,NA,NA,NA
S5_76633656,5,76633656,NA,NA,NA,NA
S5_2267959,5,2267959,NA,NA,NA,NA
S1_12344442,1,12344442,NA,NA,NA,NA
S1_207528557,1,207528557,NA,NA,NA,NA
S8_61519996,8,61519996,NA,NA,NA,NA
S1_235668569,1,235668569,NA,NA,NA,NA
S1_205242388,1,205242388,NA,NA,NA,NA
S9_26611414,9,26611414,NA,NA,NA,NA
S7_174278434,7,174278434,NA,NA,NA,NA
S9_41753756,9,41753756,NA,NA,NA,NA
S4_171770211,4,171770211,NA,NA,NA,NA
S4_171770219,4,171770219,NA,NA,NA,NA
S10_6402832,10,6402832,NA,NA,NA,NA
S9_149647319,9,149647319,NA,NA,NA,NA
S8_131533172,8,131533172,NA,NA,NA,NA
S4_210970466,4,210970466,NA,NA,NA,NA
S1_16059198,1,16059198,NA,NA,NA,NA
S5_89154864,5,89154864,NA,NA,NA,NA
S1_271751269,1,271751269,NA,NA,NA,NA
S4_83027981,4,83027981,NA,NA,NA,NA
S1_207528562,1,207528562,NA,NA,NA,NA
S3_156151201,3,156151201,NA,NA,NA,NA
S4_154314827,4,154314827,NA,NA,NA,NA
S3_119976758,3,119976758,NA,NA,NA,NA
S1_82024978,1,82024978,NA,NA,NA,NA
S2_3748032,2,3748032,NA,NA,NA,NA
S5_80973680,5,80973680,NA,NA,NA,NA
S4_4325560,4,4325560,NA,NA,NA,NA
S8_6111204,8,6111204,NA,NA,NA,NA
S4_171770220,4,171770220,NA,NA,NA,NA
S7_45385216,7,45385216,NA,NA,NA,NA
S7_15322218,7,15322218,NA,NA,NA,NA
S2_9441755,2,9441755,NA,NA,NA,NA
S3_41736076,3,41736076,NA,NA,NA,NA
S10_132255224,10,132255224,NA,NA,NA,NA
S2_17544291,2,17544291,NA,NA,NA,NA
S5_8334512,5,8334512,NA,NA,NA,NA
S10_138075468,10,138075468,NA,NA,NA,NA
S1_285978612,1,285978612,NA,NA,NA,NA
S3_91601742,3,91601742,NA,NA,NA,NA
S5_6906046,5,6906046,NA,NA,NA,NA
S4_39599205,4,39599205,NA,NA,NA,NA
S4_5266546,4,5266546,NA,NA,NA,NA
S8_172705861,8,172705861,NA,NA,NA,NA
S1_230957049,1,230957049,NA,NA,NA,NA
S2_216036695,2,216036695,NA,NA,NA,NA
S5_90426902,5,90426902,NA,NA,NA,NA
S2_3795385,2,3795385,NA,NA,NA,NA
S10_137357166,10,137357166,NA,NA,NA,NA
S1_65489814,1,65489814,NA,NA,NA,NA
S10_63616984,10,63616984,NA,NA,NA,NA
S5_190481552,5,190481552,NA,NA,NA,NA
S3_198386069,3,198386069,NA,NA,NA,NA
S3_198386111,3,198386111,NA,NA,NA,NA
S5_36547832,5,36547832,NA,NA,NA,NA
S9_18896533,9,18896533,NA,NA,NA,NA
S8_167085821,8,167085821,NA,NA,NA,NA
S7_126220581,7,126220581,NA,NA,NA,NA
S3_188535953,3,188535953,NA,NA,NA,NA
S6_53633062,6,53633062,NA,NA,NA,NA
S10_82669438,10,82669438,NA,NA,NA,NA
S10_82669441,10,82669441,NA,NA,NA,NA
S1_41430612,1,41430612,NA,NA,NA,NA
S1_41430620,1,41430620,NA,NA,NA,NA
S7_1519662,7,1519662,NA,NA,NA,NA
S1_281334270,1,281334270,NA,NA,NA,NA
S2_37415649,2,37415649,NA,NA,NA,NA
S5_3498742,5,3498742,NA,NA,NA,NA
S2_3410285,2,3410285,NA,NA,NA,NA
S2_2802065,2,2802065,NA,NA,NA,NA
S9_95077754,9,95077754,NA,NA,NA,NA
S9_95077772,9,95077772,NA,NA,NA,NA
S5_13136968,5,13136968,NA,NA,NA,NA
S5_13137010,5,13137010,NA,NA,NA,NA
S5_200110048,5,200110048,NA,NA,NA,NA
S6_100126179,6,100126179,NA,NA,NA,NA
S2_60769736,2,60769736,NA,NA,NA,NA
S4_193763720,4,193763720,NA,NA,NA,NA
S6_156926702,6,156926702,NA,NA,NA,NA
S8_81881044,8,81881044,NA,NA,NA,NA
S10_26137483,10,26137483,NA,NA,NA,NA
S8_14594578,8,14594578,NA,NA,NA,NA
S1_58473259,1,58473259,NA,NA,NA,NA
S9_151665860,9,151665860,NA,NA,NA,NA
S3_229430338,3,229430338,NA,NA,NA,NA
S8_26861036,8,26861036,NA,NA,NA,NA
S9_13462004,9,13462004,NA,NA,NA,NA
S3_223756485,3,223756485,NA,NA,NA,NA
S10_12746174,10,12746174,NA,NA,NA,NA
S3_221440489,3,221440489,NA,NA,NA,NA
S1_2784215,1,2784215,NA,NA,NA,NA
S3_198376250,3,198376250,NA,NA,NA,NA
S5_13180635,5,13180635,NA,NA,NA,NA
S7_17180533,7,17180533,NA,NA,NA,NA
S8_65099775,8,65099775,NA,NA,NA,NA
S1_76241414,1,76241414,NA,NA,NA,NA
S8_18006,8,18006,NA,NA,NA,NA
S9_8433724,9,8433724,NA,NA,NA,NA
S4_191750934,4,191750934,NA,NA,NA,NA
S4_191750941,4,191750941,NA,NA,NA,NA
S4_191750943,4,191750943,NA,NA,NA,NA
S4_191750944,4,191750944,NA,NA,NA,NA
S9_16318581,9,16318581,NA,NA,NA,NA
S5_76218927,5,76218927,NA,NA,NA,NA
S4_26424338,4,26424338,NA,NA,NA,NA
S2_216036639,2,216036639,NA,NA,NA,NA
S4_1046263,4,1046263,NA,NA,NA,NA
S1_295988910,1,295988910,NA,NA,NA,NA
S5_74653782,5,74653782,NA,NA,NA,NA
S7_22682181,7,22682181,NA,NA,NA,NA
S2_223290227,2,223290227,NA,NA,NA,NA
S6_165566862,6,165566862,NA,NA,NA,NA
S10_10194999,10,10194999,NA,NA,NA,NA
S4_127189841,4,127189841,NA,NA,NA,NA
S4_127189858,4,127189858,NA,NA,NA,NA
S3_35502438,3,35502438,NA,NA,NA,NA
S7_167811322,7,167811322,NA,NA,NA,NA
S9_19923897,9,19923897,NA,NA,NA,NA
S3_126445605,3,126445605,NA,NA,NA,NA
S2_210963551,2,210963551,NA,NA,NA,NA
S1_281908482,1,281908482,NA,NA,NA,NA
S8_146606914,8,146606914,NA,NA,NA,NA
S1_82508779,1,82508779,NA,NA,NA,NA
S7_122921996,7,122921996,NA,NA,NA,NA
S8_159789625,8,159789625,NA,NA,NA,NA
S1_164493477,1,164493477,NA,NA,NA,NA
S1_6023708,1,6023708,NA,NA,NA,NA
S7_106325850,7,106325850,NA,NA,NA,NA
S10_127362046,10,127362046,NA,NA,NA,NA
S4_153405621,4,153405621,NA,NA,NA,NA
S9_36546632,9,36546632,NA,NA,NA,NA
S3_185406507,3,185406507,NA,NA,NA,NA
S3_185406508,3,185406508,NA,NA,NA,NA
S3_185406521,3,185406521,NA,NA,NA,NA
S1_94208283,1,94208283,NA,NA,NA,NA
S6_128566763,6,128566763,NA,NA,NA,NA
S7_164656205,7,164656205,NA,NA,NA,NA
S5_17977491,5,17977491,NA,NA,NA,NA
S4_142811710,4,142811710,NA,NA,NA,NA
S2_148723082,2,148723082,NA,NA,NA,NA
S2_148723085,2,148723085,NA,NA,NA,NA
S2_148723089,2,148723089,NA,NA,NA,NA
S2_148723095,2,148723095,NA,NA,NA,NA
S2_148723097,2,148723097,NA,NA,NA,NA
S5_16321344,5,16321344,NA,NA,NA,NA
S3_122496313,3,122496313,NA,NA,NA,NA
S7_30505668,7,30505668,NA,NA,NA,NA
S2_3387748,2,3387748,NA,NA,NA,NA
S10_142606969,10,142606969,NA,NA,NA,NA
S5_30601083,5,30601083,NA,NA,NA,NA
S1_2842612,1,2842612,NA,NA,NA,NA
S5_14609016,5,14609016,NA,NA,NA,NA
S4_2488289,4,2488289,NA,NA,NA,NA
S8_15435136,8,15435136,NA,NA,NA,NA
S7_107927935,7,107927935,NA,NA,NA,NA
S2_204080516,2,204080516,NA,NA,NA,NA
S5_210776758,5,210776758,NA,NA,NA,NA
S5_87113151,5,87113151,NA,NA,NA,NA
S5_208098758,5,208098758,NA,NA,NA,NA
S6_3677463,6,3677463,NA,NA,NA,NA
S2_222708077,2,222708077,NA,NA,NA,NA
S2_222708084,2,222708084,NA,NA,NA,NA
S4_38028987,4,38028987,NA,NA,NA,NA
S4_163263726,4,163263726,NA,NA,NA,NA
S9_146458185,9,146458185,NA,NA,NA,NA
S9_124264969,9,124264969,NA,NA,NA,NA
S6_1287238,6,1287238,NA,NA,NA,NA
S6_7046706,6,7046706,NA,NA,NA,NA
S2_14805756,2,14805756,NA,NA,NA,NA
S7_89710932,7,89710932,NA,NA,NA,NA
S5_212027442,5,212027442,NA,NA,NA,NA
S3_156936842,3,156936842,NA,NA,NA,NA
S1_188073885,1,188073885,NA,NA,NA,NA
S10_1348911,10,1348911,NA,NA,NA,NA
S2_22999543,2,22999543,NA,NA,NA,NA
S1_41245268,1,41245268,NA,NA,NA,NA
S2_197007656,2,197007656,NA,NA,NA,NA
S6_25374612,6,25374612,NA,NA,NA,NA
S6_25374616,6,25374616,NA,NA,NA,NA
S2_9443011,2,9443011,NA,NA,NA,NA
S4_228623055,4,228623055,NA,NA,NA,NA
S4_227660340,4,227660340,NA,NA,NA,NA
S8_170216613,8,170216613,NA,NA,NA,NA
S4_32243907,4,32243907,NA,NA,NA,NA
S3_15233331,3,15233331,NA,NA,NA,NA
S10_5588388,10,5588388,NA,NA,NA,NA
S3_43222785,3,43222785,NA,NA,NA,NA
S8_17874136,8,17874136,NA,NA,NA,NA
S2_47310353,2,47310353,NA,NA,NA,NA
S1_51022083,1,51022083,NA,NA,NA,NA
S2_3667969,2,3667969,NA,NA,NA,NA
S9_104482938,9,104482938,NA,NA,NA,NA
S2_70559937,2,70559937,NA,NA,NA,NA
S6_119686672,6,119686672,NA,NA,NA,NA
S6_119686682,6,119686682,NA,NA,NA,NA
S2_8910970,2,8910970,NA,NA,NA,NA
S6_166052041,6,166052041,NA,NA,NA,NA
S2_189839333,2,189839333,NA,NA,NA,NA
S10_7440480,10,7440480,NA,NA,NA,NA
S1_280344292,1,280344292,NA,NA,NA,NA
S1_70721796,1,70721796,NA,NA,NA,NA
S1_19104390,1,19104390,NA,NA,NA,NA
S10_130255919,10,130255919,NA,NA,NA,NA
S4_67652163,4,67652163,NA,NA,NA,NA
S2_19147876,2,19147876,NA,NA,NA,NA
S8_22642478,8,22642478,NA,NA,NA,NA
S1_47597794,1,47597794,NA,NA,NA,NA
S1_228056879,1,228056879,NA,NA,NA,NA
S4_240225773,4,240225773,NA,NA,NA,NA
S1_37209357,1,37209357,NA,NA,NA,NA
S8_33073553,8,33073553,NA,NA,NA,NA
S10_132321803,10,132321803,NA,NA,NA,NA
S3_115428773,3,115428773,NA,NA,NA,NA
S10_34232921,10,34232921,NA,NA,NA,NA
S2_12267694,2,12267694,NA,NA,NA,NA
S1_179341109,1,179341109,NA,NA,NA,NA
S1_7954744,1,7954744,NA,NA,NA,NA
S10_141078283,10,141078283,NA,NA,NA,NA
S5_210741048,5,210741048,NA,NA,NA,NA
S1_202550255,1,202550255,NA,NA,NA,NA
S1_202550251,1,202550251,NA,NA,NA,NA
S7_120721049,7,120721049,NA,NA,NA,NA
S10_99215847,10,99215847,NA,NA,NA,NA
S7_158959008,7,158959008,NA,NA,NA,NA
S1_198733640,1,198733640,NA,NA,NA,NA
S8_159389523,8,159389523,NA,NA,NA,NA
S1_26825503,1,26825503,NA,NA,NA,NA
S1_4998200,1,4998200,NA,NA,NA,NA
S8_146606901,8,146606901,NA,NA,NA,NA
S4_196460662,4,196460662,NA,NA,NA,NA
S6_152461151,6,152461151,NA,NA,NA,NA
S6_152461153,6,152461153,NA,NA,NA,NA
S6_152461160,6,152461160,NA,NA,NA,NA
S1_2691904,1,2691904,NA,NA,NA,NA
S4_43151799,4,43151799,NA,NA,NA,NA
S5_152744116,5,152744116,NA,NA,NA,NA
S9_105343508,9,105343508,NA,NA,NA,NA
S5_182450694,5,182450694,NA,NA,NA,NA
S2_2478407,2,2478407,NA,NA,NA,NA
S2_203590200,2,203590200,NA,NA,NA,NA
S1_253768401,1,253768401,NA,NA,NA,NA
S1_253768413,1,253768413,NA,NA,NA,NA
S10_127620332,10,127620332,NA,NA,NA,NA
S2_9443016,2,9443016,NA,NA,NA,NA
S10_139839760,10,139839760,NA,NA,NA,NA
S5_59726161,5,59726161,NA,NA,NA,NA
S2_189701297,2,189701297,NA,NA,NA,NA
S5_62756713,5,62756713,NA,NA,NA,NA
S4_200826452,4,200826452,NA,NA,NA,NA
S7_104174116,7,104174116,NA,NA,NA,NA
S5_74657064,5,74657064,NA,NA,NA,NA
S4_233070904,4,233070904,NA,NA,NA,NA
S2_203936568,2,203936568,NA,NA,NA,NA
S4_235075381,4,235075381,NA,NA,NA,NA
S10_126310131,10,126310131,NA,NA,NA,NA
S3_21756473,3,21756473,NA,NA,NA,NA
S2_194114067,2,194114067,NA,NA,NA,NA
S1_296205408,1,296205408,NA,NA,NA,NA
S4_146135990,4,146135990,NA,NA,NA,NA
S5_48144093,5,48144093,NA,NA,NA,NA
S2_229298214,2,229298214,NA,NA,NA,NA
S8_161725231,8,161725231,NA,NA,NA,NA
S1_4452378,1,4452378,NA,NA,NA,NA
S8_27312964,8,27312964,NA,NA,NA,NA
S8_27312967,8,27312967,NA,NA,NA,NA
S8_27312969,8,27312969,NA,NA,NA,NA
S10_132560100,10,132560100,NA,NA,NA,NA
S5_215483076,5,215483076,NA,NA,NA,NA
S9_23212586,9,23212586,NA,NA,NA,NA
S9_14537305,9,14537305,NA,NA,NA,NA
S9_14537319,9,14537319,NA,NA,NA,NA
S7_151085458,7,151085458,NA,NA,NA,NA
S8_101507895,8,101507895,NA,NA,NA,NA
S1_71127170,1,71127170,NA,NA,NA,NA
S2_27253339,2,27253339,NA,NA,NA,NA
S7_130101537,7,130101537,NA,NA,NA,NA
S2_4889612,2,4889612,NA,NA,NA,NA
S3_189356738,3,189356738,NA,NA,NA,NA
S1_22260328,1,22260328,NA,NA,NA,NA
S3_66944571,3,66944571,NA,NA,NA,NA
S1_52087029,1,52087029,NA,NA,NA,NA
S4_82641992,4,82641992,NA,NA,NA,NA
S6_140694341,6,140694341,NA,NA,NA,NA
S3_218188241,3,218188241,NA,NA,NA,NA
S5_61524554,5,61524554,NA,NA,NA,NA
S1_253300655,1,253300655,NA,NA,NA,NA
S5_199979103,5,199979103,NA,NA,NA,NA
S4_186044678,4,186044678,NA,NA,NA,NA
S9_120079879,9,120079879,NA,NA,NA,NA
S4_200538804,4,200538804,NA,NA,NA,NA
S8_161916833,8,161916833,NA,NA,NA,NA
S1_285978590,1,285978590,NA,NA,NA,NA
S6_159016815,6,159016815,NA,NA,NA,NA
S3_160516101,3,160516101,NA,NA,NA,NA
S2_232364661,2,232364661,NA,NA,NA,NA
S4_187875464,4,187875464,NA,NA,NA,NA
S3_199745907,3,199745907,NA,NA,NA,NA
S4_15320920,4,15320920,NA,NA,NA,NA
S6_149124654,6,149124654,NA,NA,NA,NA
S1_59960019,1,59960019,NA,NA,NA,NA
S6_98259586,6,98259586,NA,NA,NA,NA
S7_161686577,7,161686577,NA,NA,NA,NA
S4_71056989,4,71056989,NA,NA,NA,NA
S4_187417472,4,187417472,NA,NA,NA,NA
S7_170990628,7,170990628,NA,NA,NA,NA
S10_10245594,10,10245594,NA,NA,NA,NA
S7_122921991,7,122921991,NA,NA,NA,NA
S8_168917615,8,168917615,NA,NA,NA,NA
S2_24558058,2,24558058,NA,NA,NA,NA
S7_160746892,7,160746892,NA,NA,NA,NA
S1_6431158,1,6431158,NA,NA,NA,NA
S7_153705655,7,153705655,NA,NA,NA,NA
S1_252632654,1,252632654,NA,NA,NA,NA
S9_112941601,9,112941601,NA,NA,NA,NA
S5_15322429,5,15322429,NA,NA,NA,NA
S5_197950677,5,197950677,NA,NA,NA,NA
S3_1721394,3,1721394,NA,NA,NA,NA
S1_272337189,1,272337189,NA,NA,NA,NA
S1_272337196,1,272337196,NA,NA,NA,NA
S5_159912877,5,159912877,NA,NA,NA,NA
S5_159912887,5,159912887,NA,NA,NA,NA
S4_240467027,4,240467027,NA,NA,NA,NA
S3_214368288,3,214368288,NA,NA,NA,NA
S4_74639518,4,74639518,NA,NA,NA,NA
S5_167970089,5,167970089,NA,NA,NA,NA
S2_142019389,2,142019389,NA,NA,NA,NA
S9_23279768,9,23279768,NA,NA,NA,NA
S9_23279769,9,23279769,NA,NA,NA,NA
S9_23279771,9,23279771,NA,NA,NA,NA
S2_198321807,2,198321807,NA,NA,NA,NA
S4_68865177,4,68865177,NA,NA,NA,NA
S6_58868856,6,58868856,NA,NA,NA,NA
S6_58868862,6,58868862,NA,NA,NA,NA
S10_145274286,10,145274286,NA,NA,NA,NA
S5_178582314,5,178582314,NA,NA,NA,NA
S1_230372883,1,230372883,NA,NA,NA,NA
S2_202316102,2,202316102,NA,NA,NA,NA
S8_69119155,8,69119155,NA,NA,NA,NA
S2_14715409,2,14715409,NA,NA,NA,NA
S7_151082116,7,151082116,NA,NA,NA,NA
S6_112602976,6,112602976,NA,NA,NA,NA
S3_38058718,3,38058718,NA,NA,NA,NA
S4_233658573,4,233658573,NA,NA,NA,NA
S4_233658576,4,233658576,NA,NA,NA,NA
S4_233658577,4,233658577,NA,NA,NA,NA
S4_233658578,4,233658578,NA,NA,NA,NA
S4_233658579,4,233658579,NA,NA,NA,NA
S3_204689666,3,204689666,NA,NA,NA,NA
S4_224911596,4,224911596,NA,NA,NA,NA
S2_199462332,2,199462332,NA,NA,NA,NA
S2_217344113,2,217344113,NA,NA,NA,NA
S1_220365504,1,220365504,NA,NA,NA,NA
S6_109594307,6,109594307,NA,NA,NA,NA
S3_227425995,3,227425995,NA,NA,NA,NA
S2_161274058,2,161274058,NA,NA,NA,NA
S7_156739222,7,156739222,NA,NA,NA,NA
S5_53626664,5,53626664,NA,NA,NA,NA
S4_211594435,4,211594435,NA,NA,NA,NA
S10_146472782,10,146472782,NA,NA,NA,NA
S6_118827986,6,118827986,NA,NA,NA,NA
S9_30187982,9,30187982,NA,NA,NA,NA
S2_11947082,2,11947082,NA,NA,NA,NA
S9_145177544,9,145177544,NA,NA,NA,NA
S4_179619405,4,179619405,NA,NA,NA,NA
S1_283861237,1,283861237,NA,NA,NA,NA
S1_78056988,1,78056988,NA,NA,NA,NA
S3_11534060,3,11534060,NA,NA,NA,NA
S3_11534061,3,11534061,NA,NA,NA,NA
S9_129518705,9,129518705,NA,NA,NA,NA
S1_235569955,1,235569955,NA,NA,NA,NA
S4_201753103,4,201753103,NA,NA,NA,NA
S7_995713,7,995713,NA,NA,NA,NA
S6_153252721,6,153252721,NA,NA,NA,NA
S9_136907029,9,136907029,NA,NA,NA,NA
S10_129586201,10,129586201,NA,NA,NA,NA
S10_129586202,10,129586202,NA,NA,NA,NA
S8_155080143,8,155080143,NA,NA,NA,NA
S1_255089333,1,255089333,NA,NA,NA,NA
S6_150772344,6,150772344,NA,NA,NA,NA
S9_18239309,9,18239309,NA,NA,NA,NA
S2_232166831,2,232166831,NA,NA,NA,NA
S10_141276166,10,141276166,NA,NA,NA,NA
S8_161903334,8,161903334,NA,NA,NA,NA
S5_4205031,5,4205031,NA,NA,NA,NA
S6_114931605,6,114931605,NA,NA,NA,NA
S3_194890718,3,194890718,NA,NA,NA,NA
S1_76339689,1,76339689,NA,NA,NA,NA
S3_187898789,3,187898789,NA,NA,NA,NA
S2_220756154,2,220756154,NA,NA,NA,NA
S2_44387411,2,44387411,NA,NA,NA,NA
S7_159462740,7,159462740,NA,NA,NA,NA
S4_24977720,4,24977720,NA,NA,NA,NA
S1_14033579,1,14033579,NA,NA,NA,NA
S7_15073653,7,15073653,NA,NA,NA,NA
S5_20198086,5,20198086,NA,NA,NA,NA
S6_162692916,6,162692916,NA,NA,NA,NA
S5_176989571,5,176989571,NA,NA,NA,NA
S8_23661224,8,23661224,NA,NA,NA,NA
S6_80975061,6,80975061,NA,NA,NA,NA
S2_224910712,2,224910712,NA,NA,NA,NA
S8_159789640,8,159789640,NA,NA,NA,NA
S10_112204539,10,112204539,NA,NA,NA,NA
S2_81808116,2,81808116,NA,NA,NA,NA
S2_191441944,2,191441944,NA,NA,NA,NA
S3_8881380,3,8881380,NA,NA,NA,NA
S1_52606991,1,52606991,NA,NA,NA,NA
S6_107360864,6,107360864,NA,NA,NA,NA
S9_23279770,9,23279770,NA,NA,NA,NA
S3_190946678,3,190946678,NA,NA,NA,NA
S2_184172177,2,184172177,NA,NA,NA,NA
S9_20114132,9,20114132,NA,NA,NA,NA
S3_58537567,3,58537567,NA,NA,NA,NA
S9_124957912,9,124957912,NA,NA,NA,NA
S9_124957915,9,124957915,NA,NA,NA,NA
S8_122949412,8,122949412,NA,NA,NA,NA
S1_177613762,1,177613762,NA,NA,NA,NA
S3_157416485,3,157416485,NA,NA,NA,NA
S2_199462351,2,199462351,NA,NA,NA,NA
S2_199462352,2,199462352,NA,NA,NA,NA
S3_190566813,3,190566813,NA,NA,NA,NA
S1_38877179,1,38877179,NA,NA,NA,NA
S4_177380565,4,177380565,NA,NA,NA,NA
S4_177380567,4,177380567,NA,NA,NA,NA
S4_177380571,4,177380571,NA,NA,NA,NA
S4_177380583,4,177380583,NA,NA,NA,NA
S4_177380584,4,177380584,NA,NA,NA,NA
S1_16178829,1,16178829,NA,NA,NA,NA
S8_163215066,8,163215066,NA,NA,NA,NA
S2_210034950,2,210034950,NA,NA,NA,NA
S2_213764609,2,213764609,NA,NA,NA,NA
S4_174012573,4,174012573,NA,NA,NA,NA
S9_129344352,9,129344352,NA,NA,NA,NA
S2_3748026,2,3748026,NA,NA,NA,NA
S3_128668748,3,128668748,NA,NA,NA,NA
S10_10882744,10,10882744,NA,NA,NA,NA
S6_167825095,6,167825095,NA,NA,NA,NA
S1_248595048,1,248595048,NA,NA,NA,NA
S2_213842774,2,213842774,NA,NA,NA,NA
S8_6481236,8,6481236,NA,NA,NA,NA
S5_56216291,5,56216291,NA,NA,NA,NA
S6_159612320,6,159612320,NA,NA,NA,NA
S1_233556593,1,233556593,NA,NA,NA,NA
S5_175589173,5,175589173,NA,NA,NA,NA
S2_4166860,2,4166860,NA,NA,NA,NA
S1_157067904,1,157067904,NA,NA,NA,NA
S5_78810690,5,78810690,NA,NA,NA,NA
S1_179371216,1,179371216,NA,NA,NA,NA
S8_173805800,8,173805800,NA,NA,NA,NA
S5_56216300,5,56216300,NA,NA,NA,NA
S3_210260755,3,210260755,NA,NA,NA,NA
S4_234211826,4,234211826,NA,NA,NA,NA
S5_87402503,5,87402503,NA,NA,NA,NA
S5_31827672,5,31827672,NA,NA,NA,NA
S2_6566494,2,6566494,NA,NA,NA,NA
S2_6566495,2,6566495,NA,NA,NA,NA
S9_30188033,9,30188033,NA,NA,NA,NA
S9_30188047,9,30188047,NA,NA,NA,NA
S3_56812684,3,56812684,NA,NA,NA,NA
S9_18784058,9,18784058,NA,NA,NA,NA
S7_71622257,7,71622257,NA,NA,NA,NA
S10_139839757,10,139839757,NA,NA,NA,NA
S10_139839771,10,139839771,NA,NA,NA,NA
S10_139839777,10,139839777,NA,NA,NA,NA
S1_7342989,1,7342989,NA,NA,NA,NA
S2_24558683,2,24558683,NA,NA,NA,NA
S3_210260751,3,210260751,NA,NA,NA,NA
S1_19493006,1,19493006,NA,NA,NA,NA
S4_52896261,4,52896261,NA,NA,NA,NA
S6_39198557,6,39198557,NA,NA,NA,NA
S3_5989094,3,5989094,NA,NA,NA,NA
S2_236188489,2,236188489,NA,NA,NA,NA
S1_10970076,1,10970076,NA,NA,NA,NA
S6_167034343,6,167034343,NA,NA,NA,NA
S4_145624865,4,145624865,NA,NA,NA,NA
S5_182450689,5,182450689,NA,NA,NA,NA
S3_183312523,3,183312523,NA,NA,NA,NA
S8_82495447,8,82495447,NA,NA,NA,NA
S5_9090609,5,9090609,NA,NA,NA,NA
S6_141043754,6,141043754,NA,NA,NA,NA
S5_150510159,5,150510159,NA,NA,NA,NA
S4_6998532,4,6998532,NA,NA,NA,NA
S4_6998534,4,6998534,NA,NA,NA,NA
S4_6998535,4,6998535,NA,NA,NA,NA
S1_217210507,1,217210507,NA,NA,NA,NA
S5_152566837,5,152566837,NA,NA,NA,NA
S2_3583195,2,3583195,NA,NA,NA,NA
S2_28405350,2,28405350,NA,NA,NA,NA
S9_142945351,9,142945351,NA,NA,NA,NA
S3_1289867,3,1289867,NA,NA,NA,NA
S5_158684493,5,158684493,NA,NA,NA,NA
S10_148812063,10,148812063,NA,NA,NA,NA
S1_172120932,1,172120932,NA,NA,NA,NA
S5_170245843,5,170245843,NA,NA,NA,NA
S1_82509295,1,82509295,NA,NA,NA,NA
S10_6659997,10,6659997,NA,NA,NA,NA
S10_141963062,10,141963062,NA,NA,NA,NA
S1_22260330,1,22260330,NA,NA,NA,NA
S6_123769057,6,123769057,NA,NA,NA,NA
S8_174216394,8,174216394,NA,NA,NA,NA
S8_174216398,8,174216398,NA,NA,NA,NA
S1_65351115,1,65351115,NA,NA,NA,NA
S1_65351136,1,65351136,NA,NA,NA,NA
S4_237503725,4,237503725,NA,NA,NA,NA
S5_93280739,5,93280739,NA,NA,NA,NA
S1_292891540,1,292891540,NA,NA,NA,NA
S1_49781899,1,49781899,NA,NA,NA,NA
S10_14912330,10,14912330,NA,NA,NA,NA
S4_159642786,4,159642786,NA,NA,NA,NA
S8_81881056,8,81881056,NA,NA,NA,NA
S5_5327121,5,5327121,NA,NA,NA,NA
S3_86840502,3,86840502,NA,NA,NA,NA
S4_200842659,4,200842659,NA,NA,NA,NA
S5_76381716,5,76381716,NA,NA,NA,NA
S3_229386806,3,229386806,NA,NA,NA,NA
S8_87238367,8,87238367,NA,NA,NA,NA
S3_86840519,3,86840519,NA,NA,NA,NA
S3_173023084,3,173023084,NA,NA,NA,NA
S10_146336001,10,146336001,NA,NA,NA,NA
S3_173292898,3,173292898,NA,NA,NA,NA
S3_173292902,3,173292902,NA,NA,NA,NA
S3_173292903,3,173292903,NA,NA,NA,NA
S1_71128711,1,71128711,NA,NA,NA,NA
S5_150510186,5,150510186,NA,NA,NA,NA
S3_56287125,3,56287125,NA,NA,NA,NA
S8_161750753,8,161750753,NA,NA,NA,NA
S7_132518142,7,132518142,NA,NA,NA,NA
S4_6626335,4,6626335,NA,NA,NA,NA
S4_6626336,4,6626336,NA,NA,NA,NA
S1_263198685,1,263198685,NA,NA,NA,NA
S3_180746113,3,180746113,NA,NA,NA,NA
S6_115076748,6,115076748,NA,NA,NA,NA
S4_5416891,4,5416891,NA,NA,NA,NA
S1_34595261,1,34595261,NA,NA,NA,NA
S1_174525734,1,174525734,NA,NA,NA,NA
S7_138911939,7,138911939,NA,NA,NA,NA
S8_23889439,8,23889439,NA,NA,NA,NA
S4_212142881,4,212142881,NA,NA,NA,NA
S7_134039034,7,134039034,NA,NA,NA,NA
S4_23529213,4,23529213,NA,NA,NA,NA
S7_144028542,7,144028542,NA,NA,NA,NA
S4_174915620,4,174915620,NA,NA,NA,NA
S1_207528561,1,207528561,NA,NA,NA,NA
S2_104180877,2,104180877,NA,NA,NA,NA
S10_127047233,10,127047233,NA,NA,NA,NA
S9_18330716,9,18330716,NA,NA,NA,NA
S6_166176157,6,166176157,NA,NA,NA,NA
S1_297753226,1,297753226,NA,NA,NA,NA
S7_159130564,7,159130564,NA,NA,NA,NA
S2_107850568,2,107850568,NA,NA,NA,NA
S10_126446620,10,126446620,NA,NA,NA,NA
S9_15908864,9,15908864,NA,NA,NA,NA
S1_233555673,1,233555673,NA,NA,NA,NA
S5_205155248,5,205155248,NA,NA,NA,NA
S1_32228802,1,32228802,NA,NA,NA,NA
S2_187368203,2,187368203,NA,NA,NA,NA
S1_5629244,1,5629244,NA,NA,NA,NA
S4_168559755,4,168559755,NA,NA,NA,NA
S4_239436883,4,239436883,NA,NA,NA,NA
S4_201111128,4,201111128,NA,NA,NA,NA
S10_138215354,10,138215354,NA,NA,NA,NA
S6_144374326,6,144374326,NA,NA,NA,NA
S3_199028449,3,199028449,NA,NA,NA,NA
S4_154171442,4,154171442,NA,NA,NA,NA
S6_9195062,6,9195062,NA,NA,NA,NA
S5_5378859,5,5378859,NA,NA,NA,NA
S7_156118093,7,156118093,NA,NA,NA,NA
S1_38850914,1,38850914,NA,NA,NA,NA
S10_4586005,10,4586005,NA,NA,NA,NA
S4_163899454,4,163899454,NA,NA,NA,NA
S6_155014463,6,155014463,NA,NA,NA,NA
S7_6600708,7,6600708,NA,NA,NA,NA
S2_222693731,2,222693731,NA,NA,NA,NA
S8_151741577,8,151741577,NA,NA,NA,NA
S2_30361527,2,30361527,NA,NA,NA,NA
S3_216306250,3,216306250,NA,NA,NA,NA
S1_238813580,1,238813580,NA,NA,NA,NA
S10_10245991,10,10245991,NA,NA,NA,NA
S2_213162634,2,213162634,NA,NA,NA,NA
S5_188667233,5,188667233,NA,NA,NA,NA
S5_28211368,5,28211368,NA,NA,NA,NA
S6_162692922,6,162692922,NA,NA,NA,NA
S4_189107382,4,189107382,NA,NA,NA,NA
S5_4611498,5,4611498,NA,NA,NA,NA
S2_178225253,2,178225253,NA,NA,NA,NA
S10_141286121,10,141286121,NA,NA,NA,NA
S1_212258950,1,212258950,NA,NA,NA,NA
S1_4989664,1,4989664,NA,NA,NA,NA
S1_225576194,1,225576194,NA,NA,NA,NA
S1_225576209,1,225576209,NA,NA,NA,NA
S4_134623126,4,134623126,NA,NA,NA,NA
S3_43662269,3,43662269,NA,NA,NA,NA
S3_43662273,3,43662273,NA,NA,NA,NA
S3_43662283,3,43662283,NA,NA,NA,NA
S5_180636372,5,180636372,NA,NA,NA,NA
S6_162288629,6,162288629,NA,NA,NA,NA
S4_80248258,4,80248258,NA,NA,NA,NA
S1_35189997,1,35189997,NA,NA,NA,NA
S4_177348926,4,177348926,NA,NA,NA,NA
S4_834460,4,834460,NA,NA,NA,NA
S9_128320185,9,128320185,NA,NA,NA,NA
S8_157467590,8,157467590,NA,NA,NA,NA
S1_217113081,1,217113081,NA,NA,NA,NA
S1_217113104,1,217113104,NA,NA,NA,NA
S2_10495356,2,10495356,NA,NA,NA,NA
S6_31005649,6,31005649,NA,NA,NA,NA
S2_232384328,2,232384328,NA,NA,NA,NA
S2_236352794,2,236352794,NA,NA,NA,NA
S2_231986356,2,231986356,NA,NA,NA,NA
S7_174995289,7,174995289,NA,NA,NA,NA
S2_19259154,2,19259154,NA,NA,NA,NA
S9_151630902,9,151630902,NA,NA,NA,NA
S7_123566192,7,123566192,NA,NA,NA,NA
S8_161398150,8,161398150,NA,NA,NA,NA
S2_4512243,2,4512243,NA,NA,NA,NA
S1_7299841,1,7299841,NA,NA,NA,NA
S2_5836576,2,5836576,NA,NA,NA,NA
S1_285978585,1,285978585,NA,NA,NA,NA
S8_6480552,8,6480552,NA,NA,NA,NA
S7_108788464,7,108788464,NA,NA,NA,NA
S5_194170218,5,194170218,NA,NA,NA,NA
S5_160721368,5,160721368,NA,NA,NA,NA
S1_17015402,1,17015402,NA,NA,NA,NA
S6_118095458,6,118095458,NA,NA,NA,NA
S1_70578357,1,70578357,NA,NA,NA,NA
S4_113283405,4,113283405,NA,NA,NA,NA
S9_15909050,9,15909050,NA,NA,NA,NA
S4_43151808,4,43151808,NA,NA,NA,NA
S8_14837731,8,14837731,NA,NA,NA,NA
S7_3904552,7,3904552,NA,NA,NA,NA
S2_183495667,2,183495667,NA,NA,NA,NA
S5_16321350,5,16321350,NA,NA,NA,NA
S4_34337767,4,34337767,NA,NA,NA,NA
S1_193838256,1,193838256,NA,NA,NA,NA
S1_51041318,1,51041318,NA,NA,NA,NA
S1_232744629,1,232744629,NA,NA,NA,NA
S9_151365462,9,151365462,NA,NA,NA,NA
S10_10289734,10,10289734,NA,NA,NA,NA
S1_233455673,1,233455673,NA,NA,NA,NA
S4_200538745,4,200538745,NA,NA,NA,NA
S2_10497768,2,10497768,NA,NA,NA,NA
S9_26578147,9,26578147,NA,NA,NA,NA
S10_127812489,10,127812489,NA,NA,NA,NA
S1_23047091,1,23047091,NA,NA,NA,NA
S5_198789275,5,198789275,NA,NA,NA,NA
S9_151631615,9,151631615,NA,NA,NA,NA
S7_159231740,7,159231740,NA,NA,NA,NA
S7_159231776,7,159231776,NA,NA,NA,NA
S5_4310702,5,4310702,NA,NA,NA,NA
S2_36771401,2,36771401,NA,NA,NA,NA
S10_130698604,10,130698604,NA,NA,NA,NA
S4_184783191,4,184783191,NA,NA,NA,NA
S10_144687062,10,144687062,NA,NA,NA,NA
S3_5777895,3,5777895,NA,NA,NA,NA
S3_142736210,3,142736210,NA,NA,NA,NA
S1_77855221,1,77855221,NA,NA,NA,NA
S4_31674599,4,31674599,NA,NA,NA,NA
S5_59726162,5,59726162,NA,NA,NA,NA
S3_187711125,3,187711125,NA,NA,NA,NA
S9_6999936,9,6999936,NA,NA,NA,NA
S2_148723093,2,148723093,NA,NA,NA,NA
S1_232529882,1,232529882,NA,NA,NA,NA
S3_58537061,3,58537061,NA,NA,NA,NA
S4_234567013,4,234567013,NA,NA,NA,NA
S8_167015032,8,167015032,NA,NA,NA,NA
S1_16178827,1,16178827,NA,NA,NA,NA
S8_17970352,8,17970352,NA,NA,NA,NA
S1_24675532,1,24675532,NA,NA,NA,NA
S1_24675534,1,24675534,NA,NA,NA,NA
S6_147897417,6,147897417,NA,NA,NA,NA
S5_16321348,5,16321348,NA,NA,NA,NA
S4_237687581,4,237687581,NA,NA,NA,NA
S2_144632165,2,144632165,NA,NA,NA,NA
S2_87656519,2,87656519,NA,NA,NA,NA
S4_157609727,4,157609727,NA,NA,NA,NA
S1_257736340,1,257736340,NA,NA,NA,NA
S4_196927537,4,196927537,NA,NA,NA,NA
S6_84227173,6,84227173,NA,NA,NA,NA
S5_3335488,5,3335488,NA,NA,NA,NA
S5_174619813,5,174619813,NA,NA,NA,NA
S4_36306152,4,36306152,NA,NA,NA,NA
S4_36306175,4,36306175,NA,NA,NA,NA
S4_39543075,4,39543075,NA,NA,NA,NA
S2_179742751,2,179742751,NA,NA,NA,NA
S1_222588,1,222588,NA,NA,NA,NA
S1_207528571,1,207528571,NA,NA,NA,NA
S2_6004821,2,6004821,NA,NA,NA,NA
S1_44345973,1,44345973,NA,NA,NA,NA
S7_22519547,7,22519547,NA,NA,NA,NA
S1_285068973,1,285068973,NA,NA,NA,NA
S6_55954699,6,55954699,NA,NA,NA,NA
S6_55954729,6,55954729,NA,NA,NA,NA
S3_204129209,3,204129209,NA,NA,NA,NA
S7_166745705,7,166745705,NA,NA,NA,NA
S4_178062728,4,178062728,NA,NA,NA,NA
S3_127930765,3,127930765,NA,NA,NA,NA
S5_159330903,5,159330903,NA,NA,NA,NA
S5_2364980,5,2364980,NA,NA,NA,NA
S1_41430613,1,41430613,NA,NA,NA,NA
S5_132657090,5,132657090,NA,NA,NA,NA
S1_166060731,1,166060731,NA,NA,NA,NA
S4_239413714,4,239413714,NA,NA,NA,NA
S5_59726190,5,59726190,NA,NA,NA,NA
S2_5925900,2,5925900,NA,NA,NA,NA
S3_185406403,3,185406403,NA,NA,NA,NA
S4_201751332,4,201751332,NA,NA,NA,NA
S1_6234674,1,6234674,NA,NA,NA,NA
S2_24036765,2,24036765,NA,NA,NA,NA
S1_27117623,1,27117623,NA,NA,NA,NA
S8_173607440,8,173607440,NA,NA,NA,NA
S7_26599665,7,26599665,NA,NA,NA,NA
S2_83451063,2,83451063,NA,NA,NA,NA
S3_214794750,3,214794750,NA,NA,NA,NA
S3_183638823,3,183638823,NA,NA,NA,NA
S3_187261797,3,187261797,NA,NA,NA,NA
S5_92272119,5,92272119,NA,NA,NA,NA
S2_9617404,2,9617404,NA,NA,NA,NA
S7_89712049,7,89712049,NA,NA,NA,NA
S8_13686282,8,13686282,NA,NA,NA,NA
S6_113110707,6,113110707,NA,NA,NA,NA
S6_118095457,6,118095457,NA,NA,NA,NA
S6_118095463,6,118095463,NA,NA,NA,NA
S6_118095467,6,118095467,NA,NA,NA,NA
S6_118095473,6,118095473,NA,NA,NA,NA
S5_20795596,5,20795596,NA,NA,NA,NA
S8_115293786,8,115293786,NA,NA,NA,NA
S8_115293790,8,115293790,NA,NA,NA,NA
S3_114778747,3,114778747,NA,NA,NA,NA
S3_114778771,3,114778771,NA,NA,NA,NA
S3_201069017,3,201069017,NA,NA,NA,NA
S6_164675847,6,164675847,NA,NA,NA,NA
S3_218835977,3,218835977,NA,NA,NA,NA
S8_145768882,8,145768882,NA,NA,NA,NA
S6_57578466,6,57578466,NA,NA,NA,NA
S7_99384211,7,99384211,NA,NA,NA,NA
S5_92709566,5,92709566,NA,NA,NA,NA
S3_137581658,3,137581658,NA,NA,NA,NA
S3_133175799,3,133175799,NA,NA,NA,NA
S9_145504244,9,145504244,NA,NA,NA,NA
S7_2176401,7,2176401,NA,NA,NA,NA
S4_234112231,4,234112231,NA,NA,NA,NA
S1_29614149,1,29614149,NA,NA,NA,NA
S5_658175,5,658175,NA,NA,NA,NA
S9_57012269,9,57012269,NA,NA,NA,NA
S4_225264632,4,225264632,NA,NA,NA,NA
S9_45294624,9,45294624,NA,NA,NA,NA
S1_257737100,1,257737100,NA,NA,NA,NA
S1_257737139,1,257737139,NA,NA,NA,NA
S4_143082870,4,143082870,NA,NA,NA,NA
S8_13339324,8,13339324,NA,NA,NA,NA
S3_211758241,3,211758241,NA,NA,NA,NA
S1_263733899,1,263733899,NA,NA,NA,NA
S2_13452619,2,13452619,NA,NA,NA,NA
S8_159489210,8,159489210,NA,NA,NA,NA
S3_181707782,3,181707782,NA,NA,NA,NA
S5_3335490,5,3335490,NA,NA,NA,NA
S4_34337812,4,34337812,NA,NA,NA,NA
S1_273299097,1,273299097,NA,NA,NA,NA
S1_240383373,1,240383373,NA,NA,NA,NA
S3_153771171,3,153771171,NA,NA,NA,NA
S1_61623791,1,61623791,NA,NA,NA,NA
S3_195700423,3,195700423,NA,NA,NA,NA
S3_195700442,3,195700442,NA,NA,NA,NA
S2_64937558,2,64937558,NA,NA,NA,NA
S3_230905918,3,230905918,NA,NA,NA,NA
S7_5784525,7,5784525,NA,NA,NA,NA
S6_161478416,6,161478416,NA,NA,NA,NA
S9_120415011,9,120415011,NA,NA,NA,NA
S1_3081126,1,3081126,NA,NA,NA,NA
S8_153860369,8,153860369,NA,NA,NA,NA
S8_153860376,8,153860376,NA,NA,NA,NA
S5_95002952,5,95002952,NA,NA,NA,NA
S10_137357165,10,137357165,NA,NA,NA,NA
S1_214993355,1,214993355,NA,NA,NA,NA
S1_214993366,1,214993366,NA,NA,NA,NA
S6_167825101,6,167825101,NA,NA,NA,NA
S2_189090515,2,189090515,NA,NA,NA,NA
S6_74460087,6,74460087,NA,NA,NA,NA
S8_162507649,8,162507649,NA,NA,NA,NA
S2_10672266,2,10672266,NA,NA,NA,NA
S1_24786339,1,24786339,NA,NA,NA,NA
S9_32583853,9,32583853,NA,NA,NA,NA
S2_218027638,2,218027638,NA,NA,NA,NA
S8_3662375,8,3662375,NA,NA,NA,NA
S1_277844272,1,277844272,NA,NA,NA,NA
S3_223691924,3,223691924,NA,NA,NA,NA
S8_82738176,8,82738176,NA,NA,NA,NA
S1_285340338,1,285340338,NA,NA,NA,NA
S7_20195597,7,20195597,NA,NA,NA,NA
S2_9971418,2,9971418,NA,NA,NA,NA
S2_54962486,2,54962486,NA,NA,NA,NA
S1_206325100,1,206325100,NA,NA,NA,NA
S5_199649696,5,199649696,NA,NA,NA,NA
S2_42958484,2,42958484,NA,NA,NA,NA
S3_185257123,3,185257123,NA,NA,NA,NA
S1_187590454,1,187590454,NA,NA,NA,NA
S8_166900988,8,166900988,NA,NA,NA,NA
S8_166900997,8,166900997,NA,NA,NA,NA
S5_212169501,5,212169501,NA,NA,NA,NA
S7_172502973,7,172502973,NA,NA,NA,NA
S10_140051115,10,140051115,NA,NA,NA,NA
S6_137309233,6,137309233,NA,NA,NA,NA
S1_6199346,1,6199346,NA,NA,NA,NA
S4_26400087,4,26400087,NA,NA,NA,NA
S1_43060370,1,43060370,NA,NA,NA,NA
S2_192752258,2,192752258,NA,NA,NA,NA
S2_212485713,2,212485713,NA,NA,NA,NA
S2_212485720,2,212485720,NA,NA,NA,NA
S5_212647447,5,212647447,NA,NA,NA,NA
S10_85394037,10,85394037,NA,NA,NA,NA
S9_149544342,9,149544342,NA,NA,NA,NA
S4_166913796,4,166913796,NA,NA,NA,NA
S4_185081062,4,185081062,NA,NA,NA,NA
S1_255089284,1,255089284,NA,NA,NA,NA
S2_13452621,2,13452621,NA,NA,NA,NA
S5_188920032,5,188920032,NA,NA,NA,NA
S1_207726167,1,207726167,NA,NA,NA,NA
S2_187816932,2,187816932,NA,NA,NA,NA
S9_111431608,9,111431608,NA,NA,NA,NA
S6_152321419,6,152321419,NA,NA,NA,NA
S6_152321430,6,152321430,NA,NA,NA,NA
S1_73231669,1,73231669,NA,NA,NA,NA
S9_41517783,9,41517783,NA,NA,NA,NA
S10_147141147,10,147141147,NA,NA,NA,NA
S1_39145417,1,39145417,NA,NA,NA,NA
S9_147629111,9,147629111,NA,NA,NA,NA
S9_151631617,9,151631617,NA,NA,NA,NA
S9_151631618,9,151631618,NA,NA,NA,NA
S5_197710054,5,197710054,NA,NA,NA,NA
S3_88011770,3,88011770,NA,NA,NA,NA
S4_123978252,4,123978252,NA,NA,NA,NA
S2_186265666,2,186265666,NA,NA,NA,NA
S5_10106081,5,10106081,NA,NA,NA,NA
S8_28293528,8,28293528,NA,NA,NA,NA
S7_159578597,7,159578597,NA,NA,NA,NA
S3_149247407,3,149247407,NA,NA,NA,NA
S3_33059142,3,33059142,NA,NA,NA,NA
S4_227660682,4,227660682,NA,NA,NA,NA
S4_240524227,4,240524227,NA,NA,NA,NA
S10_136963180,10,136963180,NA,NA,NA,NA
S3_154076084,3,154076084,NA,NA,NA,NA
S2_6452981,2,6452981,NA,NA,NA,NA
S2_219698607,2,219698607,NA,NA,NA,NA
S2_233598214,2,233598214,NA,NA,NA,NA
S10_147449069,10,147449069,NA,NA,NA,NA
S7_1956868,7,1956868,NA,NA,NA,NA
S9_102323942,9,102323942,NA,NA,NA,NA
S8_3798905,8,3798905,NA,NA,NA,NA
S3_10516162,3,10516162,NA,NA,NA,NA
S1_217252626,1,217252626,NA,NA,NA,NA
S3_188514355,3,188514355,NA,NA,NA,NA
S1_160858351,1,160858351,NA,NA,NA,NA
S8_164865930,8,164865930,NA,NA,NA,NA
S8_164865932,8,164865932,NA,NA,NA,NA
S1_236232402,1,236232402,NA,NA,NA,NA
S3_199981266,3,199981266,NA,NA,NA,NA
S1_82703033,1,82703033,NA,NA,NA,NA
S1_3197122,1,3197122,NA,NA,NA,NA
S4_236572016,4,236572016,NA,NA,NA,NA
S1_82797487,1,82797487,NA,NA,NA,NA
S2_33617610,2,33617610,NA,NA,NA,NA
S3_159685973,3,159685973,NA,NA,NA,NA
S8_169088222,8,169088222,NA,NA,NA,NA
S1_51157286,1,51157286,NA,NA,NA,NA
S5_58601662,5,58601662,NA,NA,NA,NA
S1_217211250,1,217211250,NA,NA,NA,NA
S2_211501572,2,211501572,NA,NA,NA,NA
S1_258441447,1,258441447,NA,NA,NA,NA
S1_81549613,1,81549613,NA,NA,NA,NA
S10_137673394,10,137673394,NA,NA,NA,NA
S10_147151564,10,147151564,NA,NA,NA,NA
S4_23529168,4,23529168,NA,NA,NA,NA
S4_23529175,4,23529175,NA,NA,NA,NA
S5_209532246,5,209532246,NA,NA,NA,NA
S7_143521940,7,143521940,NA,NA,NA,NA
S10_117571222,10,117571222,NA,NA,NA,NA
S4_143082899,4,143082899,NA,NA,NA,NA
S9_18561135,9,18561135,NA,NA,NA,NA
S5_195542956,5,195542956,NA,NA,NA,NA
S8_164622809,8,164622809,NA,NA,NA,NA
S2_15994872,2,15994872,NA,NA,NA,NA
S4_142811707,4,142811707,NA,NA,NA,NA
S3_161956025,3,161956025,NA,NA,NA,NA
S2_229413910,2,229413910,NA,NA,NA,NA
S7_4115257,7,4115257,NA,NA,NA,NA
S5_30218631,5,30218631,NA,NA,NA,NA
S4_156023882,4,156023882,NA,NA,NA,NA
S5_67596839,5,67596839,NA,NA,NA,NA
S4_161306629,4,161306629,NA,NA,NA,NA
S2_217459041,2,217459041,NA,NA,NA,NA
S2_235065959,2,235065959,NA,NA,NA,NA
S8_164363025,8,164363025,NA,NA,NA,NA
S4_2763853,4,2763853,NA,NA,NA,NA
S3_175999785,3,175999785,NA,NA,NA,NA
S10_126532564,10,126532564,NA,NA,NA,NA
S9_46388002,9,46388002,NA,NA,NA,NA
S8_1352628,8,1352628,NA,NA,NA,NA
S5_30307827,5,30307827,NA,NA,NA,NA
S5_63828477,5,63828477,NA,NA,NA,NA
S5_63828525,5,63828525,NA,NA,NA,NA
S3_125715397,3,125715397,NA,NA,NA,NA
S1_222304755,1,222304755,NA,NA,NA,NA
S2_15973681,2,15973681,NA,NA,NA,NA
S1_253269519,1,253269519,NA,NA,NA,NA
S3_229245273,3,229245273,NA,NA,NA,NA
S3_197403688,3,197403688,NA,NA,NA,NA
S4_79839952,4,79839952,NA,NA,NA,NA
S5_5792483,5,5792483,NA,NA,NA,NA
S6_95327484,6,95327484,NA,NA,NA,NA
S6_95327485,6,95327485,NA,NA,NA,NA
S4_234391917,4,234391917,NA,NA,NA,NA
S4_22984191,4,22984191,NA,NA,NA,NA
S10_115123823,10,115123823,NA,NA,NA,NA
S8_82837155,8,82837155,NA,NA,NA,NA
S7_143410166,7,143410166,NA,NA,NA,NA
S1_102893610,1,102893610,NA,NA,NA,NA
S8_23889444,8,23889444,NA,NA,NA,NA
S1_128373,1,128373,NA,NA,NA,NA
S9_151365849,9,151365849,NA,NA,NA,NA
S9_46387998,9,46387998,NA,NA,NA,NA
S9_19923908,9,19923908,NA,NA,NA,NA
S8_57119840,8,57119840,NA,NA,NA,NA
S7_1794525,7,1794525,NA,NA,NA,NA
S5_199166509,5,199166509,NA,NA,NA,NA
S5_197710058,5,197710058,NA,NA,NA,NA
S2_196870841,2,196870841,NA,NA,NA,NA
S9_146816038,9,146816038,NA,NA,NA,NA
S4_189157835,4,189157835,NA,NA,NA,NA
S1_227510296,1,227510296,NA,NA,NA,NA
S8_138225353,8,138225353,NA,NA,NA,NA
S9_138615701,9,138615701,NA,NA,NA,NA
S1_268178020,1,268178020,NA,NA,NA,NA
S4_130030028,4,130030028,NA,NA,NA,NA
S8_14088037,8,14088037,NA,NA,NA,NA
S3_156634869,3,156634869,NA,NA,NA,NA
S9_30980010,9,30980010,NA,NA,NA,NA
S7_103946639,7,103946639,NA,NA,NA,NA
S3_172372690,3,172372690,NA,NA,NA,NA
S3_172372735,3,172372735,NA,NA,NA,NA
S1_35581565,1,35581565,NA,NA,NA,NA
S2_6849638,2,6849638,NA,NA,NA,NA
S10_145611011,10,145611011,NA,NA,NA,NA
S2_178185962,2,178185962,NA,NA,NA,NA
S3_2061938,3,2061938,NA,NA,NA,NA
S10_145949333,10,145949333,NA,NA,NA,NA
S7_67707638,7,67707638,NA,NA,NA,NA
S2_213089833,2,213089833,NA,NA,NA,NA
S3_182710259,3,182710259,NA,NA,NA,NA
S3_182710266,3,182710266,NA,NA,NA,NA
S5_29323822,5,29323822,NA,NA,NA,NA
S6_145318442,6,145318442,NA,NA,NA,NA
S3_187261748,3,187261748,NA,NA,NA,NA
S5_17119402,5,17119402,NA,NA,NA,NA
S4_125215936,4,125215936,NA,NA,NA,NA
S3_171429383,3,171429383,NA,NA,NA,NA
S4_237146983,4,237146983,NA,NA,NA,NA
S2_194114380,2,194114380,NA,NA,NA,NA
S2_41896489,2,41896489,NA,NA,NA,NA
S2_36451556,2,36451556,NA,NA,NA,NA
S3_122075783,3,122075783,NA,NA,NA,NA
S4_173629345,4,173629345,NA,NA,NA,NA
S5_2120268,5,2120268,NA,NA,NA,NA
S2_210451952,2,210451952,NA,NA,NA,NA
S6_156394655,6,156394655,NA,NA,NA,NA
S2_193622309,2,193622309,NA,NA,NA,NA
S2_193622310,2,193622310,NA,NA,NA,NA
S2_213089830,2,213089830,NA,NA,NA,NA
S7_174574340,7,174574340,NA,NA,NA,NA
S7_143747604,7,143747604,NA,NA,NA,NA
S9_114176901,9,114176901,NA,NA,NA,NA
S5_19440322,5,19440322,NA,NA,NA,NA
S3_216306247,3,216306247,NA,NA,NA,NA
S3_216306248,3,216306248,NA,NA,NA,NA
S8_88275351,8,88275351,NA,NA,NA,NA
S8_88275352,8,88275352,NA,NA,NA,NA
S10_140049565,10,140049565,NA,NA,NA,NA
S1_12852731,1,12852731,NA,NA,NA,NA
S7_163575625,7,163575625,NA,NA,NA,NA
S5_152844949,5,152844949,NA,NA,NA,NA
S2_33617618,2,33617618,NA,NA,NA,NA
S1_231186210,1,231186210,NA,NA,NA,NA
S3_128235788,3,128235788,NA,NA,NA,NA
S3_128235802,3,128235802,NA,NA,NA,NA
S5_88249355,5,88249355,NA,NA,NA,NA
S8_112714643,8,112714643,NA,NA,NA,NA
S3_217670225,3,217670225,NA,NA,NA,NA
S3_223680974,3,223680974,NA,NA,NA,NA
S3_223681010,3,223681010,NA,NA,NA,NA
S1_23937384,1,23937384,NA,NA,NA,NA
S1_77855213,1,77855213,NA,NA,NA,NA
S1_77855218,1,77855218,NA,NA,NA,NA
S1_77855256,1,77855256,NA,NA,NA,NA
S8_166501890,8,166501890,NA,NA,NA,NA
S4_196465577,4,196465577,NA,NA,NA,NA
S5_14608995,5,14608995,NA,NA,NA,NA
S5_2317834,5,2317834,NA,NA,NA,NA
S6_128054236,6,128054236,NA,NA,NA,NA
S2_24388790,2,24388790,NA,NA,NA,NA
S2_24388795,2,24388795,NA,NA,NA,NA
S10_145105100,10,145105100,NA,NA,NA,NA
S10_127367784,10,127367784,NA,NA,NA,NA
S7_2712391,7,2712391,NA,NA,NA,NA
S2_198440961,2,198440961,NA,NA,NA,NA
S9_128094033,9,128094033,NA,NA,NA,NA
S2_61470517,2,61470517,NA,NA,NA,NA
S9_10942824,9,10942824,NA,NA,NA,NA
S3_139180576,3,139180576,NA,NA,NA,NA
S8_88040306,8,88040306,NA,NA,NA,NA
S4_72224032,4,72224032,NA,NA,NA,NA
S4_72224046,4,72224046,NA,NA,NA,NA
S3_5777882,3,5777882,NA,NA,NA,NA
S4_131765728,4,131765728,NA,NA,NA,NA
S5_208098760,5,208098760,NA,NA,NA,NA
S7_161300535,7,161300535,NA,NA,NA,NA
S8_163729001,8,163729001,NA,NA,NA,NA
S8_20555724,8,20555724,NA,NA,NA,NA
S5_5186197,5,5186197,NA,NA,NA,NA
S10_126539012,10,126539012,NA,NA,NA,NA
S4_179083626,4,179083626,NA,NA,NA,NA
S2_219293267,2,219293267,NA,NA,NA,NA
S7_165157207,7,165157207,NA,NA,NA,NA
S8_116623680,8,116623680,NA,NA,NA,NA
S7_130887368,7,130887368,NA,NA,NA,NA
S8_36553556,8,36553556,NA,NA,NA,NA
S1_216581004,1,216581004,NA,NA,NA,NA
S4_139985613,4,139985613,NA,NA,NA,NA
S8_6111230,8,6111230,NA,NA,NA,NA
S1_292226029,1,292226029,NA,NA,NA,NA
S3_48956746,3,48956746,NA,NA,NA,NA
S9_48701033,9,48701033,NA,NA,NA,NA
S4_31576793,4,31576793,NA,NA,NA,NA
S8_5977634,8,5977634,NA,NA,NA,NA
S1_52087069,1,52087069,NA,NA,NA,NA
S5_168429453,5,168429453,NA,NA,NA,NA
S10_126651840,10,126651840,NA,NA,NA,NA
S4_237775556,4,237775556,NA,NA,NA,NA
S3_35353674,3,35353674,NA,NA,NA,NA
S4_143720266,4,143720266,NA,NA,NA,NA
S4_127925619,4,127925619,NA,NA,NA,NA
S2_188057674,2,188057674,NA,NA,NA,NA
S2_6849628,2,6849628,NA,NA,NA,NA
S3_204474994,3,204474994,NA,NA,NA,NA
S8_157883140,8,157883140,NA,NA,NA,NA
S2_3095749,2,3095749,NA,NA,NA,NA
S1_200162854,1,200162854,NA,NA,NA,NA
S1_273228195,1,273228195,NA,NA,NA,NA
S2_18627003,2,18627003,NA,NA,NA,NA
S2_18627004,2,18627004,NA,NA,NA,NA
S2_216005101,2,216005101,NA,NA,NA,NA
S10_147538760,10,147538760,NA,NA,NA,NA
S5_174217877,5,174217877,NA,NA,NA,NA
S2_4346071,2,4346071,NA,NA,NA,NA
S10_146472783,10,146472783,NA,NA,NA,NA
S5_206855327,5,206855327,NA,NA,NA,NA
S5_206855374,5,206855374,NA,NA,NA,NA
S1_217252472,1,217252472,NA,NA,NA,NA
S5_214499304,5,214499304,NA,NA,NA,NA
S5_62971453,5,62971453,NA,NA,NA,NA
S1_249067720,1,249067720,NA,NA,NA,NA
S10_116865651,10,116865651,NA,NA,NA,NA
S3_58713684,3,58713684,NA,NA,NA,NA
S1_51041338,1,51041338,NA,NA,NA,NA
S6_141514129,6,141514129,NA,NA,NA,NA
S10_139320282,10,139320282,NA,NA,NA,NA
S10_139320288,10,139320288,NA,NA,NA,NA
S2_173251245,2,173251245,NA,NA,NA,NA
S2_173251264,2,173251264,NA,NA,NA,NA
S2_173251285,2,173251285,NA,NA,NA,NA
S1_266164748,1,266164748,NA,NA,NA,NA
S5_173165237,5,173165237,NA,NA,NA,NA
S1_289548173,1,289548173,NA,NA,NA,NA
S5_182450672,5,182450672,NA,NA,NA,NA
S1_195753578,1,195753578,NA,NA,NA,NA
S3_209130483,3,209130483,NA,NA,NA,NA
S10_139839783,10,139839783,NA,NA,NA,NA
S5_68516908,5,68516908,NA,NA,NA,NA
S10_68924757,10,68924757,NA,NA,NA,NA
S8_79071168,8,79071168,NA,NA,NA,NA
S8_79071195,8,79071195,NA,NA,NA,NA
S1_92344808,1,92344808,NA,NA,NA,NA
S1_12352857,1,12352857,NA,NA,NA,NA
S10_134058616,10,134058616,NA,NA,NA,NA
S8_173839577,8,173839577,NA,NA,NA,NA
S8_138510292,8,138510292,NA,NA,NA,NA
S2_229918518,2,229918518,NA,NA,NA,NA
S3_166793803,3,166793803,NA,NA,NA,NA
S5_60775333,5,60775333,NA,NA,NA,NA
S1_298410667,1,298410667,NA,NA,NA,NA
S1_298410670,1,298410670,NA,NA,NA,NA
S1_298410672,1,298410672,NA,NA,NA,NA
S1_298410673,1,298410673,NA,NA,NA,NA
S1_298410674,1,298410674,NA,NA,NA,NA
S1_82391574,1,82391574,NA,NA,NA,NA
S7_100523905,7,100523905,NA,NA,NA,NA
S9_107841244,9,107841244,NA,NA,NA,NA
S4_193509519,4,193509519,NA,NA,NA,NA
S3_60571197,3,60571197,NA,NA,NA,NA
S1_282745010,1,282745010,NA,NA,NA,NA
S5_212164362,5,212164362,NA,NA,NA,NA
S1_292989876,1,292989876,NA,NA,NA,NA
S3_195608555,3,195608555,NA,NA,NA,NA
S2_226969457,2,226969457,NA,NA,NA,NA
S1_41279102,1,41279102,NA,NA,NA,NA
S1_41279111,1,41279111,NA,NA,NA,NA
S3_34552607,3,34552607,NA,NA,NA,NA
S6_63837795,6,63837795,NA,NA,NA,NA
S10_97726639,10,97726639,NA,NA,NA,NA
S1_16950843,1,16950843,NA,NA,NA,NA
S9_152137965,9,152137965,NA,NA,NA,NA
S5_208094194,5,208094194,NA,NA,NA,NA
S3_34498785,3,34498785,NA,NA,NA,NA
S5_9684496,5,9684496,NA,NA,NA,NA
S3_125613829,3,125613829,NA,NA,NA,NA
S1_50681506,1,50681506,NA,NA,NA,NA
S1_16778692,1,16778692,NA,NA,NA,NA
S1_16778695,1,16778695,NA,NA,NA,NA
S1_16778698,1,16778698,NA,NA,NA,NA
S1_16778740,1,16778740,NA,NA,NA,NA
S9_133049833,9,133049833,NA,NA,NA,NA
S5_173805513,5,173805513,NA,NA,NA,NA
S6_2382636,6,2382636,NA,NA,NA,NA
S1_166712285,1,166712285,NA,NA,NA,NA
S10_74807729,10,74807729,NA,NA,NA,NA
S1_27524339,1,27524339,NA,NA,NA,NA
S3_12132057,3,12132057,NA,NA,NA,NA
S7_134136009,7,134136009,NA,NA,NA,NA
S9_99671597,9,99671597,NA,NA,NA,NA
S8_133179731,8,133179731,NA,NA,NA,NA
S7_75898853,7,75898853,NA,NA,NA,NA
S1_156220073,1,156220073,NA,NA,NA,NA
S3_217237944,3,217237944,NA,NA,NA,NA
S10_142921312,10,142921312,NA,NA,NA,NA
S3_15741803,3,15741803,NA,NA,NA,NA
S7_19354428,7,19354428,NA,NA,NA,NA
S2_44380174,2,44380174,NA,NA,NA,NA
S3_159685970,3,159685970,NA,NA,NA,NA
S3_29652877,3,29652877,NA,NA,NA,NA
S8_54542826,8,54542826,NA,NA,NA,NA
S8_54542837,8,54542837,NA,NA,NA,NA
S3_5581198,3,5581198,NA,NA,NA,NA
S2_164272789,2,164272789,NA,NA,NA,NA
S5_18768586,5,18768586,NA,NA,NA,NA
S3_109366061,3,109366061,NA,NA,NA,NA
S6_2382645,6,2382645,NA,NA,NA,NA
S8_20079901,8,20079901,NA,NA,NA,NA
S2_4052024,2,4052024,NA,NA,NA,NA
S1_100824534,1,100824534,NA,NA,NA,NA
S10_136115307,10,136115307,NA,NA,NA,NA
S1_23116930,1,23116930,NA,NA,NA,NA
S3_187719236,3,187719236,NA,NA,NA,NA
S5_205145891,5,205145891,NA,NA,NA,NA
S10_108117926,10,108117926,NA,NA,NA,NA
S1_162160363,1,162160363,NA,NA,NA,NA
S7_7008380,7,7008380,NA,NA,NA,NA
S1_34970460,1,34970460,NA,NA,NA,NA
S2_8919474,2,8919474,NA,NA,NA,NA
S4_239436842,4,239436842,NA,NA,NA,NA
S4_238226008,4,238226008,NA,NA,NA,NA
S2_83540212,2,83540212,NA,NA,NA,NA
S9_115957353,9,115957353,NA,NA,NA,NA
S10_71665934,10,71665934,NA,NA,NA,NA
S1_38877211,1,38877211,NA,NA,NA,NA
S9_86530554,9,86530554,NA,NA,NA,NA
S1_119429834,1,119429834,NA,NA,NA,NA
S1_180625402,1,180625402,NA,NA,NA,NA
S1_258691206,1,258691206,NA,NA,NA,NA
S4_81592460,4,81592460,NA,NA,NA,NA
S5_61527255,5,61527255,NA,NA,NA,NA
S1_282462525,1,282462525,NA,NA,NA,NA
S1_258800389,1,258800389,NA,NA,NA,NA
S5_198789347,5,198789347,NA,NA,NA,NA
S3_127218378,3,127218378,NA,NA,NA,NA
S9_151481491,9,151481491,NA,NA,NA,NA
S2_146199343,2,146199343,NA,NA,NA,NA
S7_91704633,7,91704633,NA,NA,NA,NA
S3_231993804,3,231993804,NA,NA,NA,NA
S2_192752287,2,192752287,NA,NA,NA,NA
S4_35133684,4,35133684,NA,NA,NA,NA
S4_223520538,4,223520538,NA,NA,NA,NA
S4_57950069,4,57950069,NA,NA,NA,NA
S5_216440094,5,216440094,NA,NA,NA,NA
S2_3339748,2,3339748,NA,NA,NA,NA
S5_189199657,5,189199657,NA,NA,NA,NA
S5_66999949,5,66999949,NA,NA,NA,NA
S4_159725976,4,159725976,NA,NA,NA,NA
S8_101770829,8,101770829,NA,NA,NA,NA
S5_111998315,5,111998315,NA,NA,NA,NA
S6_124855815,6,124855815,NA,NA,NA,NA
S4_240613791,4,240613791,NA,NA,NA,NA
S3_172853337,3,172853337,NA,NA,NA,NA
S1_230957046,1,230957046,NA,NA,NA,NA
S2_215008180,2,215008180,NA,NA,NA,NA
S1_276989464,1,276989464,NA,NA,NA,NA
S5_4946166,5,4946166,NA,NA,NA,NA
S7_19353562,7,19353562,NA,NA,NA,NA
S9_109304418,9,109304418,NA,NA,NA,NA
S10_124148592,10,124148592,NA,NA,NA,NA
S8_141390880,8,141390880,NA,NA,NA,NA
S1_17886438,1,17886438,NA,NA,NA,NA
S1_17886443,1,17886443,NA,NA,NA,NA
S6_147337086,6,147337086,NA,NA,NA,NA
S5_32090529,5,32090529,NA,NA,NA,NA
S5_48449619,5,48449619,NA,NA,NA,NA
S1_292517317,1,292517317,NA,NA,NA,NA
S5_2144006,5,2144006,NA,NA,NA,NA
S2_44719716,2,44719716,NA,NA,NA,NA
S2_233425179,2,233425179,NA,NA,NA,NA
S2_230917753,2,230917753,NA,NA,NA,NA
S2_3708118,2,3708118,NA,NA,NA,NA
S1_294044189,1,294044189,NA,NA,NA,NA
S1_81516949,1,81516949,NA,NA,NA,NA
S2_22039929,2,22039929,NA,NA,NA,NA
S3_223306060,3,223306060,NA,NA,NA,NA
S10_132010081,10,132010081,NA,NA,NA,NA
S7_150874224,7,150874224,NA,NA,NA,NA
S3_92980734,3,92980734,NA,NA,NA,NA
S3_131050746,3,131050746,NA,NA,NA,NA
S1_174669769,1,174669769,NA,NA,NA,NA
S2_13352093,2,13352093,NA,NA,NA,NA
S4_231410652,4,231410652,NA,NA,NA,NA
S3_156486164,3,156486164,NA,NA,NA,NA
S5_160656656,5,160656656,NA,NA,NA,NA
S5_210739960,5,210739960,NA,NA,NA,NA
S6_149678160,6,149678160,NA,NA,NA,NA
S2_209283727,2,209283727,NA,NA,NA,NA
S10_123845274,10,123845274,NA,NA,NA,NA
S5_84063981,5,84063981,NA,NA,NA,NA
S7_127586223,7,127586223,NA,NA,NA,NA
S9_100190823,9,100190823,NA,NA,NA,NA
S3_1851247,3,1851247,NA,NA,NA,NA
S9_105055333,9,105055333,NA,NA,NA,NA
S2_44855760,2,44855760,NA,NA,NA,NA
S2_111583229,2,111583229,NA,NA,NA,NA
S8_159019003,8,159019003,NA,NA,NA,NA
S4_36217156,4,36217156,NA,NA,NA,NA
S10_148981066,10,148981066,NA,NA,NA,NA
S10_148981095,10,148981095,NA,NA,NA,NA
S3_208416894,3,208416894,NA,NA,NA,NA
S9_45294620,9,45294620,NA,NA,NA,NA
S9_109173786,9,109173786,NA,NA,NA,NA
S4_235268689,4,235268689,NA,NA,NA,NA
S1_2089585,1,2089585,NA,NA,NA,NA
S1_56970072,1,56970072,NA,NA,NA,NA
S2_188357758,2,188357758,NA,NA,NA,NA
S1_222304768,1,222304768,NA,NA,NA,NA
S7_13176585,7,13176585,NA,NA,NA,NA
S2_207040863,2,207040863,NA,NA,NA,NA
S5_200108478,5,200108478,NA,NA,NA,NA
S2_16682363,2,16682363,NA,NA,NA,NA
S10_7440477,10,7440477,NA,NA,NA,NA
S4_191239183,4,191239183,NA,NA,NA,NA
S8_111191786,8,111191786,NA,NA,NA,NA
S3_144216592,3,144216592,NA,NA,NA,NA
S3_91452122,3,91452122,NA,NA,NA,NA
S2_51753455,2,51753455,NA,NA,NA,NA
S2_196870842,2,196870842,NA,NA,NA,NA
S6_159716780,6,159716780,NA,NA,NA,NA
S3_64203765,3,64203765,NA,NA,NA,NA
S2_6180948,2,6180948,NA,NA,NA,NA
S8_170768665,8,170768665,NA,NA,NA,NA
S5_132657071,5,132657071,NA,NA,NA,NA
S10_148424891,10,148424891,NA,NA,NA,NA
S8_5330159,8,5330159,NA,NA,NA,NA
S4_143808906,4,143808906,NA,NA,NA,NA
S10_98999172,10,98999172,NA,NA,NA,NA
S3_199028464,3,199028464,NA,NA,NA,NA
S3_225119940,3,225119940,NA,NA,NA,NA
S2_21276397,2,21276397,NA,NA,NA,NA
S3_228551534,3,228551534,NA,NA,NA,NA
S10_136282986,10,136282986,NA,NA,NA,NA
S2_193815525,2,193815525,NA,NA,NA,NA
S4_198085426,4,198085426,NA,NA,NA,NA
S9_19286720,9,19286720,NA,NA,NA,NA
S5_214163669,5,214163669,NA,NA,NA,NA
S8_166501885,8,166501885,NA,NA,NA,NA
S5_141258839,5,141258839,NA,NA,NA,NA
S1_280088918,1,280088918,NA,NA,NA,NA
S1_35189966,1,35189966,NA,NA,NA,NA
S2_52284346,2,52284346,NA,NA,NA,NA
S1_217280427,1,217280427,NA,NA,NA,NA
S10_128420942,10,128420942,NA,NA,NA,NA
S10_128420957,10,128420957,NA,NA,NA,NA
S8_116621572,8,116621572,NA,NA,NA,NA
S5_145490614,5,145490614,NA,NA,NA,NA
S1_80087860,1,80087860,NA,NA,NA,NA
S8_146483145,8,146483145,NA,NA,NA,NA
S6_121311095,6,121311095,NA,NA,NA,NA
S2_208539076,2,208539076,NA,NA,NA,NA
S4_166913839,4,166913839,NA,NA,NA,NA
S3_231823991,3,231823991,NA,NA,NA,NA
S3_66944550,3,66944550,NA,NA,NA,NA
S3_200309834,3,200309834,NA,NA,NA,NA
S6_129793262,6,129793262,NA,NA,NA,NA
S5_98655403,5,98655403,NA,NA,NA,NA
S2_111356903,2,111356903,NA,NA,NA,NA
S1_28643298,1,28643298,NA,NA,NA,NA
S7_162340878,7,162340878,NA,NA,NA,NA
S6_111368338,6,111368338,NA,NA,NA,NA
S6_98259587,6,98259587,NA,NA,NA,NA
S9_32583874,9,32583874,NA,NA,NA,NA
S2_213185513,2,213185513,NA,NA,NA,NA
S3_23683888,3,23683888,NA,NA,NA,NA
S7_10300530,7,10300530,NA,NA,NA,NA
S5_188833084,5,188833084,NA,NA,NA,NA
S6_5512030,6,5512030,NA,NA,NA,NA
S3_209130518,3,209130518,NA,NA,NA,NA
S3_228374852,3,228374852,NA,NA,NA,NA
S2_172492553,2,172492553,NA,NA,NA,NA
S2_203613637,2,203613637,NA,NA,NA,NA
S9_147629149,9,147629149,NA,NA,NA,NA
S2_1040205,2,1040205,NA,NA,NA,NA
S9_150810071,9,150810071,NA,NA,NA,NA
S5_90347173,5,90347173,NA,NA,NA,NA
S6_153267994,6,153267994,NA,NA,NA,NA
S2_83267971,2,83267971,NA,NA,NA,NA
S2_26384684,2,26384684,NA,NA,NA,NA
S8_151339550,8,151339550,NA,NA,NA,NA
S4_186836939,4,186836939,NA,NA,NA,NA
S5_18276882,5,18276882,NA,NA,NA,NA
S3_1721393,3,1721393,NA,NA,NA,NA
S3_86776316,3,86776316,NA,NA,NA,NA
S7_135815699,7,135815699,NA,NA,NA,NA
S6_3045145,6,3045145,NA,NA,NA,NA
S3_129429231,3,129429231,NA,NA,NA,NA
S1_285978606,1,285978606,NA,NA,NA,NA
S1_93073538,1,93073538,NA,NA,NA,NA
S10_7156521,10,7156521,NA,NA,NA,NA
S1_263198896,1,263198896,NA,NA,NA,NA
S2_8809011,2,8809011,NA,NA,NA,NA
S1_222983676,1,222983676,NA,NA,NA,NA
S6_106251897,6,106251897,NA,NA,NA,NA
S7_170251440,7,170251440,NA,NA,NA,NA
S2_43204378,2,43204378,NA,NA,NA,NA
S1_39111110,1,39111110,NA,NA,NA,NA
S8_169692930,8,169692930,NA,NA,NA,NA
S2_3380895,2,3380895,NA,NA,NA,NA
S3_86899510,3,86899510,NA,NA,NA,NA
S1_29743100,1,29743100,NA,NA,NA,NA
S4_34337764,4,34337764,NA,NA,NA,NA
S4_226944155,4,226944155,NA,NA,NA,NA
S5_193734961,5,193734961,NA,NA,NA,NA
S7_13844892,7,13844892,NA,NA,NA,NA
S4_146976683,4,146976683,NA,NA,NA,NA
S2_203843258,2,203843258,NA,NA,NA,NA
S5_30206310,5,30206310,NA,NA,NA,NA
S2_175541086,2,175541086,NA,NA,NA,NA
S5_76381566,5,76381566,NA,NA,NA,NA
S2_9549760,2,9549760,NA,NA,NA,NA
S2_9549761,2,9549761,NA,NA,NA,NA
S1_62489762,1,62489762,NA,NA,NA,NA
S1_213098580,1,213098580,NA,NA,NA,NA
S5_200780851,5,200780851,NA,NA,NA,NA
S5_6807085,5,6807085,NA,NA,NA,NA
S9_26595039,9,26595039,NA,NA,NA,NA
S8_173839553,8,173839553,NA,NA,NA,NA
S7_44029842,7,44029842,NA,NA,NA,NA
S4_2435370,4,2435370,NA,NA,NA,NA
S2_208617085,2,208617085,NA,NA,NA,NA
S4_35552139,4,35552139,NA,NA,NA,NA
S8_118772286,8,118772286,NA,NA,NA,NA
S2_51234801,2,51234801,NA,NA,NA,NA
S1_34895406,1,34895406,NA,NA,NA,NA
S10_141078402,10,141078402,NA,NA,NA,NA
S4_182180806,4,182180806,NA,NA,NA,NA
S3_203870023,3,203870023,NA,NA,NA,NA
S4_225687065,4,225687065,NA,NA,NA,NA
S7_106654251,7,106654251,NA,NA,NA,NA
S4_226361635,4,226361635,NA,NA,NA,NA
S4_226361637,4,226361637,NA,NA,NA,NA
S2_148722419,2,148722419,NA,NA,NA,NA
S2_13778487,2,13778487,NA,NA,NA,NA
S5_7001502,5,7001502,NA,NA,NA,NA
S5_212685045,5,212685045,NA,NA,NA,NA
S2_202200992,2,202200992,NA,NA,NA,NA
S1_269521005,1,269521005,NA,NA,NA,NA
S5_22356627,5,22356627,NA,NA,NA,NA
S10_147449039,10,147449039,NA,NA,NA,NA
S4_201788871,4,201788871,NA,NA,NA,NA
S3_156799630,3,156799630,NA,NA,NA,NA
S9_136615551,9,136615551,NA,NA,NA,NA
S8_71792976,8,71792976,NA,NA,NA,NA
S1_69882187,1,69882187,NA,NA,NA,NA
S5_205825150,5,205825150,NA,NA,NA,NA
S7_168201900,7,168201900,NA,NA,NA,NA
S7_168201901,7,168201901,NA,NA,NA,NA
S2_36425248,2,36425248,NA,NA,NA,NA
S2_36425252,2,36425252,NA,NA,NA,NA
S2_36425288,2,36425288,NA,NA,NA,NA
S7_141809161,7,141809161,NA,NA,NA,NA
S5_204020473,5,204020473,NA,NA,NA,NA
S8_18781479,8,18781479,NA,NA,NA,NA
S2_52284331,2,52284331,NA,NA,NA,NA
S9_131567720,9,131567720,NA,NA,NA,NA
S2_230866933,2,230866933,NA,NA,NA,NA
S8_165171302,8,165171302,NA,NA,NA,NA
S3_5777896,3,5777896,NA,NA,NA,NA
S2_213089834,2,213089834,NA,NA,NA,NA
S5_101585649,5,101585649,NA,NA,NA,NA
S9_147733565,9,147733565,NA,NA,NA,NA
S1_166712294,1,166712294,NA,NA,NA,NA
S2_5068786,2,5068786,NA,NA,NA,NA
S10_82041388,10,82041388,NA,NA,NA,NA
S2_41771150,2,41771150,NA,NA,NA,NA
S5_152830263,5,152830263,NA,NA,NA,NA
S5_18521608,5,18521608,NA,NA,NA,NA
S8_163617827,8,163617827,NA,NA,NA,NA
S1_12986323,1,12986323,NA,NA,NA,NA
S1_246710704,1,246710704,NA,NA,NA,NA
S6_164843057,6,164843057,NA,NA,NA,NA
S5_6358869,5,6358869,NA,NA,NA,NA
S5_77436159,5,77436159,NA,NA,NA,NA
S7_163928647,7,163928647,NA,NA,NA,NA
S3_230537786,3,230537786,NA,NA,NA,NA
S3_191060750,3,191060750,NA,NA,NA,NA
S2_150803784,2,150803784,NA,NA,NA,NA
S1_43121635,1,43121635,NA,NA,NA,NA
S1_226322548,1,226322548,NA,NA,NA,NA
S8_75600173,8,75600173,NA,NA,NA,NA
S8_76499136,8,76499136,NA,NA,NA,NA
S7_30505712,7,30505712,NA,NA,NA,NA
S2_217344131,2,217344131,NA,NA,NA,NA
S2_219727614,2,219727614,NA,NA,NA,NA
S5_32921325,5,32921325,NA,NA,NA,NA
S1_7701327,1,7701327,NA,NA,NA,NA
S4_182010198,4,182010198,NA,NA,NA,NA
S1_274723740,1,274723740,NA,NA,NA,NA
S1_285981367,1,285981367,NA,NA,NA,NA
S6_18156728,6,18156728,NA,NA,NA,NA
S5_211179420,5,211179420,NA,NA,NA,NA
S1_59671348,1,59671348,NA,NA,NA,NA
S10_148424867,10,148424867,NA,NA,NA,NA
S3_69559701,3,69559701,NA,NA,NA,NA
S4_224911597,4,224911597,NA,NA,NA,NA
S4_239081384,4,239081384,NA,NA,NA,NA
S10_139034755,10,139034755,NA,NA,NA,NA
S4_22984123,4,22984123,NA,NA,NA,NA
S2_5763462,2,5763462,NA,NA,NA,NA
S2_163679643,2,163679643,NA,NA,NA,NA
S7_39137539,7,39137539,NA,NA,NA,NA
S3_209913052,3,209913052,NA,NA,NA,NA
S8_150677715,8,150677715,NA,NA,NA,NA
S2_190415591,2,190415591,NA,NA,NA,NA
S5_188656569,5,188656569,NA,NA,NA,NA
S1_193830221,1,193830221,NA,NA,NA,NA
S10_117573499,10,117573499,NA,NA,NA,NA
S4_184857706,4,184857706,NA,NA,NA,NA
S5_3087880,5,3087880,NA,NA,NA,NA
S5_7688677,5,7688677,NA,NA,NA,NA
S1_184700901,1,184700901,NA,NA,NA,NA
S10_145105094,10,145105094,NA,NA,NA,NA
S4_194343125,4,194343125,NA,NA,NA,NA
S3_190569216,3,190569216,NA,NA,NA,NA
S7_133381323,7,133381323,NA,NA,NA,NA
S1_165075615,1,165075615,NA,NA,NA,NA
S7_172658772,7,172658772,NA,NA,NA,NA
S10_126908869,10,126908869,NA,NA,NA,NA
S1_240864850,1,240864850,NA,NA,NA,NA
S6_23524955,6,23524955,NA,NA,NA,NA
S9_109550166,9,109550166,NA,NA,NA,NA
S3_160016888,3,160016888,NA,NA,NA,NA
S6_167961673,6,167961673,NA,NA,NA,NA
S10_29537235,10,29537235,NA,NA,NA,NA
S2_143383159,2,143383159,NA,NA,NA,NA
S2_233115599,2,233115599,NA,NA,NA,NA
S5_182601184,5,182601184,NA,NA,NA,NA
S2_225618333,2,225618333,NA,NA,NA,NA
S2_224909506,2,224909506,NA,NA,NA,NA
S1_256071942,1,256071942,NA,NA,NA,NA
S4_5708685,4,5708685,NA,NA,NA,NA
S5_199721856,5,199721856,NA,NA,NA,NA
S2_45196512,2,45196512,NA,NA,NA,NA
S2_44559090,2,44559090,NA,NA,NA,NA
S9_11073261,9,11073261,NA,NA,NA,NA
S9_21727323,9,21727323,NA,NA,NA,NA
S4_193764413,4,193764413,NA,NA,NA,NA
S1_206158430,1,206158430,NA,NA,NA,NA
S1_206158454,1,206158454,NA,NA,NA,NA
S7_14606175,7,14606175,NA,NA,NA,NA
S1_93909332,1,93909332,NA,NA,NA,NA
S1_253108791,1,253108791,NA,NA,NA,NA
S1_214649316,1,214649316,NA,NA,NA,NA
S3_197016125,3,197016125,NA,NA,NA,NA
S9_26895441,9,26895441,NA,NA,NA,NA
S5_20834541,5,20834541,NA,NA,NA,NA
S3_14685420,3,14685420,NA,NA,NA,NA
S10_6135013,10,6135013,NA,NA,NA,NA
S5_917358,5,917358,NA,NA,NA,NA
S1_295997403,1,295997403,NA,NA,NA,NA
S10_7440461,10,7440461,NA,NA,NA,NA
S5_135455232,5,135455232,NA,NA,NA,NA
S3_31457846,3,31457846,NA,NA,NA,NA
S10_147588997,10,147588997,NA,NA,NA,NA
S3_189459369,3,189459369,NA,NA,NA,NA
S1_259771415,1,259771415,NA,NA,NA,NA
S10_60763732,10,60763732,NA,NA,NA,NA
S3_15236558,3,15236558,NA,NA,NA,NA
S10_140193346,10,140193346,NA,NA,NA,NA
S1_52540042,1,52540042,NA,NA,NA,NA
S8_104794572,8,104794572,NA,NA,NA,NA
S2_1265068,2,1265068,NA,NA,NA,NA
S6_149330872,6,149330872,NA,NA,NA,NA
S6_132468942,6,132468942,NA,NA,NA,NA
S6_132468956,6,132468956,NA,NA,NA,NA
S10_89542147,10,89542147,NA,NA,NA,NA
S2_44435558,2,44435558,NA,NA,NA,NA
S9_20337599,9,20337599,NA,NA,NA,NA
S4_76384560,4,76384560,NA,NA,NA,NA
S5_206186203,5,206186203,NA,NA,NA,NA
S1_195779511,1,195779511,NA,NA,NA,NA
S8_137046899,8,137046899,NA,NA,NA,NA
S8_153463714,8,153463714,NA,NA,NA,NA
S4_174954825,4,174954825,NA,NA,NA,NA
S2_146130044,2,146130044,NA,NA,NA,NA
S3_215087780,3,215087780,NA,NA,NA,NA
S6_28145495,6,28145495,NA,NA,NA,NA
S1_254981740,1,254981740,NA,NA,NA,NA
S3_22818931,3,22818931,NA,NA,NA,NA
S9_131520892,9,131520892,NA,NA,NA,NA
S7_142782613,7,142782613,NA,NA,NA,NA
S1_85831193,1,85831193,NA,NA,NA,NA
S8_167558951,8,167558951,NA,NA,NA,NA
S7_134132041,7,134132041,NA,NA,NA,NA
S4_6110119,4,6110119,NA,NA,NA,NA
S10_148410165,10,148410165,NA,NA,NA,NA
S1_179643053,1,179643053,NA,NA,NA,NA
S4_5010579,4,5010579,NA,NA,NA,NA
S10_8723343,10,8723343,NA,NA,NA,NA
S8_22844307,8,22844307,NA,NA,NA,NA
S6_72476881,6,72476881,NA,NA,NA,NA
S6_157820129,6,157820129,NA,NA,NA,NA
S3_7204715,3,7204715,NA,NA,NA,NA
S6_124297633,6,124297633,NA,NA,NA,NA
S1_258441274,1,258441274,NA,NA,NA,NA
S7_159532264,7,159532264,NA,NA,NA,NA
S8_111826335,8,111826335,NA,NA,NA,NA
S9_119311513,9,119311513,NA,NA,NA,NA
S8_90189319,8,90189319,NA,NA,NA,NA
S1_239209225,1,239209225,NA,NA,NA,NA
S6_109092970,6,109092970,NA,NA,NA,NA
S3_187171629,3,187171629,NA,NA,NA,NA
S5_110178438,5,110178438,NA,NA,NA,NA
S5_110178439,5,110178439,NA,NA,NA,NA
S10_146939967,10,146939967,NA,NA,NA,NA
S5_56376340,5,56376340,NA,NA,NA,NA
S5_56376341,5,56376341,NA,NA,NA,NA
S10_130625920,10,130625920,NA,NA,NA,NA
S1_217280429,1,217280429,NA,NA,NA,NA
S1_220848715,1,220848715,NA,NA,NA,NA
S7_106958334,7,106958334,NA,NA,NA,NA
S10_147588999,10,147588999,NA,NA,NA,NA
S10_1321874,10,1321874,NA,NA,NA,NA
S2_31594329,2,31594329,NA,NA,NA,NA
S4_166913809,4,166913809,NA,NA,NA,NA
S8_33137658,8,33137658,NA,NA,NA,NA
S3_160017201,3,160017201,NA,NA,NA,NA
S3_160017225,3,160017225,NA,NA,NA,NA
S9_153451478,9,153451478,NA,NA,NA,NA
S8_151594585,8,151594585,NA,NA,NA,NA
S1_15134219,1,15134219,NA,NA,NA,NA
S9_31290993,9,31290993,NA,NA,NA,NA
S5_213077637,5,213077637,NA,NA,NA,NA
S8_163447948,8,163447948,NA,NA,NA,NA
S6_5503910,6,5503910,NA,NA,NA,NA
S6_5503911,6,5503911,NA,NA,NA,NA
S8_152589980,8,152589980,NA,NA,NA,NA
S1_228564277,1,228564277,NA,NA,NA,NA
S1_36831913,1,36831913,NA,NA,NA,NA
S1_36831949,1,36831949,NA,NA,NA,NA
S1_112727800,1,112727800,NA,NA,NA,NA
S2_13001119,2,13001119,NA,NA,NA,NA
S1_12986366,1,12986366,NA,NA,NA,NA
S9_143866063,9,143866063,NA,NA,NA,NA
S9_143866072,9,143866072,NA,NA,NA,NA
S9_97539277,9,97539277,NA,NA,NA,NA
S6_97915032,6,97915032,NA,NA,NA,NA
S10_139839786,10,139839786,NA,NA,NA,NA
S1_52161097,1,52161097,NA,NA,NA,NA
S1_52161099,1,52161099,NA,NA,NA,NA
S7_39566062,7,39566062,NA,NA,NA,NA
S10_91087094,10,91087094,NA,NA,NA,NA
S5_213280221,5,213280221,NA,NA,NA,NA
S4_238437897,4,238437897,NA,NA,NA,NA
S4_238437920,4,238437920,NA,NA,NA,NA
S10_147449161,10,147449161,NA,NA,NA,NA
S7_30505874,7,30505874,NA,NA,NA,NA
S6_96919478,6,96919478,NA,NA,NA,NA
S9_60450980,9,60450980,NA,NA,NA,NA
S4_10906091,4,10906091,NA,NA,NA,NA
S7_172779350,7,172779350,NA,NA,NA,NA
S5_168447624,5,168447624,NA,NA,NA,NA
S5_168447608,5,168447608,NA,NA,NA,NA
S6_86335000,6,86335000,NA,NA,NA,NA
S2_4343048,2,4343048,NA,NA,NA,NA
S3_189896392,3,189896392,NA,NA,NA,NA
S1_232513622,1,232513622,NA,NA,NA,NA
S2_193734583,2,193734583,NA,NA,NA,NA
S8_135453364,8,135453364,NA,NA,NA,NA
S1_34970430,1,34970430,NA,NA,NA,NA
S7_79700691,7,79700691,NA,NA,NA,NA
S2_151638185,2,151638185,NA,NA,NA,NA
S2_17870388,2,17870388,NA,NA,NA,NA
S4_235380629,4,235380629,NA,NA,NA,NA
S6_55954676,6,55954676,NA,NA,NA,NA
S1_189400954,1,189400954,NA,NA,NA,NA
S9_8778978,9,8778978,NA,NA,NA,NA
S7_805798,7,805798,NA,NA,NA,NA
S6_75631218,6,75631218,NA,NA,NA,NA
S5_131363457,5,131363457,NA,NA,NA,NA
S5_131363460,5,131363460,NA,NA,NA,NA
S5_131363471,5,131363471,NA,NA,NA,NA
S5_131363486,5,131363486,NA,NA,NA,NA
S5_131363492,5,131363492,NA,NA,NA,NA
S1_85716509,1,85716509,NA,NA,NA,NA
S3_205392746,3,205392746,NA,NA,NA,NA
S1_51041323,1,51041323,NA,NA,NA,NA
S1_38869966,1,38869966,NA,NA,NA,NA
S9_41672765,9,41672765,NA,NA,NA,NA
S9_41672771,9,41672771,NA,NA,NA,NA
S5_160721270,5,160721270,NA,NA,NA,NA
S10_138192939,10,138192939,NA,NA,NA,NA
S5_139961666,5,139961666,NA,NA,NA,NA
S5_212359794,5,212359794,NA,NA,NA,NA
S3_217462398,3,217462398,NA,NA,NA,NA
S2_2041350,2,2041350,NA,NA,NA,NA
S3_205804692,3,205804692,NA,NA,NA,NA
S9_9814246,9,9814246,NA,NA,NA,NA
S4_235202992,4,235202992,NA,NA,NA,NA
S4_83326445,4,83326445,NA,NA,NA,NA
S7_1267785,7,1267785,NA,NA,NA,NA
S1_289689162,1,289689162,NA,NA,NA,NA
S7_133370797,7,133370797,NA,NA,NA,NA
S1_70722101,1,70722101,NA,NA,NA,NA
S1_29233495,1,29233495,NA,NA,NA,NA
S1_29233496,1,29233496,NA,NA,NA,NA
S1_29233500,1,29233500,NA,NA,NA,NA
S1_29233504,1,29233504,NA,NA,NA,NA
S1_29233507,1,29233507,NA,NA,NA,NA
S1_29233509,1,29233509,NA,NA,NA,NA
S1_29233513,1,29233513,NA,NA,NA,NA
S1_29233515,1,29233515,NA,NA,NA,NA
S1_29233517,1,29233517,NA,NA,NA,NA
S8_5604714,8,5604714,NA,NA,NA,NA
S2_44474139,2,44474139,NA,NA,NA,NA
S3_35495888,3,35495888,NA,NA,NA,NA
S6_61589186,6,61589186,NA,NA,NA,NA
S10_61680205,10,61680205,NA,NA,NA,NA
S2_10513170,2,10513170,NA,NA,NA,NA
S8_24347204,8,24347204,NA,NA,NA,NA
S3_133176050,3,133176050,NA,NA,NA,NA
S5_16093161,5,16093161,NA,NA,NA,NA
S2_177650152,2,177650152,NA,NA,NA,NA
S6_138185307,6,138185307,NA,NA,NA,NA
S1_40726718,1,40726718,NA,NA,NA,NA
S1_40726719,1,40726719,NA,NA,NA,NA
S4_15583560,4,15583560,NA,NA,NA,NA
S2_196871130,2,196871130,NA,NA,NA,NA
S3_56014406,3,56014406,NA,NA,NA,NA
S9_121601447,9,121601447,NA,NA,NA,NA
S8_112150110,8,112150110,NA,NA,NA,NA
S7_8049472,7,8049472,NA,NA,NA,NA
S6_55253664,6,55253664,NA,NA,NA,NA
S7_75749806,7,75749806,NA,NA,NA,NA
S7_5784540,7,5784540,NA,NA,NA,NA
S6_33434016,6,33434016,NA,NA,NA,NA
S7_150874362,7,150874362,NA,NA,NA,NA
S1_248422334,1,248422334,NA,NA,NA,NA
S6_164803737,6,164803737,NA,NA,NA,NA
S5_177669195,5,177669195,NA,NA,NA,NA
S10_117569900,10,117569900,NA,NA,NA,NA
S10_117569901,10,117569901,NA,NA,NA,NA
S1_257736897,1,257736897,NA,NA,NA,NA
S10_145184483,10,145184483,NA,NA,NA,NA
S4_155804496,4,155804496,NA,NA,NA,NA
S6_5642888,6,5642888,NA,NA,NA,NA
S1_52253735,1,52253735,NA,NA,NA,NA
S5_20921812,5,20921812,NA,NA,NA,NA
S8_6121138,8,6121138,NA,NA,NA,NA
S10_52223901,10,52223901,NA,NA,NA,NA
S2_232482915,2,232482915,NA,NA,NA,NA
S2_195525966,2,195525966,NA,NA,NA,NA
S5_18545110,5,18545110,NA,NA,NA,NA
S3_201256166,3,201256166,NA,NA,NA,NA
S3_201256175,3,201256175,NA,NA,NA,NA
S5_197591454,5,197591454,NA,NA,NA,NA
S4_34337750,4,34337750,NA,NA,NA,NA
S2_3975034,2,3975034,NA,NA,NA,NA
S5_919912,5,919912,NA,NA,NA,NA
S8_159389524,8,159389524,NA,NA,NA,NA
S7_172163656,7,172163656,NA,NA,NA,NA
S3_133183811,3,133183811,NA,NA,NA,NA
S3_149242246,3,149242246,NA,NA,NA,NA
S1_166963142,1,166963142,NA,NA,NA,NA
S1_223785468,1,223785468,NA,NA,NA,NA
S3_135853265,3,135853265,NA,NA,NA,NA
S7_121577226,7,121577226,NA,NA,NA,NA
S9_117400431,9,117400431,NA,NA,NA,NA
S1_253607725,1,253607725,NA,NA,NA,NA
S1_299902450,1,299902450,NA,NA,NA,NA
S9_135855007,9,135855007,NA,NA,NA,NA
S8_66102725,8,66102725,NA,NA,NA,NA
S2_8808714,2,8808714,NA,NA,NA,NA
S7_133892750,7,133892750,NA,NA,NA,NA
S5_184066628,5,184066628,NA,NA,NA,NA
S7_27418807,7,27418807,NA,NA,NA,NA
S1_179643045,1,179643045,NA,NA,NA,NA
S2_208617065,2,208617065,NA,NA,NA,NA
S1_259223277,1,259223277,NA,NA,NA,NA
S2_176872709,2,176872709,NA,NA,NA,NA
S5_8000057,5,8000057,NA,NA,NA,NA
S4_143804192,4,143804192,NA,NA,NA,NA
S2_83555618,2,83555618,NA,NA,NA,NA
S10_2260915,10,2260915,NA,NA,NA,NA
S2_1448458,2,1448458,NA,NA,NA,NA
S3_114355785,3,114355785,NA,NA,NA,NA
S5_93280718,5,93280718,NA,NA,NA,NA
S7_130931605,7,130931605,NA,NA,NA,NA
S5_168666968,5,168666968,NA,NA,NA,NA
S3_53146713,3,53146713,NA,NA,NA,NA
S2_182620275,2,182620275,NA,NA,NA,NA
S6_165635600,6,165635600,NA,NA,NA,NA
S6_156394679,6,156394679,NA,NA,NA,NA
S6_156394680,6,156394680,NA,NA,NA,NA
S1_98762403,1,98762403,NA,NA,NA,NA
S9_146816040,9,146816040,NA,NA,NA,NA
S1_234219197,1,234219197,NA,NA,NA,NA
S1_70425067,1,70425067,NA,NA,NA,NA
S1_229542570,1,229542570,NA,NA,NA,NA
S6_780616,6,780616,NA,NA,NA,NA
S1_24676752,1,24676752,NA,NA,NA,NA
S4_67652853,4,67652853,NA,NA,NA,NA
S2_5685708,2,5685708,NA,NA,NA,NA
S1_298136812,1,298136812,NA,NA,NA,NA
S9_49020442,9,49020442,NA,NA,NA,NA
S9_49020445,9,49020445,NA,NA,NA,NA
S9_49020448,9,49020448,NA,NA,NA,NA
S7_115142982,7,115142982,NA,NA,NA,NA
S4_202889727,4,202889727,NA,NA,NA,NA
S6_89887783,6,89887783,NA,NA,NA,NA
S1_290121041,1,290121041,NA,NA,NA,NA
S5_47673696,5,47673696,NA,NA,NA,NA
S7_161438851,7,161438851,NA,NA,NA,NA
S4_39543087,4,39543087,NA,NA,NA,NA
S4_213777344,4,213777344,NA,NA,NA,NA
S1_121399511,1,121399511,NA,NA,NA,NA
S3_220111280,3,220111280,NA,NA,NA,NA
S5_212647860,5,212647860,NA,NA,NA,NA
S5_212647864,5,212647864,NA,NA,NA,NA
S2_6151843,2,6151843,NA,NA,NA,NA
S3_11447278,3,11447278,NA,NA,NA,NA
S4_42143677,4,42143677,NA,NA,NA,NA
S8_106236368,8,106236368,NA,NA,NA,NA
S7_9366057,7,9366057,NA,NA,NA,NA
S1_292875765,1,292875765,NA,NA,NA,NA
S1_281164040,1,281164040,NA,NA,NA,NA
S4_158146519,4,158146519,NA,NA,NA,NA
S4_171634376,4,171634376,NA,NA,NA,NA
S2_16682343,2,16682343,NA,NA,NA,NA
S4_10906065,4,10906065,NA,NA,NA,NA
S5_142711145,5,142711145,NA,NA,NA,NA
S3_193860524,3,193860524,NA,NA,NA,NA
S2_24371278,2,24371278,NA,NA,NA,NA
S7_103297819,7,103297819,NA,NA,NA,NA
S5_168852920,5,168852920,NA,NA,NA,NA
S3_205264721,3,205264721,NA,NA,NA,NA
S6_152167839,6,152167839,NA,NA,NA,NA
S7_5093203,7,5093203,NA,NA,NA,NA
S2_22397714,2,22397714,NA,NA,NA,NA
S6_148959761,6,148959761,NA,NA,NA,NA
S1_38786964,1,38786964,NA,NA,NA,NA
S1_281910213,1,281910213,NA,NA,NA,NA
S3_2156041,3,2156041,NA,NA,NA,NA
S5_205155852,5,205155852,NA,NA,NA,NA
S5_80491995,5,80491995,NA,NA,NA,NA
S5_215016520,5,215016520,NA,NA,NA,NA
S3_229247257,3,229247257,NA,NA,NA,NA
S1_43681365,1,43681365,NA,NA,NA,NA
S1_43681366,1,43681366,NA,NA,NA,NA
S6_70013668,6,70013668,NA,NA,NA,NA
S3_131330626,3,131330626,NA,NA,NA,NA
S5_172096928,5,172096928,NA,NA,NA,NA
S2_143383009,2,143383009,NA,NA,NA,NA
S2_49060748,2,49060748,NA,NA,NA,NA
S6_31005683,6,31005683,NA,NA,NA,NA
S7_159013630,7,159013630,NA,NA,NA,NA
S7_159013631,7,159013631,NA,NA,NA,NA
S7_159013632,7,159013632,NA,NA,NA,NA
S7_159013633,7,159013633,NA,NA,NA,NA
S10_84032068,10,84032068,NA,NA,NA,NA
S2_212551924,2,212551924,NA,NA,NA,NA
S8_19834193,8,19834193,NA,NA,NA,NA
S2_42958246,2,42958246,NA,NA,NA,NA
S3_221608071,3,221608071,NA,NA,NA,NA
S8_95129491,8,95129491,NA,NA,NA,NA
S2_35326199,2,35326199,NA,NA,NA,NA
S2_232463401,2,232463401,NA,NA,NA,NA
S4_18457086,4,18457086,NA,NA,NA,NA
S6_61588739,6,61588739,NA,NA,NA,NA
S4_75694863,4,75694863,NA,NA,NA,NA
S3_219578134,3,219578134,NA,NA,NA,NA
S3_201185185,3,201185185,NA,NA,NA,NA
S3_45044887,3,45044887,NA,NA,NA,NA
S7_23234973,7,23234973,NA,NA,NA,NA
S8_158090741,8,158090741,NA,NA,NA,NA
S8_158090766,8,158090766,NA,NA,NA,NA
S7_8056106,7,8056106,NA,NA,NA,NA
S1_288863317,1,288863317,NA,NA,NA,NA
S5_4221669,5,4221669,NA,NA,NA,NA
S9_76064382,9,76064382,NA,NA,NA,NA
S9_22782253,9,22782253,NA,NA,NA,NA
S10_143169529,10,143169529,NA,NA,NA,NA
S10_143169530,10,143169530,NA,NA,NA,NA
S10_143169536,10,143169536,NA,NA,NA,NA
S4_2651122,4,2651122,NA,NA,NA,NA
S10_1348179,10,1348179,NA,NA,NA,NA
S1_3078874,1,3078874,NA,NA,NA,NA
S10_108471848,10,108471848,NA,NA,NA,NA
S10_116865684,10,116865684,NA,NA,NA,NA
S4_5959741,4,5959741,NA,NA,NA,NA
S8_83050091,8,83050091,NA,NA,NA,NA
S1_92344799,1,92344799,NA,NA,NA,NA
S9_147965463,9,147965463,NA,NA,NA,NA
S4_83572660,4,83572660,NA,NA,NA,NA
S6_94852063,6,94852063,NA,NA,NA,NA
S6_162693541,6,162693541,NA,NA,NA,NA
S4_35552192,4,35552192,NA,NA,NA,NA
S6_153252713,6,153252713,NA,NA,NA,NA
S4_164088492,4,164088492,NA,NA,NA,NA
S4_186483842,4,186483842,NA,NA,NA,NA
S10_13470785,10,13470785,NA,NA,NA,NA
S5_139232472,5,139232472,NA,NA,NA,NA
S7_127969730,7,127969730,NA,NA,NA,NA
S1_225576295,1,225576295,NA,NA,NA,NA
S3_154593384,3,154593384,NA,NA,NA,NA
S5_142403779,5,142403779,NA,NA,NA,NA
S7_172796717,7,172796717,NA,NA,NA,NA
S2_28000901,2,28000901,NA,NA,NA,NA
S2_202157045,2,202157045,NA,NA,NA,NA
S2_202157053,2,202157053,NA,NA,NA,NA
S2_202157067,2,202157067,NA,NA,NA,NA
S7_129722841,7,129722841,NA,NA,NA,NA
S1_5435362,1,5435362,NA,NA,NA,NA
S10_144624126,10,144624126,NA,NA,NA,NA
S3_229210721,3,229210721,NA,NA,NA,NA
S10_102876250,10,102876250,NA,NA,NA,NA
S1_5006810,1,5006810,NA,NA,NA,NA
S1_276302553,1,276302553,NA,NA,NA,NA
S1_35136546,1,35136546,NA,NA,NA,NA
S5_15800976,5,15800976,NA,NA,NA,NA
S1_15774769,1,15774769,NA,NA,NA,NA
S9_20743195,9,20743195,NA,NA,NA,NA
S10_141619577,10,141619577,NA,NA,NA,NA
S3_229131024,3,229131024,NA,NA,NA,NA
S3_56325736,3,56325736,NA,NA,NA,NA
S5_178582354,5,178582354,NA,NA,NA,NA
S4_171634373,4,171634373,NA,NA,NA,NA
S1_182627182,1,182627182,NA,NA,NA,NA
S2_209537248,2,209537248,NA,NA,NA,NA
S2_210875622,2,210875622,NA,NA,NA,NA
S9_59160360,9,59160360,NA,NA,NA,NA
S10_148235156,10,148235156,NA,NA,NA,NA
S4_183922125,4,183922125,NA,NA,NA,NA
S1_269521010,1,269521010,NA,NA,NA,NA
S3_196090865,3,196090865,NA,NA,NA,NA
S4_240033594,4,240033594,NA,NA,NA,NA
S4_214783304,4,214783304,NA,NA,NA,NA
S5_53241257,5,53241257,NA,NA,NA,NA
S8_131176812,8,131176812,NA,NA,NA,NA
S8_129857763,8,129857763,NA,NA,NA,NA
S1_207528567,1,207528567,NA,NA,NA,NA
S7_20895161,7,20895161,NA,NA,NA,NA
S7_20895203,7,20895203,NA,NA,NA,NA
S2_147035458,2,147035458,NA,NA,NA,NA
S6_117852982,6,117852982,NA,NA,NA,NA
S4_4866931,4,4866931,NA,NA,NA,NA
S1_279135665,1,279135665,NA,NA,NA,NA
S2_190158545,2,190158545,NA,NA,NA,NA
S8_156213656,8,156213656,NA,NA,NA,NA
S4_196983909,4,196983909,NA,NA,NA,NA
S1_50708507,1,50708507,NA,NA,NA,NA
S2_3975033,2,3975033,NA,NA,NA,NA
S5_29622043,5,29622043,NA,NA,NA,NA
S4_185383601,4,185383601,NA,NA,NA,NA
S7_152175870,7,152175870,NA,NA,NA,NA
S9_114176924,9,114176924,NA,NA,NA,NA
S1_253108848,1,253108848,NA,NA,NA,NA
S4_191357030,4,191357030,NA,NA,NA,NA
S4_143720269,4,143720269,NA,NA,NA,NA
S2_20959597,2,20959597,NA,NA,NA,NA
S7_29562531,7,29562531,NA,NA,NA,NA
S7_172730383,7,172730383,NA,NA,NA,NA
S4_57011553,4,57011553,NA,NA,NA,NA
S1_257736983,1,257736983,NA,NA,NA,NA
S1_29233511,1,29233511,NA,NA,NA,NA
S10_5276913,10,5276913,NA,NA,NA,NA
S8_17059855,8,17059855,NA,NA,NA,NA
S4_15015357,4,15015357,NA,NA,NA,NA
S2_27549773,2,27549773,NA,NA,NA,NA
S9_13994390,9,13994390,NA,NA,NA,NA
S1_214725359,1,214725359,NA,NA,NA,NA
S5_13970125,5,13970125,NA,NA,NA,NA
S2_198394491,2,198394491,NA,NA,NA,NA
S3_227193157,3,227193157,NA,NA,NA,NA
S5_76377769,5,76377769,NA,NA,NA,NA
S5_32921323,5,32921323,NA,NA,NA,NA
S2_146130015,2,146130015,NA,NA,NA,NA
S1_6425509,1,6425509,NA,NA,NA,NA
S4_224880696,4,224880696,NA,NA,NA,NA
S4_240466995,4,240466995,NA,NA,NA,NA
S7_143748267,7,143748267,NA,NA,NA,NA
S1_5006696,1,5006696,NA,NA,NA,NA
S7_10554657,7,10554657,NA,NA,NA,NA
S8_131533174,8,131533174,NA,NA,NA,NA
S5_195130223,5,195130223,NA,NA,NA,NA
S1_13647501,1,13647501,NA,NA,NA,NA
S5_4665429,5,4665429,NA,NA,NA,NA
S1_4545515,1,4545515,NA,NA,NA,NA
S1_33270194,1,33270194,NA,NA,NA,NA
S3_208785867,3,208785867,NA,NA,NA,NA
S4_35547303,4,35547303,NA,NA,NA,NA
S5_204753757,5,204753757,NA,NA,NA,NA
S3_160404839,3,160404839,NA,NA,NA,NA
S3_212021428,3,212021428,NA,NA,NA,NA
S3_212021448,3,212021448,NA,NA,NA,NA
S1_293793763,1,293793763,NA,NA,NA,NA
S1_293793767,1,293793767,NA,NA,NA,NA
S5_212685077,5,212685077,NA,NA,NA,NA
S3_160665889,3,160665889,NA,NA,NA,NA
S1_187590405,1,187590405,NA,NA,NA,NA
S1_275263332,1,275263332,NA,NA,NA,NA
S8_161625349,8,161625349,NA,NA,NA,NA
S5_194170210,5,194170210,NA,NA,NA,NA
S1_187589180,1,187589180,NA,NA,NA,NA
S6_1287295,6,1287295,NA,NA,NA,NA
S10_140959117,10,140959117,NA,NA,NA,NA
S4_230884522,4,230884522,NA,NA,NA,NA
S2_222693751,2,222693751,NA,NA,NA,NA
S3_178008401,3,178008401,NA,NA,NA,NA
S8_54477718,8,54477718,NA,NA,NA,NA
S3_173374427,3,173374427,NA,NA,NA,NA
S5_7588983,5,7588983,NA,NA,NA,NA
S1_154079964,1,154079964,NA,NA,NA,NA
S2_197524539,2,197524539,NA,NA,NA,NA
S6_143027851,6,143027851,NA,NA,NA,NA
S6_143027880,6,143027880,NA,NA,NA,NA
S10_146579902,10,146579902,NA,NA,NA,NA
S5_201580226,5,201580226,NA,NA,NA,NA
S3_190315580,3,190315580,NA,NA,NA,NA
S10_22263848,10,22263848,NA,NA,NA,NA
S10_140191509,10,140191509,NA,NA,NA,NA
S2_36464615,2,36464615,NA,NA,NA,NA
S1_161708598,1,161708598,NA,NA,NA,NA
S4_215103639,4,215103639,NA,NA,NA,NA
S1_77022278,1,77022278,NA,NA,NA,NA
S1_291901824,1,291901824,NA,NA,NA,NA
S6_4175521,6,4175521,NA,NA,NA,NA
S7_14459912,7,14459912,NA,NA,NA,NA
S9_128539235,9,128539235,NA,NA,NA,NA
S5_110178870,5,110178870,NA,NA,NA,NA
S5_29323814,5,29323814,NA,NA,NA,NA
S3_65022656,3,65022656,NA,NA,NA,NA
S3_65022671,3,65022671,NA,NA,NA,NA
S3_65022672,3,65022672,NA,NA,NA,NA
S4_187875467,4,187875467,NA,NA,NA,NA
S4_187875468,4,187875468,NA,NA,NA,NA
S4_187875470,4,187875470,NA,NA,NA,NA
S4_187875471,4,187875471,NA,NA,NA,NA
S4_187875472,4,187875472,NA,NA,NA,NA
S7_166667478,7,166667478,NA,NA,NA,NA
S10_146331829,10,146331829,NA,NA,NA,NA
S3_216425748,3,216425748,NA,NA,NA,NA
S8_40786541,8,40786541,NA,NA,NA,NA
S1_239297547,1,239297547,NA,NA,NA,NA
S6_85519485,6,85519485,NA,NA,NA,NA
S4_10025154,4,10025154,NA,NA,NA,NA
S4_78545066,4,78545066,NA,NA,NA,NA
S2_4166376,2,4166376,NA,NA,NA,NA
S5_17476545,5,17476545,NA,NA,NA,NA
S1_62918896,1,62918896,NA,NA,NA,NA
S7_175174777,7,175174777,NA,NA,NA,NA
S7_175174789,7,175174789,NA,NA,NA,NA
S2_35326286,2,35326286,NA,NA,NA,NA
S8_68932189,8,68932189,NA,NA,NA,NA
S8_18350687,8,18350687,NA,NA,NA,NA
S4_79758597,4,79758597,NA,NA,NA,NA
S7_161864209,7,161864209,NA,NA,NA,NA
S6_158478115,6,158478115,NA,NA,NA,NA
S4_1068980,4,1068980,NA,NA,NA,NA
S6_159829828,6,159829828,NA,NA,NA,NA
S7_151085473,7,151085473,NA,NA,NA,NA
S8_106236514,8,106236514,NA,NA,NA,NA
S1_52161080,1,52161080,NA,NA,NA,NA
S9_124562726,9,124562726,NA,NA,NA,NA
S4_35552109,4,35552109,NA,NA,NA,NA
S4_36311328,4,36311328,NA,NA,NA,NA
S4_36311334,4,36311334,NA,NA,NA,NA
S2_109104611,2,109104611,NA,NA,NA,NA
S2_109104612,2,109104612,NA,NA,NA,NA
S2_222693733,2,222693733,NA,NA,NA,NA
S2_6335512,2,6335512,NA,NA,NA,NA
S10_148424876,10,148424876,NA,NA,NA,NA
S1_77033323,1,77033323,NA,NA,NA,NA
S8_160099289,8,160099289,NA,NA,NA,NA
S8_160099316,8,160099316,NA,NA,NA,NA
S5_10438838,5,10438838,NA,NA,NA,NA
S2_9980035,2,9980035,NA,NA,NA,NA
S8_118167565,8,118167565,NA,NA,NA,NA
S1_229603348,1,229603348,NA,NA,NA,NA
S10_146682103,10,146682103,NA,NA,NA,NA
S7_131379321,7,131379321,NA,NA,NA,NA
S7_9363866,7,9363866,NA,NA,NA,NA
S2_74041599,2,74041599,NA,NA,NA,NA
S8_174760922,8,174760922,NA,NA,NA,NA
S3_122067315,3,122067315,NA,NA,NA,NA
S2_213185538,2,213185538,NA,NA,NA,NA
S1_54927571,1,54927571,NA,NA,NA,NA
S5_199172801,5,199172801,NA,NA,NA,NA
S8_8731118,8,8731118,NA,NA,NA,NA
S7_93086822,7,93086822,NA,NA,NA,NA
S7_9199241,7,9199241,NA,NA,NA,NA
S7_9199245,7,9199245,NA,NA,NA,NA
S7_9199260,7,9199260,NA,NA,NA,NA
S9_144764641,9,144764641,NA,NA,NA,NA
S1_251711070,1,251711070,NA,NA,NA,NA
S1_251711076,1,251711076,NA,NA,NA,NA
S1_251711078,1,251711078,NA,NA,NA,NA
S10_138075451,10,138075451,NA,NA,NA,NA
S4_115001254,4,115001254,NA,NA,NA,NA
S5_214075225,5,214075225,NA,NA,NA,NA
S1_249091226,1,249091226,NA,NA,NA,NA
S1_249091231,1,249091231,NA,NA,NA,NA
S2_236026072,2,236026072,NA,NA,NA,NA
S8_170124734,8,170124734,NA,NA,NA,NA
S7_161348315,7,161348315,NA,NA,NA,NA
S9_19236658,9,19236658,NA,NA,NA,NA
S4_5708678,4,5708678,NA,NA,NA,NA
S2_8502328,2,8502328,NA,NA,NA,NA
S2_9442971,2,9442971,NA,NA,NA,NA
S4_167382763,4,167382763,NA,NA,NA,NA
S3_86320883,3,86320883,NA,NA,NA,NA
S8_40679523,8,40679523,NA,NA,NA,NA
S2_104180344,2,104180344,NA,NA,NA,NA
S3_15433440,3,15433440,NA,NA,NA,NA
S7_152354252,7,152354252,NA,NA,NA,NA
S1_34959849,1,34959849,NA,NA,NA,NA
S1_34959850,1,34959850,NA,NA,NA,NA
S1_46411636,1,46411636,NA,NA,NA,NA
S1_46411675,1,46411675,NA,NA,NA,NA
S4_234911733,4,234911733,NA,NA,NA,NA
S4_77982514,4,77982514,NA,NA,NA,NA
S4_77982517,4,77982517,NA,NA,NA,NA
S3_184118042,3,184118042,NA,NA,NA,NA
S10_4611081,10,4611081,NA,NA,NA,NA
S10_4611083,10,4611083,NA,NA,NA,NA
S6_5642893,6,5642893,NA,NA,NA,NA
S7_805215,7,805215,NA,NA,NA,NA
S9_140773320,9,140773320,NA,NA,NA,NA
S9_140773324,9,140773324,NA,NA,NA,NA
S1_33121961,1,33121961,NA,NA,NA,NA
S7_174157338,7,174157338,NA,NA,NA,NA
S2_28310303,2,28310303,NA,NA,NA,NA
S5_3538218,5,3538218,NA,NA,NA,NA
S3_205600277,3,205600277,NA,NA,NA,NA
S2_203936751,2,203936751,NA,NA,NA,NA
S1_212168078,1,212168078,NA,NA,NA,NA
S9_76360867,9,76360867,NA,NA,NA,NA
S6_155215189,6,155215189,NA,NA,NA,NA
S7_10559739,7,10559739,NA,NA,NA,NA
S7_9363830,7,9363830,NA,NA,NA,NA
S3_5440027,3,5440027,NA,NA,NA,NA
S2_28117469,2,28117469,NA,NA,NA,NA
S5_59974807,5,59974807,NA,NA,NA,NA
S5_6906085,5,6906085,NA,NA,NA,NA
S5_197945072,5,197945072,NA,NA,NA,NA
S6_147868566,6,147868566,NA,NA,NA,NA
S8_171331524,8,171331524,NA,NA,NA,NA
S8_167154757,8,167154757,NA,NA,NA,NA
S1_264266460,1,264266460,NA,NA,NA,NA
S4_78545065,4,78545065,NA,NA,NA,NA
S9_116961358,9,116961358,NA,NA,NA,NA
S7_15457069,7,15457069,NA,NA,NA,NA
S7_2748420,7,2748420,NA,NA,NA,NA
S1_7091230,1,7091230,NA,NA,NA,NA
S3_62616957,3,62616957,NA,NA,NA,NA
S2_42785133,2,42785133,NA,NA,NA,NA
S3_15741839,3,15741839,NA,NA,NA,NA
S9_23455447,9,23455447,NA,NA,NA,NA
S6_107755512,6,107755512,NA,NA,NA,NA
S1_252631376,1,252631376,NA,NA,NA,NA
S10_147588168,10,147588168,NA,NA,NA,NA
S6_145529216,6,145529216,NA,NA,NA,NA
S3_184633952,3,184633952,NA,NA,NA,NA
S2_9414149,2,9414149,NA,NA,NA,NA
S3_7939175,3,7939175,NA,NA,NA,NA
S8_90364259,8,90364259,NA,NA,NA,NA
S3_4340234,3,4340234,NA,NA,NA,NA
S4_183922149,4,183922149,NA,NA,NA,NA
S4_183922155,4,183922155,NA,NA,NA,NA
S10_136961591,10,136961591,NA,NA,NA,NA
S2_10519565,2,10519565,NA,NA,NA,NA
S1_180816662,1,180816662,NA,NA,NA,NA
S8_162225921,8,162225921,NA,NA,NA,NA
S5_207899738,5,207899738,NA,NA,NA,NA
S5_8282326,5,8282326,NA,NA,NA,NA
S1_250092547,1,250092547,NA,NA,NA,NA
S1_252165426,1,252165426,NA,NA,NA,NA
S5_61957655,5,61957655,NA,NA,NA,NA
S5_215301731,5,215301731,NA,NA,NA,NA
S7_91364967,7,91364967,NA,NA,NA,NA
S3_103815675,3,103815675,NA,NA,NA,NA
S5_212029577,5,212029577,NA,NA,NA,NA
S8_166793664,8,166793664,NA,NA,NA,NA
S2_208975224,2,208975224,NA,NA,NA,NA
S2_195036343,2,195036343,NA,NA,NA,NA
S3_201329377,3,201329377,NA,NA,NA,NA
S9_17724626,9,17724626,NA,NA,NA,NA
S3_41265484,3,41265484,NA,NA,NA,NA
S4_34875439,4,34875439,NA,NA,NA,NA
S9_142015765,9,142015765,NA,NA,NA,NA
S9_142015770,9,142015770,NA,NA,NA,NA
S2_9087241,2,9087241,NA,NA,NA,NA
S2_199462347,2,199462347,NA,NA,NA,NA
S2_180526312,2,180526312,NA,NA,NA,NA
S1_4994210,1,4994210,NA,NA,NA,NA
S10_133303804,10,133303804,NA,NA,NA,NA
S1_199117834,1,199117834,NA,NA,NA,NA
S6_112434564,6,112434564,NA,NA,NA,NA
S5_169456695,5,169456695,NA,NA,NA,NA
S6_100083187,6,100083187,NA,NA,NA,NA
S9_12981531,9,12981531,NA,NA,NA,NA
S10_114854664,10,114854664,NA,NA,NA,NA
S7_99089950,7,99089950,NA,NA,NA,NA
S5_207135951,5,207135951,NA,NA,NA,NA
S8_161725212,8,161725212,NA,NA,NA,NA
S8_161725220,8,161725220,NA,NA,NA,NA
S9_16322338,9,16322338,NA,NA,NA,NA
S9_105051763,9,105051763,NA,NA,NA,NA
S1_54189835,1,54189835,NA,NA,NA,NA
S2_1461966,2,1461966,NA,NA,NA,NA
S2_1461969,2,1461969,NA,NA,NA,NA
S6_93784177,6,93784177,NA,NA,NA,NA
S5_3088736,5,3088736,NA,NA,NA,NA
S4_1149984,4,1149984,NA,NA,NA,NA
S8_174307629,8,174307629,NA,NA,NA,NA
S10_84239903,10,84239903,NA,NA,NA,NA
S7_168082063,7,168082063,NA,NA,NA,NA
S1_216442270,1,216442270,NA,NA,NA,NA
S10_139839785,10,139839785,NA,NA,NA,NA
S4_35552090,4,35552090,NA,NA,NA,NA
S4_54124398,4,54124398,NA,NA,NA,NA
S8_135455200,8,135455200,NA,NA,NA,NA
S7_13176561,7,13176561,NA,NA,NA,NA
S7_143521943,7,143521943,NA,NA,NA,NA
S5_10493743,5,10493743,NA,NA,NA,NA
S3_87779700,3,87779700,NA,NA,NA,NA
S6_67259427,6,67259427,NA,NA,NA,NA
S6_107810959,6,107810959,NA,NA,NA,NA
S10_6453305,10,6453305,NA,NA,NA,NA
S2_38292413,2,38292413,NA,NA,NA,NA
S1_254797743,1,254797743,NA,NA,NA,NA
S3_223307664,3,223307664,NA,NA,NA,NA
S4_9485498,4,9485498,NA,NA,NA,NA
S1_292103369,1,292103369,NA,NA,NA,NA
S5_10106050,5,10106050,NA,NA,NA,NA
S4_223439002,4,223439002,NA,NA,NA,NA
S4_240416387,4,240416387,NA,NA,NA,NA
S2_16234057,2,16234057,NA,NA,NA,NA
S1_179643031,1,179643031,NA,NA,NA,NA
S10_146119159,10,146119159,NA,NA,NA,NA
S9_150921869,9,150921869,NA,NA,NA,NA
S10_10245128,10,10245128,NA,NA,NA,NA
S10_39239702,10,39239702,NA,NA,NA,NA
S5_33645030,5,33645030,NA,NA,NA,NA
S2_152211766,2,152211766,NA,NA,NA,NA
S1_98759978,1,98759978,NA,NA,NA,NA
S4_200034058,4,200034058,NA,NA,NA,NA
S10_138694169,10,138694169,NA,NA,NA,NA
S10_139315324,10,139315324,NA,NA,NA,NA
S6_118084511,6,118084511,NA,NA,NA,NA
S4_201732848,4,201732848,NA,NA,NA,NA
S7_92393195,7,92393195,NA,NA,NA,NA
S4_20100623,4,20100623,NA,NA,NA,NA
S5_17115812,5,17115812,NA,NA,NA,NA
S3_147594616,3,147594616,NA,NA,NA,NA
S1_23244263,1,23244263,NA,NA,NA,NA
S3_189472320,3,189472320,NA,NA,NA,NA
S2_191781670,2,191781670,NA,NA,NA,NA
S9_14577580,9,14577580,NA,NA,NA,NA
S10_143502630,10,143502630,NA,NA,NA,NA
S7_170252499,7,170252499,NA,NA,NA,NA
S4_33116203,4,33116203,NA,NA,NA,NA
S6_160624538,6,160624538,NA,NA,NA,NA
S2_235225252,2,235225252,NA,NA,NA,NA
S3_196199000,3,196199000,NA,NA,NA,NA
S3_196199021,3,196199021,NA,NA,NA,NA
S2_4052714,2,4052714,NA,NA,NA,NA
S3_30440296,3,30440296,NA,NA,NA,NA
S1_28424553,1,28424553,NA,NA,NA,NA
S1_28424563,1,28424563,NA,NA,NA,NA
S7_100170428,7,100170428,NA,NA,NA,NA
S3_165468672,3,165468672,NA,NA,NA,NA
S3_196560191,3,196560191,NA,NA,NA,NA
S5_212522443,5,212522443,NA,NA,NA,NA
S3_187713179,3,187713179,NA,NA,NA,NA
S2_196870450,2,196870450,NA,NA,NA,NA
S2_144477944,2,144477944,NA,NA,NA,NA
S2_190847891,2,190847891,NA,NA,NA,NA
S6_93784191,6,93784191,NA,NA,NA,NA
S1_279120251,1,279120251,NA,NA,NA,NA
S2_34221711,2,34221711,NA,NA,NA,NA
S5_49835340,5,49835340,NA,NA,NA,NA
S5_207135919,5,207135919,NA,NA,NA,NA
S5_192223669,5,192223669,NA,NA,NA,NA
S5_62971417,5,62971417,NA,NA,NA,NA
S1_251103550,1,251103550,NA,NA,NA,NA
S10_14974671,10,14974671,NA,NA,NA,NA
S10_125650321,10,125650321,NA,NA,NA,NA
S3_23314705,3,23314705,NA,NA,NA,NA
S9_148200038,9,148200038,NA,NA,NA,NA
S7_100888302,7,100888302,NA,NA,NA,NA
S4_1068995,4,1068995,NA,NA,NA,NA
S7_162720774,7,162720774,NA,NA,NA,NA
S9_153609382,9,153609382,NA,NA,NA,NA
S6_22916612,6,22916612,NA,NA,NA,NA
S3_199664623,3,199664623,NA,NA,NA,NA
S1_40436805,1,40436805,NA,NA,NA,NA
S9_118062562,9,118062562,NA,NA,NA,NA
S3_5669203,3,5669203,NA,NA,NA,NA
S6_6259123,6,6259123,NA,NA,NA,NA
S4_234358289,4,234358289,NA,NA,NA,NA
S1_41277402,1,41277402,NA,NA,NA,NA
S9_119969428,9,119969428,NA,NA,NA,NA
S4_224624089,4,224624089,NA,NA,NA,NA
S4_169506824,4,169506824,NA,NA,NA,NA
S9_102401701,9,102401701,NA,NA,NA,NA
S5_167943364,5,167943364,NA,NA,NA,NA
S5_7767774,5,7767774,NA,NA,NA,NA
S1_28677541,1,28677541,NA,NA,NA,NA
S4_239705058,4,239705058,NA,NA,NA,NA
S6_72476879,6,72476879,NA,NA,NA,NA
S10_142036417,10,142036417,NA,NA,NA,NA
S1_201472458,1,201472458,NA,NA,NA,NA
S2_16870958,2,16870958,NA,NA,NA,NA
S2_23093386,2,23093386,NA,NA,NA,NA
S7_140424272,7,140424272,NA,NA,NA,NA
S3_63528396,3,63528396,NA,NA,NA,NA
S5_184066727,5,184066727,NA,NA,NA,NA
S2_10388651,2,10388651,NA,NA,NA,NA
S5_70624788,5,70624788,NA,NA,NA,NA
S8_654998,8,654998,NA,NA,NA,NA
S9_153610633,9,153610633,NA,NA,NA,NA
S5_17891732,5,17891732,NA,NA,NA,NA
S7_156316378,7,156316378,NA,NA,NA,NA
S3_185256797,3,185256797,NA,NA,NA,NA
S3_4843305,3,4843305,NA,NA,NA,NA
S2_186311656,2,186311656,NA,NA,NA,NA
S2_79841347,2,79841347,NA,NA,NA,NA
S7_26599617,7,26599617,NA,NA,NA,NA
S9_2456615,9,2456615,NA,NA,NA,NA
S2_17100895,2,17100895,NA,NA,NA,NA
S3_1768144,3,1768144,NA,NA,NA,NA
S4_178044191,4,178044191,NA,NA,NA,NA
S8_149077547,8,149077547,NA,NA,NA,NA
S7_167103472,7,167103472,NA,NA,NA,NA
S1_287291295,1,287291295,NA,NA,NA,NA
S8_16917780,8,16917780,NA,NA,NA,NA
S2_41499221,2,41499221,NA,NA,NA,NA
S1_25374552,1,25374552,NA,NA,NA,NA
S1_275693747,1,275693747,NA,NA,NA,NA
S6_146818213,6,146818213,NA,NA,NA,NA
S5_19887173,5,19887173,NA,NA,NA,NA
S3_182488213,3,182488213,NA,NA,NA,NA
S4_4754149,4,4754149,NA,NA,NA,NA
S8_120050658,8,120050658,NA,NA,NA,NA
S2_198394528,2,198394528,NA,NA,NA,NA
S5_174592558,5,174592558,NA,NA,NA,NA
S4_24905947,4,24905947,NA,NA,NA,NA
S7_922176,7,922176,NA,NA,NA,NA
S4_211650138,4,211650138,NA,NA,NA,NA
S1_211325112,1,211325112,NA,NA,NA,NA
S4_56312472,4,56312472,NA,NA,NA,NA
S5_204728539,5,204728539,NA,NA,NA,NA
S5_215010361,5,215010361,NA,NA,NA,NA
S1_154792679,1,154792679,NA,NA,NA,NA
S2_120131443,2,120131443,NA,NA,NA,NA
S5_92354246,5,92354246,NA,NA,NA,NA
S1_14449374,1,14449374,NA,NA,NA,NA
S7_136180344,7,136180344,NA,NA,NA,NA
S3_87779741,3,87779741,NA,NA,NA,NA
S6_153099879,6,153099879,NA,NA,NA,NA
S8_170610705,8,170610705,NA,NA,NA,NA
S8_170610715,8,170610715,NA,NA,NA,NA
S7_25091102,7,25091102,NA,NA,NA,NA
S8_165857625,8,165857625,NA,NA,NA,NA
S2_176083016,2,176083016,NA,NA,NA,NA
S6_100200639,6,100200639,NA,NA,NA,NA
S4_1068973,4,1068973,NA,NA,NA,NA
S3_177372448,3,177372448,NA,NA,NA,NA
S5_212178436,5,212178436,NA,NA,NA,NA
S10_99204949,10,99204949,NA,NA,NA,NA
S3_184849869,3,184849869,NA,NA,NA,NA
S8_125197822,8,125197822,NA,NA,NA,NA
S5_216206633,5,216206633,NA,NA,NA,NA
S1_106787951,1,106787951,NA,NA,NA,NA
S2_109000484,2,109000484,NA,NA,NA,NA
S3_199028377,3,199028377,NA,NA,NA,NA
S9_110456687,9,110456687,NA,NA,NA,NA
S1_7356398,1,7356398,NA,NA,NA,NA
S4_2681233,4,2681233,NA,NA,NA,NA
S8_26352206,8,26352206,NA,NA,NA,NA
S3_15236532,3,15236532,NA,NA,NA,NA
S8_153463724,8,153463724,NA,NA,NA,NA
S10_130205356,10,130205356,NA,NA,NA,NA
S7_143750333,7,143750333,NA,NA,NA,NA
S2_144801912,2,144801912,NA,NA,NA,NA
S8_15435162,8,15435162,NA,NA,NA,NA
S5_128332228,5,128332228,NA,NA,NA,NA
S2_3184369,2,3184369,NA,NA,NA,NA
S3_190569114,3,190569114,NA,NA,NA,NA
S8_98262212,8,98262212,NA,NA,NA,NA
S1_13645498,1,13645498,NA,NA,NA,NA
S4_233209627,4,233209627,NA,NA,NA,NA
S8_138888278,8,138888278,NA,NA,NA,NA
S1_287720104,1,287720104,NA,NA,NA,NA
S1_77259479,1,77259479,NA,NA,NA,NA
S5_181888644,5,181888644,NA,NA,NA,NA
S1_12344369,1,12344369,NA,NA,NA,NA
S5_143198255,5,143198255,NA,NA,NA,NA
S4_240330666,4,240330666,NA,NA,NA,NA
S1_297752559,1,297752559,NA,NA,NA,NA
S7_172496147,7,172496147,NA,NA,NA,NA
S5_93516173,5,93516173,NA,NA,NA,NA
S7_141546627,7,141546627,NA,NA,NA,NA
S9_17446325,9,17446325,NA,NA,NA,NA
S2_20101531,2,20101531,NA,NA,NA,NA
S7_16192038,7,16192038,NA,NA,NA,NA
S9_151667974,9,151667974,NA,NA,NA,NA
S1_298136823,1,298136823,NA,NA,NA,NA
S4_152525196,4,152525196,NA,NA,NA,NA
S4_192070780,4,192070780,NA,NA,NA,NA
S1_207176697,1,207176697,NA,NA,NA,NA
S7_17180610,7,17180610,NA,NA,NA,NA
S4_90256498,4,90256498,NA,NA,NA,NA
S4_90256508,4,90256508,NA,NA,NA,NA
S1_258875029,1,258875029,NA,NA,NA,NA
S1_37543002,1,37543002,NA,NA,NA,NA
S1_41102630,1,41102630,NA,NA,NA,NA
S1_295439173,1,295439173,NA,NA,NA,NA
S7_17180778,7,17180778,NA,NA,NA,NA
S6_148835763,6,148835763,NA,NA,NA,NA
S7_51469623,7,51469623,NA,NA,NA,NA
S8_113874000,8,113874000,NA,NA,NA,NA
S3_9379506,3,9379506,NA,NA,NA,NA
S6_150804882,6,150804882,NA,NA,NA,NA
S1_95190453,1,95190453,NA,NA,NA,NA
S1_217348730,1,217348730,NA,NA,NA,NA
S1_277846453,1,277846453,NA,NA,NA,NA
S2_139644513,2,139644513,NA,NA,NA,NA
S10_66767584,10,66767584,NA,NA,NA,NA
S6_55253744,6,55253744,NA,NA,NA,NA
S7_2133516,7,2133516,NA,NA,NA,NA
S1_259272819,1,259272819,NA,NA,NA,NA
S1_43121626,1,43121626,NA,NA,NA,NA
S8_152541168,8,152541168,NA,NA,NA,NA
S10_138027123,10,138027123,NA,NA,NA,NA
S3_185406460,3,185406460,NA,NA,NA,NA
S2_178881705,2,178881705,NA,NA,NA,NA
S4_236728031,4,236728031,NA,NA,NA,NA
S4_236728032,4,236728032,NA,NA,NA,NA
S2_104180851,2,104180851,NA,NA,NA,NA
S6_120132237,6,120132237,NA,NA,NA,NA
S8_18613031,8,18613031,NA,NA,NA,NA
S9_102963293,9,102963293,NA,NA,NA,NA
S2_3090235,2,3090235,NA,NA,NA,NA
S1_214725368,1,214725368,NA,NA,NA,NA
S4_56858562,4,56858562,NA,NA,NA,NA
S5_43660675,5,43660675,NA,NA,NA,NA
S1_120364722,1,120364722,NA,NA,NA,NA
S6_95942778,6,95942778,NA,NA,NA,NA
S2_222675532,2,222675532,NA,NA,NA,NA
S1_262162944,1,262162944,NA,NA,NA,NA
S5_168225370,5,168225370,NA,NA,NA,NA
S8_168279623,8,168279623,NA,NA,NA,NA
S1_87766772,1,87766772,NA,NA,NA,NA
S3_154408488,3,154408488,NA,NA,NA,NA
S1_290109490,1,290109490,NA,NA,NA,NA
S3_154373594,3,154373594,NA,NA,NA,NA
S2_724503,2,724503,NA,NA,NA,NA
S3_187742562,3,187742562,NA,NA,NA,NA
S1_286360071,1,286360071,NA,NA,NA,NA
S7_159236119,7,159236119,NA,NA,NA,NA
S3_2118126,3,2118126,NA,NA,NA,NA
S2_5548079,2,5548079,NA,NA,NA,NA
S7_16335995,7,16335995,NA,NA,NA,NA
S2_50643585,2,50643585,NA,NA,NA,NA
S7_2156931,7,2156931,NA,NA,NA,NA
S8_171875644,8,171875644,NA,NA,NA,NA
S8_171875645,8,171875645,NA,NA,NA,NA
S8_171875646,8,171875646,NA,NA,NA,NA
S8_171875649,8,171875649,NA,NA,NA,NA
S8_171875650,8,171875650,NA,NA,NA,NA
S8_171875660,8,171875660,NA,NA,NA,NA
S5_30221730,5,30221730,NA,NA,NA,NA
S1_289520851,1,289520851,NA,NA,NA,NA
S1_289520856,1,289520856,NA,NA,NA,NA
S5_208986749,5,208986749,NA,NA,NA,NA
S2_3975035,2,3975035,NA,NA,NA,NA
S1_237183382,1,237183382,NA,NA,NA,NA
S9_25922593,9,25922593,NA,NA,NA,NA
S5_7853208,5,7853208,NA,NA,NA,NA
S7_167635076,7,167635076,NA,NA,NA,NA
S4_43589697,4,43589697,NA,NA,NA,NA
S2_62354497,2,62354497,NA,NA,NA,NA
S2_176614332,2,176614332,NA,NA,NA,NA
S2_6566497,2,6566497,NA,NA,NA,NA
S1_252374530,1,252374530,NA,NA,NA,NA
S3_149564343,3,149564343,NA,NA,NA,NA
S4_31842822,4,31842822,NA,NA,NA,NA
S4_202224487,4,202224487,NA,NA,NA,NA
S9_145906412,9,145906412,NA,NA,NA,NA
S2_204117148,2,204117148,NA,NA,NA,NA
S4_1150305,4,1150305,NA,NA,NA,NA
S9_127505032,9,127505032,NA,NA,NA,NA
S5_196508742,5,196508742,NA,NA,NA,NA
S9_15693563,9,15693563,NA,NA,NA,NA
S2_6980489,2,6980489,NA,NA,NA,NA
S1_274726446,1,274726446,NA,NA,NA,NA
S10_138694172,10,138694172,NA,NA,NA,NA
S1_199502652,1,199502652,NA,NA,NA,NA
S1_56445496,1,56445496,NA,NA,NA,NA
S7_106325823,7,106325823,NA,NA,NA,NA
S4_189033362,4,189033362,NA,NA,NA,NA
S3_211683301,3,211683301,NA,NA,NA,NA
S4_55392945,4,55392945,NA,NA,NA,NA
S2_189190447,2,189190447,NA,NA,NA,NA
S8_78853494,8,78853494,NA,NA,NA,NA
S4_186043964,4,186043964,NA,NA,NA,NA
S4_4271210,4,4271210,NA,NA,NA,NA
S7_168250869,7,168250869,NA,NA,NA,NA
S1_291726772,1,291726772,NA,NA,NA,NA
S10_143482211,10,143482211,NA,NA,NA,NA
S1_48553161,1,48553161,NA,NA,NA,NA
S2_153860578,2,153860578,NA,NA,NA,NA
S3_94577495,3,94577495,NA,NA,NA,NA
S5_110178437,5,110178437,NA,NA,NA,NA
S2_18514139,2,18514139,NA,NA,NA,NA
S1_200162861,1,200162861,NA,NA,NA,NA
S9_8741809,9,8741809,NA,NA,NA,NA
S2_206899597,2,206899597,NA,NA,NA,NA
S2_206899600,2,206899600,NA,NA,NA,NA
S2_206899602,2,206899602,NA,NA,NA,NA
S3_10325212,3,10325212,NA,NA,NA,NA
S1_9812096,1,9812096,NA,NA,NA,NA
S5_89409639,5,89409639,NA,NA,NA,NA
S7_168202024,7,168202024,NA,NA,NA,NA
S5_32922226,5,32922226,NA,NA,NA,NA
S2_184260344,2,184260344,NA,NA,NA,NA
S2_184260346,2,184260346,NA,NA,NA,NA
S1_188055344,1,188055344,NA,NA,NA,NA
S3_184849786,3,184849786,NA,NA,NA,NA
S3_211534110,3,211534110,NA,NA,NA,NA
S4_167171538,4,167171538,NA,NA,NA,NA
S2_51233137,2,51233137,NA,NA,NA,NA
S8_155582514,8,155582514,NA,NA,NA,NA
S2_6582628,2,6582628,NA,NA,NA,NA
S9_46388027,9,46388027,NA,NA,NA,NA
S4_10906095,4,10906095,NA,NA,NA,NA
S2_3975089,2,3975089,NA,NA,NA,NA
S3_171711081,3,171711081,NA,NA,NA,NA
S5_15567854,5,15567854,NA,NA,NA,NA
S3_28921023,3,28921023,NA,NA,NA,NA
S6_1287326,6,1287326,NA,NA,NA,NA
S5_48449598,5,48449598,NA,NA,NA,NA
S7_14606291,7,14606291,NA,NA,NA,NA
S4_184936655,4,184936655,NA,NA,NA,NA
S7_111662597,7,111662597,NA,NA,NA,NA
S5_70885926,5,70885926,NA,NA,NA,NA
S2_45192915,2,45192915,NA,NA,NA,NA
S2_48659285,2,48659285,NA,NA,NA,NA
S9_131876009,9,131876009,NA,NA,NA,NA
S1_164628747,1,164628747,NA,NA,NA,NA
S5_58607883,5,58607883,NA,NA,NA,NA
S5_213342111,5,213342111,NA,NA,NA,NA
S2_228801595,2,228801595,NA,NA,NA,NA
S5_4311065,5,4311065,NA,NA,NA,NA
S1_263652153,1,263652153,NA,NA,NA,NA
S1_263652162,1,263652162,NA,NA,NA,NA
S4_32604103,4,32604103,NA,NA,NA,NA
S3_219836079,3,219836079,NA,NA,NA,NA
S7_127249116,7,127249116,NA,NA,NA,NA
S3_41736589,3,41736589,NA,NA,NA,NA
S3_41736597,3,41736597,NA,NA,NA,NA
S3_41736619,3,41736619,NA,NA,NA,NA
S6_155456890,6,155456890,NA,NA,NA,NA
S3_164968574,3,164968574,NA,NA,NA,NA
S10_118507497,10,118507497,NA,NA,NA,NA
S5_204866582,5,204866582,NA,NA,NA,NA
S8_151660348,8,151660348,NA,NA,NA,NA
S4_42143646,4,42143646,NA,NA,NA,NA
S4_42143665,4,42143665,NA,NA,NA,NA
S4_42143679,4,42143679,NA,NA,NA,NA
S4_228934625,4,228934625,NA,NA,NA,NA
S4_228934644,4,228934644,NA,NA,NA,NA
S5_196508754,5,196508754,NA,NA,NA,NA
S3_3028559,3,3028559,NA,NA,NA,NA
S9_87360532,9,87360532,NA,NA,NA,NA
S2_29526753,2,29526753,NA,NA,NA,NA
S7_41490580,7,41490580,NA,NA,NA,NA
S7_9199237,7,9199237,NA,NA,NA,NA
S7_9199238,7,9199238,NA,NA,NA,NA
S7_9199239,7,9199239,NA,NA,NA,NA
S7_100524411,7,100524411,NA,NA,NA,NA
S9_152761769,9,152761769,NA,NA,NA,NA
S3_154373583,3,154373583,NA,NA,NA,NA
S3_197382267,3,197382267,NA,NA,NA,NA
S6_31006130,6,31006130,NA,NA,NA,NA
S6_31006166,6,31006166,NA,NA,NA,NA
S6_113885416,6,113885416,NA,NA,NA,NA
S9_63337188,9,63337188,NA,NA,NA,NA
S4_49446221,4,49446221,NA,NA,NA,NA
S3_185257080,3,185257080,NA,NA,NA,NA
S6_63921288,6,63921288,NA,NA,NA,NA
S3_157019361,3,157019361,NA,NA,NA,NA
S2_83267948,2,83267948,NA,NA,NA,NA
S8_6026037,8,6026037,NA,NA,NA,NA
S6_60195005,6,60195005,NA,NA,NA,NA
S3_65286220,3,65286220,NA,NA,NA,NA
S4_90256551,4,90256551,NA,NA,NA,NA
S1_158691693,1,158691693,NA,NA,NA,NA
S9_7177133,9,7177133,NA,NA,NA,NA
S9_148112932,9,148112932,NA,NA,NA,NA
S2_27956535,2,27956535,NA,NA,NA,NA
S10_39239695,10,39239695,NA,NA,NA,NA
S6_93784174,6,93784174,NA,NA,NA,NA
S6_93784190,6,93784190,NA,NA,NA,NA
S1_285972626,1,285972626,NA,NA,NA,NA
S5_26990079,5,26990079,NA,NA,NA,NA
S4_59258071,4,59258071,NA,NA,NA,NA
S1_84745287,1,84745287,NA,NA,NA,NA
S5_4309082,5,4309082,NA,NA,NA,NA
S5_175599023,5,175599023,NA,NA,NA,NA
S8_16352923,8,16352923,NA,NA,NA,NA
S4_78545053,4,78545053,NA,NA,NA,NA
S9_129274322,9,129274322,NA,NA,NA,NA
S1_93268619,1,93268619,NA,NA,NA,NA
S1_263753086,1,263753086,NA,NA,NA,NA
S8_118423384,8,118423384,NA,NA,NA,NA
S1_40727177,1,40727177,NA,NA,NA,NA
S7_148700071,7,148700071,NA,NA,NA,NA
S2_64390179,2,64390179,NA,NA,NA,NA
S8_164525799,8,164525799,NA,NA,NA,NA
S1_26326674,1,26326674,NA,NA,NA,NA
S1_26326675,1,26326675,NA,NA,NA,NA
S1_26326676,1,26326676,NA,NA,NA,NA
S1_215340599,1,215340599,NA,NA,NA,NA
S6_105753152,6,105753152,NA,NA,NA,NA
S1_18189320,1,18189320,NA,NA,NA,NA
S4_226458357,4,226458357,NA,NA,NA,NA
S8_3430590,8,3430590,NA,NA,NA,NA
S7_141905597,7,141905597,NA,NA,NA,NA
S7_84701385,7,84701385,NA,NA,NA,NA
S7_52303645,7,52303645,NA,NA,NA,NA
S3_5777897,3,5777897,NA,NA,NA,NA
S8_164445704,8,164445704,NA,NA,NA,NA
S6_145529124,6,145529124,NA,NA,NA,NA
S2_41895131,2,41895131,NA,NA,NA,NA
S2_41895147,2,41895147,NA,NA,NA,NA
S8_164377462,8,164377462,NA,NA,NA,NA
S5_60775405,5,60775405,NA,NA,NA,NA
S5_214163702,5,214163702,NA,NA,NA,NA
S8_121902532,8,121902532,NA,NA,NA,NA
S8_32851603,8,32851603,NA,NA,NA,NA
S1_61448601,1,61448601,NA,NA,NA,NA
S2_20394063,2,20394063,NA,NA,NA,NA
S6_130964172,6,130964172,NA,NA,NA,NA
S2_16638858,2,16638858,NA,NA,NA,NA
S5_29917954,5,29917954,NA,NA,NA,NA
S5_170827474,5,170827474,NA,NA,NA,NA
S8_96268899,8,96268899,NA,NA,NA,NA
S7_173181702,7,173181702,NA,NA,NA,NA
S8_72383483,8,72383483,NA,NA,NA,NA
S10_77109259,10,77109259,NA,NA,NA,NA
S9_7191290,9,7191290,NA,NA,NA,NA
S6_152321423,6,152321423,NA,NA,NA,NA
S6_35897722,6,35897722,NA,NA,NA,NA
S4_151714535,4,151714535,NA,NA,NA,NA
S2_34221688,2,34221688,NA,NA,NA,NA
S2_206367457,2,206367457,NA,NA,NA,NA
S1_202550235,1,202550235,NA,NA,NA,NA
S1_202550241,1,202550241,NA,NA,NA,NA
S1_160858342,1,160858342,NA,NA,NA,NA
S5_165158213,5,165158213,NA,NA,NA,NA
S10_95617337,10,95617337,NA,NA,NA,NA
S7_13843351,7,13843351,NA,NA,NA,NA
S10_147588129,10,147588129,NA,NA,NA,NA
S10_136282993,10,136282993,NA,NA,NA,NA
S9_7616328,9,7616328,NA,NA,NA,NA
S1_14166030,1,14166030,NA,NA,NA,NA
S8_135455347,8,135455347,NA,NA,NA,NA
S9_147374378,9,147374378,NA,NA,NA,NA
S3_187898809,3,187898809,NA,NA,NA,NA
S1_292326337,1,292326337,NA,NA,NA,NA
S1_264533786,1,264533786,NA,NA,NA,NA
S6_153264987,6,153264987,NA,NA,NA,NA
S7_173041092,7,173041092,NA,NA,NA,NA
S7_115276842,7,115276842,NA,NA,NA,NA
S7_115276850,7,115276850,NA,NA,NA,NA
S7_115276851,7,115276851,NA,NA,NA,NA
S7_115276866,7,115276866,NA,NA,NA,NA
S7_115276867,7,115276867,NA,NA,NA,NA
S1_188063758,1,188063758,NA,NA,NA,NA
S4_171266251,4,171266251,NA,NA,NA,NA
S5_4619821,5,4619821,NA,NA,NA,NA
S2_59012023,2,59012023,NA,NA,NA,NA
S1_87168145,1,87168145,NA,NA,NA,NA
S1_52920310,1,52920310,NA,NA,NA,NA
S6_30257464,6,30257464,NA,NA,NA,NA
S1_299199070,1,299199070,NA,NA,NA,NA
S3_206481434,3,206481434,NA,NA,NA,NA
S1_286440324,1,286440324,NA,NA,NA,NA
S8_144367856,8,144367856,NA,NA,NA,NA
S6_81969317,6,81969317,NA,NA,NA,NA
S8_18350642,8,18350642,NA,NA,NA,NA
S1_288012830,1,288012830,NA,NA,NA,NA
S2_46861609,2,46861609,NA,NA,NA,NA
S2_46861612,2,46861612,NA,NA,NA,NA
S5_197843441,5,197843441,NA,NA,NA,NA
S5_197843443,5,197843443,NA,NA,NA,NA
S5_54612230,5,54612230,NA,NA,NA,NA
S1_260684801,1,260684801,NA,NA,NA,NA
S6_28145491,6,28145491,NA,NA,NA,NA
S8_22681619,8,22681619,NA,NA,NA,NA
S2_206628748,2,206628748,NA,NA,NA,NA
S7_154627689,7,154627689,NA,NA,NA,NA
S9_96718238,9,96718238,NA,NA,NA,NA
S3_211534089,3,211534089,NA,NA,NA,NA
S4_824508,4,824508,NA,NA,NA,NA
S2_49116346,2,49116346,NA,NA,NA,NA
S1_287720031,1,287720031,NA,NA,NA,NA
S7_9334920,7,9334920,NA,NA,NA,NA
S1_225876695,1,225876695,NA,NA,NA,NA
S6_2591208,6,2591208,NA,NA,NA,NA
S1_276993053,1,276993053,NA,NA,NA,NA
S2_187368196,2,187368196,NA,NA,NA,NA
S3_19655690,3,19655690,NA,NA,NA,NA
S3_147411957,3,147411957,NA,NA,NA,NA
S5_10793888,5,10793888,NA,NA,NA,NA
S3_206481436,3,206481436,NA,NA,NA,NA
S2_198651618,2,198651618,NA,NA,NA,NA
S1_71001730,1,71001730,NA,NA,NA,NA
S9_153520570,9,153520570,NA,NA,NA,NA
S1_164628745,1,164628745,NA,NA,NA,NA
S6_130840640,6,130840640,NA,NA,NA,NA
S2_195541165,2,195541165,NA,NA,NA,NA
S9_147733553,9,147733553,NA,NA,NA,NA
S7_119974729,7,119974729,NA,NA,NA,NA
S10_144854562,10,144854562,NA,NA,NA,NA
S1_2307776,1,2307776,NA,NA,NA,NA
S8_136296936,8,136296936,NA,NA,NA,NA
S1_293157854,1,293157854,NA,NA,NA,NA
S2_85608656,2,85608656,NA,NA,NA,NA
S4_5387150,4,5387150,NA,NA,NA,NA
S7_172738987,7,172738987,NA,NA,NA,NA
S1_2544068,1,2544068,NA,NA,NA,NA
S7_108480653,7,108480653,NA,NA,NA,NA
S8_105818187,8,105818187,NA,NA,NA,NA
S8_105818188,8,105818188,NA,NA,NA,NA
S1_297804481,1,297804481,NA,NA,NA,NA
S5_203614796,5,203614796,NA,NA,NA,NA
S5_203614797,5,203614797,NA,NA,NA,NA
S8_145999572,8,145999572,NA,NA,NA,NA
S9_41829455,9,41829455,NA,NA,NA,NA
S9_109307058,9,109307058,NA,NA,NA,NA
S1_246472209,1,246472209,NA,NA,NA,NA
S5_196610986,5,196610986,NA,NA,NA,NA
S6_156752063,6,156752063,NA,NA,NA,NA
S5_215301129,5,215301129,NA,NA,NA,NA
S5_169456578,5,169456578,NA,NA,NA,NA
S2_3090243,2,3090243,NA,NA,NA,NA
S9_18947201,9,18947201,NA,NA,NA,NA
S2_169758447,2,169758447,NA,NA,NA,NA
S7_154180652,7,154180652,NA,NA,NA,NA
S8_164736855,8,164736855,NA,NA,NA,NA
S1_165410312,1,165410312,NA,NA,NA,NA
S2_22952891,2,22952891,NA,NA,NA,NA
S10_23071678,10,23071678,NA,NA,NA,NA
S2_216666148,2,216666148,NA,NA,NA,NA
S6_68778523,6,68778523,NA,NA,NA,NA
S1_32321576,1,32321576,NA,NA,NA,NA
S3_5440087,3,5440087,NA,NA,NA,NA
S10_130302279,10,130302279,NA,NA,NA,NA
S9_25810060,9,25810060,NA,NA,NA,NA
S5_5929070,5,5929070,NA,NA,NA,NA
S1_282462456,1,282462456,NA,NA,NA,NA
S3_208616494,3,208616494,NA,NA,NA,NA
S2_22756511,2,22756511,NA,NA,NA,NA
S4_36306159,4,36306159,NA,NA,NA,NA
S4_36306163,4,36306163,NA,NA,NA,NA
S7_141906050,7,141906050,NA,NA,NA,NA
S5_205362551,5,205362551,NA,NA,NA,NA
S5_205362583,5,205362583,NA,NA,NA,NA
S8_33847037,8,33847037,NA,NA,NA,NA
S7_127144876,7,127144876,NA,NA,NA,NA
S1_268308762,1,268308762,NA,NA,NA,NA
S5_211896471,5,211896471,NA,NA,NA,NA
S6_124878635,6,124878635,NA,NA,NA,NA
S5_212249603,5,212249603,NA,NA,NA,NA
S5_32095057,5,32095057,NA,NA,NA,NA
S10_59044579,10,59044579,NA,NA,NA,NA
S7_141680271,7,141680271,NA,NA,NA,NA
S4_193147210,4,193147210,NA,NA,NA,NA
S7_170416962,7,170416962,NA,NA,NA,NA
S7_170416965,7,170416965,NA,NA,NA,NA
S8_171172962,8,171172962,NA,NA,NA,NA
S6_162571428,6,162571428,NA,NA,NA,NA
S5_76212739,5,76212739,NA,NA,NA,NA
S8_119369551,8,119369551,NA,NA,NA,NA
S5_1042675,5,1042675,NA,NA,NA,NA
S3_15235098,3,15235098,NA,NA,NA,NA
S3_15235099,3,15235099,NA,NA,NA,NA
S8_139890553,8,139890553,NA,NA,NA,NA
S5_21988282,5,21988282,NA,NA,NA,NA
S2_179807627,2,179807627,NA,NA,NA,NA
S1_234219176,1,234219176,NA,NA,NA,NA
S1_234219180,1,234219180,NA,NA,NA,NA
S1_234219181,1,234219181,NA,NA,NA,NA
S1_234219184,1,234219184,NA,NA,NA,NA
S1_234219185,1,234219185,NA,NA,NA,NA
S1_234219186,1,234219186,NA,NA,NA,NA
S1_234219188,1,234219188,NA,NA,NA,NA
S1_234219189,1,234219189,NA,NA,NA,NA
S1_234219192,1,234219192,NA,NA,NA,NA
S1_234219194,1,234219194,NA,NA,NA,NA
S1_234219198,1,234219198,NA,NA,NA,NA
S2_187443525,2,187443525,NA,NA,NA,NA
S4_239416884,4,239416884,NA,NA,NA,NA
S10_132620909,10,132620909,NA,NA,NA,NA
S1_300634822,1,300634822,NA,NA,NA,NA
S9_13463045,9,13463045,NA,NA,NA,NA
S9_64808914,9,64808914,NA,NA,NA,NA
S6_105753106,6,105753106,NA,NA,NA,NA
S1_208762341,1,208762341,NA,NA,NA,NA
S1_36801883,1,36801883,NA,NA,NA,NA
S4_5266065,4,5266065,NA,NA,NA,NA
S4_5266070,4,5266070,NA,NA,NA,NA
S10_83544213,10,83544213,NA,NA,NA,NA
S10_83544217,10,83544217,NA,NA,NA,NA
S1_197748578,1,197748578,NA,NA,NA,NA
S7_160480877,7,160480877,NA,NA,NA,NA
S8_156052721,8,156052721,NA,NA,NA,NA
S8_12610596,8,12610596,NA,NA,NA,NA
S5_70870652,5,70870652,NA,NA,NA,NA
S3_132385154,3,132385154,NA,NA,NA,NA
S1_234219182,1,234219182,NA,NA,NA,NA
S5_176330237,5,176330237,NA,NA,NA,NA
S2_174565240,2,174565240,NA,NA,NA,NA
S4_216657666,4,216657666,NA,NA,NA,NA
S5_14925772,5,14925772,NA,NA,NA,NA
S10_147010517,10,147010517,NA,NA,NA,NA
S4_11075579,4,11075579,NA,NA,NA,NA
S3_3716392,3,3716392,NA,NA,NA,NA
S8_171193924,8,171193924,NA,NA,NA,NA
S7_167149694,7,167149694,NA,NA,NA,NA
S2_196384285,2,196384285,NA,NA,NA,NA
S1_235667248,1,235667248,NA,NA,NA,NA
S10_4750084,10,4750084,NA,NA,NA,NA
S7_163058808,7,163058808,NA,NA,NA,NA
S3_31454287,3,31454287,NA,NA,NA,NA
S9_129267808,9,129267808,NA,NA,NA,NA
S1_273677663,1,273677663,NA,NA,NA,NA
S1_239117185,1,239117185,NA,NA,NA,NA
S6_60608895,6,60608895,NA,NA,NA,NA
S6_60608907,6,60608907,NA,NA,NA,NA
S6_60608939,6,60608939,NA,NA,NA,NA
S8_171597548,8,171597548,NA,NA,NA,NA
S3_209724600,3,209724600,NA,NA,NA,NA
S5_208094319,5,208094319,NA,NA,NA,NA
S10_14909517,10,14909517,NA,NA,NA,NA
S3_122076019,3,122076019,NA,NA,NA,NA
S9_153853423,9,153853423,NA,NA,NA,NA
S6_162992271,6,162992271,NA,NA,NA,NA
S3_171466691,3,171466691,NA,NA,NA,NA
S7_141644404,7,141644404,NA,NA,NA,NA
S9_150649139,9,150649139,NA,NA,NA,NA
S4_48458655,4,48458655,NA,NA,NA,NA
S3_122075827,3,122075827,NA,NA,NA,NA
S3_219182744,3,219182744,NA,NA,NA,NA
S1_208818199,1,208818199,NA,NA,NA,NA
S5_206846424,5,206846424,NA,NA,NA,NA
S1_248738378,1,248738378,NA,NA,NA,NA
S2_205904685,2,205904685,NA,NA,NA,NA
S4_35625376,4,35625376,NA,NA,NA,NA
S10_134600806,10,134600806,NA,NA,NA,NA
S1_173991774,1,173991774,NA,NA,NA,NA
S1_88850054,1,88850054,NA,NA,NA,NA
S1_88850064,1,88850064,NA,NA,NA,NA
S1_88850066,1,88850066,NA,NA,NA,NA
S3_186175541,3,186175541,NA,NA,NA,NA
S3_186175549,3,186175549,NA,NA,NA,NA
S2_22949097,2,22949097,NA,NA,NA,NA
S8_646025,8,646025,NA,NA,NA,NA
S1_228019866,1,228019866,NA,NA,NA,NA
S2_173641332,2,173641332,NA,NA,NA,NA
S1_274410341,1,274410341,NA,NA,NA,NA
S6_144000730,6,144000730,NA,NA,NA,NA
S5_167276719,5,167276719,NA,NA,NA,NA
S3_167810101,3,167810101,NA,NA,NA,NA
S6_156748609,6,156748609,NA,NA,NA,NA
S2_69159852,2,69159852,NA,NA,NA,NA
S2_69159858,2,69159858,NA,NA,NA,NA
S2_69159859,2,69159859,NA,NA,NA,NA
S1_291901818,1,291901818,NA,NA,NA,NA
S8_129313720,8,129313720,NA,NA,NA,NA
S8_129313721,8,129313721,NA,NA,NA,NA
S3_209493084,3,209493084,NA,NA,NA,NA
S7_111662587,7,111662587,NA,NA,NA,NA
S4_118695410,4,118695410,NA,NA,NA,NA
S5_18571691,5,18571691,NA,NA,NA,NA
S5_18571694,5,18571694,NA,NA,NA,NA
S8_122418025,8,122418025,NA,NA,NA,NA
S9_23212071,9,23212071,NA,NA,NA,NA
S4_227209071,4,227209071,NA,NA,NA,NA
S8_140192724,8,140192724,NA,NA,NA,NA
S5_12383839,5,12383839,NA,NA,NA,NA
S4_131752888,4,131752888,NA,NA,NA,NA
S2_167362445,2,167362445,NA,NA,NA,NA
S3_49054964,3,49054964,NA,NA,NA,NA
S3_127930801,3,127930801,NA,NA,NA,NA
S3_20426181,3,20426181,NA,NA,NA,NA
S5_192701597,5,192701597,NA,NA,NA,NA
S2_26439276,2,26439276,NA,NA,NA,NA
S5_61696772,5,61696772,NA,NA,NA,NA
S2_222962412,2,222962412,NA,NA,NA,NA
S7_2962329,7,2962329,NA,NA,NA,NA
S7_2962330,7,2962330,NA,NA,NA,NA
S3_188331306,3,188331306,NA,NA,NA,NA
S7_10513803,7,10513803,NA,NA,NA,NA
S3_88904680,3,88904680,NA,NA,NA,NA
S3_88904682,3,88904682,NA,NA,NA,NA
S3_88904684,3,88904684,NA,NA,NA,NA
S3_88904685,3,88904685,NA,NA,NA,NA
S6_117596171,6,117596171,NA,NA,NA,NA
S3_228998106,3,228998106,NA,NA,NA,NA
S5_197945069,5,197945069,NA,NA,NA,NA
S3_210136222,3,210136222,NA,NA,NA,NA
S5_199723933,5,199723933,NA,NA,NA,NA
S6_7125119,6,7125119,NA,NA,NA,NA
S8_105104771,8,105104771,NA,NA,NA,NA
S7_5784557,7,5784557,NA,NA,NA,NA
S7_162799245,7,162799245,NA,NA,NA,NA
S5_4361125,5,4361125,NA,NA,NA,NA
S3_184672891,3,184672891,NA,NA,NA,NA
S9_59830600,9,59830600,NA,NA,NA,NA
S5_5382805,5,5382805,NA,NA,NA,NA
S2_2492423,2,2492423,NA,NA,NA,NA
S2_143383702,2,143383702,NA,NA,NA,NA
S3_170441940,3,170441940,NA,NA,NA,NA
S9_141442939,9,141442939,NA,NA,NA,NA
S9_109894401,9,109894401,NA,NA,NA,NA
S8_156040274,8,156040274,NA,NA,NA,NA
S1_233815674,1,233815674,NA,NA,NA,NA
S5_21583624,5,21583624,NA,NA,NA,NA
S4_1253283,4,1253283,NA,NA,NA,NA
S7_26599640,7,26599640,NA,NA,NA,NA
S2_54283850,2,54283850,NA,NA,NA,NA
S5_1051389,5,1051389,NA,NA,NA,NA
S8_172004193,8,172004193,NA,NA,NA,NA
S2_28194507,2,28194507,NA,NA,NA,NA
S3_119323185,3,119323185,NA,NA,NA,NA
S8_138262586,8,138262586,NA,NA,NA,NA
S1_41245242,1,41245242,NA,NA,NA,NA
S9_25823451,9,25823451,NA,NA,NA,NA
S1_217113094,1,217113094,NA,NA,NA,NA
S2_14219847,2,14219847,NA,NA,NA,NA
S4_233627058,4,233627058,NA,NA,NA,NA
S8_11662383,8,11662383,NA,NA,NA,NA
S3_145434256,3,145434256,NA,NA,NA,NA
S4_173561775,4,173561775,NA,NA,NA,NA
S6_32455472,6,32455472,NA,NA,NA,NA
S1_61021047,1,61021047,NA,NA,NA,NA
S1_95088976,1,95088976,NA,NA,NA,NA
S5_2323690,5,2323690,NA,NA,NA,NA
S2_141341690,2,141341690,NA,NA,NA,NA
S1_115219651,1,115219651,NA,NA,NA,NA
S4_166866425,4,166866425,NA,NA,NA,NA
S5_194629146,5,194629146,NA,NA,NA,NA
S10_6530030,10,6530030,NA,NA,NA,NA
S5_197606438,5,197606438,NA,NA,NA,NA
S2_43433441,2,43433441,NA,NA,NA,NA
S2_1919853,2,1919853,NA,NA,NA,NA
S2_6980493,2,6980493,NA,NA,NA,NA
S8_68687447,8,68687447,NA,NA,NA,NA
S5_16093164,5,16093164,NA,NA,NA,NA
S2_174609639,2,174609639,NA,NA,NA,NA
S1_283186617,1,283186617,NA,NA,NA,NA
S8_26859184,8,26859184,NA,NA,NA,NA
S8_69054583,8,69054583,NA,NA,NA,NA
S5_89154871,5,89154871,NA,NA,NA,NA
S6_161833464,6,161833464,NA,NA,NA,NA
S8_171598206,8,171598206,NA,NA,NA,NA
S7_133892755,7,133892755,NA,NA,NA,NA
S2_189580002,2,189580002,NA,NA,NA,NA
S1_278034277,1,278034277,NA,NA,NA,NA
S4_17419108,4,17419108,NA,NA,NA,NA
S4_237777425,4,237777425,NA,NA,NA,NA
S4_237777430,4,237777430,NA,NA,NA,NA
S5_152403968,5,152403968,NA,NA,NA,NA
S1_62712197,1,62712197,NA,NA,NA,NA
S6_162110522,6,162110522,NA,NA,NA,NA
S9_154457259,9,154457259,NA,NA,NA,NA
S2_10014316,2,10014316,NA,NA,NA,NA
S3_197382402,3,197382402,NA,NA,NA,NA
S7_158366673,7,158366673,NA,NA,NA,NA
S10_124148621,10,124148621,NA,NA,NA,NA
S6_136408107,6,136408107,NA,NA,NA,NA
S4_82012056,4,82012056,NA,NA,NA,NA
S5_39883773,5,39883773,NA,NA,NA,NA
S7_105629350,7,105629350,NA,NA,NA,NA
S3_142007192,3,142007192,NA,NA,NA,NA
S2_203085415,2,203085415,NA,NA,NA,NA
S8_37476384,8,37476384,NA,NA,NA,NA
S8_146559660,8,146559660,NA,NA,NA,NA
S8_165238987,8,165238987,NA,NA,NA,NA
S2_194356304,2,194356304,NA,NA,NA,NA
S6_25545255,6,25545255,NA,NA,NA,NA
S7_7258869,7,7258869,NA,NA,NA,NA
S7_16334066,7,16334066,NA,NA,NA,NA
S9_113826456,9,113826456,NA,NA,NA,NA
S7_33694999,7,33694999,NA,NA,NA,NA
S4_235268672,4,235268672,NA,NA,NA,NA
S5_129223849,5,129223849,NA,NA,NA,NA
S7_170540513,7,170540513,NA,NA,NA,NA
S5_7001422,5,7001422,NA,NA,NA,NA
S2_175831713,2,175831713,NA,NA,NA,NA
S4_235381700,4,235381700,NA,NA,NA,NA
S7_126222822,7,126222822,NA,NA,NA,NA
S2_41773077,2,41773077,NA,NA,NA,NA
S2_209010600,2,209010600,NA,NA,NA,NA
S5_7589075,5,7589075,NA,NA,NA,NA
S5_59310271,5,59310271,NA,NA,NA,NA
S9_124758637,9,124758637,NA,NA,NA,NA
S1_112639745,1,112639745,NA,NA,NA,NA
S5_76383388,5,76383388,NA,NA,NA,NA
S7_149755377,7,149755377,NA,NA,NA,NA
S3_188664149,3,188664149,NA,NA,NA,NA
S1_173321672,1,173321672,NA,NA,NA,NA
S3_28923429,3,28923429,NA,NA,NA,NA
S2_2041341,2,2041341,NA,NA,NA,NA
S2_168456595,2,168456595,NA,NA,NA,NA
S2_168456596,2,168456596,NA,NA,NA,NA
S2_168456598,2,168456598,NA,NA,NA,NA
S9_154378806,9,154378806,NA,NA,NA,NA
S1_5590869,1,5590869,NA,NA,NA,NA
S8_130850637,8,130850637,NA,NA,NA,NA
S4_219994250,4,219994250,NA,NA,NA,NA
S4_196813183,4,196813183,NA,NA,NA,NA
S6_133515692,6,133515692,NA,NA,NA,NA
S1_298410665,1,298410665,NA,NA,NA,NA
S10_147898779,10,147898779,NA,NA,NA,NA
S2_200890996,2,200890996,NA,NA,NA,NA
S1_285135927,1,285135927,NA,NA,NA,NA
S3_204474984,3,204474984,NA,NA,NA,NA
S5_213916290,5,213916290,NA,NA,NA,NA
S7_307419,7,307419,NA,NA,NA,NA
S4_231141298,4,231141298,NA,NA,NA,NA
S1_251113471,1,251113471,NA,NA,NA,NA
S3_48981474,3,48981474,NA,NA,NA,NA
S8_18613081,8,18613081,NA,NA,NA,NA
S3_230905914,3,230905914,NA,NA,NA,NA
S6_88568332,6,88568332,NA,NA,NA,NA
S2_31921149,2,31921149,NA,NA,NA,NA
S10_29537199,10,29537199,NA,NA,NA,NA
S4_198079421,4,198079421,NA,NA,NA,NA
S7_21135040,7,21135040,NA,NA,NA,NA
S5_212169465,5,212169465,NA,NA,NA,NA
S4_238437916,4,238437916,NA,NA,NA,NA
S7_9334997,7,9334997,NA,NA,NA,NA
S1_291559313,1,291559313,NA,NA,NA,NA
S8_152141470,8,152141470,NA,NA,NA,NA
S8_164772137,8,164772137,NA,NA,NA,NA
S8_164772157,8,164772157,NA,NA,NA,NA
S3_11725836,3,11725836,NA,NA,NA,NA
S3_190946632,3,190946632,NA,NA,NA,NA
S8_149918264,8,149918264,NA,NA,NA,NA
S5_10493749,5,10493749,NA,NA,NA,NA
S7_121192543,7,121192543,NA,NA,NA,NA
S1_253798667,1,253798667,NA,NA,NA,NA
S7_41490537,7,41490537,NA,NA,NA,NA
S7_41490564,7,41490564,NA,NA,NA,NA
S7_41490576,7,41490576,NA,NA,NA,NA
S7_41490578,7,41490578,NA,NA,NA,NA
S1_202550249,1,202550249,NA,NA,NA,NA
S9_130919719,9,130919719,NA,NA,NA,NA
S3_173520620,3,173520620,NA,NA,NA,NA
S2_41899568,2,41899568,NA,NA,NA,NA
S4_2411391,4,2411391,NA,NA,NA,NA
S2_37133452,2,37133452,NA,NA,NA,NA
S5_190677177,5,190677177,NA,NA,NA,NA
S3_34498751,3,34498751,NA,NA,NA,NA
S5_214287723,5,214287723,NA,NA,NA,NA
S8_80226029,8,80226029,NA,NA,NA,NA
S8_80226040,8,80226040,NA,NA,NA,NA
S10_147998094,10,147998094,NA,NA,NA,NA
S1_256693243,1,256693243,NA,NA,NA,NA
S2_36137774,2,36137774,NA,NA,NA,NA
S2_36137807,2,36137807,NA,NA,NA,NA
S3_127698395,3,127698395,NA,NA,NA,NA
S9_77700788,9,77700788,NA,NA,NA,NA
S2_60073701,2,60073701,NA,NA,NA,NA
S10_141128397,10,141128397,NA,NA,NA,NA
S6_129474172,6,129474172,NA,NA,NA,NA
S4_149896831,4,149896831,NA,NA,NA,NA
S5_170977704,5,170977704,NA,NA,NA,NA
S2_44559115,2,44559115,NA,NA,NA,NA
S10_120944091,10,120944091,NA,NA,NA,NA
S7_141546686,7,141546686,NA,NA,NA,NA
S5_79857703,5,79857703,NA,NA,NA,NA
S3_118806452,3,118806452,NA,NA,NA,NA
S8_88047115,8,88047115,NA,NA,NA,NA
S3_187742561,3,187742561,NA,NA,NA,NA
S8_153464070,8,153464070,NA,NA,NA,NA
S3_41736244,3,41736244,NA,NA,NA,NA
S1_118365515,1,118365515,NA,NA,NA,NA
S5_2299034,5,2299034,NA,NA,NA,NA
S1_71208556,1,71208556,NA,NA,NA,NA
S10_144682552,10,144682552,NA,NA,NA,NA
S9_18947619,9,18947619,NA,NA,NA,NA
S5_171688326,5,171688326,NA,NA,NA,NA
S3_197389450,3,197389450,NA,NA,NA,NA
S3_205804779,3,205804779,NA,NA,NA,NA
S4_14032594,4,14032594,NA,NA,NA,NA
S7_171631546,7,171631546,NA,NA,NA,NA
S3_219197332,3,219197332,NA,NA,NA,NA
S4_125215884,4,125215884,NA,NA,NA,NA
S3_34497526,3,34497526,NA,NA,NA,NA
S7_173251818,7,173251818,NA,NA,NA,NA
S4_12083578,4,12083578,NA,NA,NA,NA
S10_138027015,10,138027015,NA,NA,NA,NA
S5_211913613,5,211913613,NA,NA,NA,NA
S1_77258533,1,77258533,NA,NA,NA,NA
S4_45122803,4,45122803,NA,NA,NA,NA
S2_197381532,2,197381532,NA,NA,NA,NA
S3_128668739,3,128668739,NA,NA,NA,NA
S10_146718359,10,146718359,NA,NA,NA,NA
S2_129680072,2,129680072,NA,NA,NA,NA
S9_149544352,9,149544352,NA,NA,NA,NA
S5_207136393,5,207136393,NA,NA,NA,NA
S9_15617633,9,15617633,NA,NA,NA,NA
S5_211913609,5,211913609,NA,NA,NA,NA
S5_211913621,5,211913621,NA,NA,NA,NA
S9_141544648,9,141544648,NA,NA,NA,NA
S8_16700990,8,16700990,NA,NA,NA,NA
S3_186844182,3,186844182,NA,NA,NA,NA
S6_30249299,6,30249299,NA,NA,NA,NA
S7_126522352,7,126522352,NA,NA,NA,NA
S7_126522353,7,126522353,NA,NA,NA,NA
S1_58459448,1,58459448,NA,NA,NA,NA
S6_144374332,6,144374332,NA,NA,NA,NA
S1_268309411,1,268309411,NA,NA,NA,NA
S2_16343379,2,16343379,NA,NA,NA,NA
S5_181588611,5,181588611,NA,NA,NA,NA
S3_204285505,3,204285505,NA,NA,NA,NA
S3_44597443,3,44597443,NA,NA,NA,NA
S6_164566657,6,164566657,NA,NA,NA,NA
S2_196514169,2,196514169,NA,NA,NA,NA
S1_298969531,1,298969531,NA,NA,NA,NA
S1_16068441,1,16068441,NA,NA,NA,NA
S6_114571650,6,114571650,NA,NA,NA,NA
S6_76487037,6,76487037,NA,NA,NA,NA
S8_966780,8,966780,NA,NA,NA,NA
S3_210426844,3,210426844,NA,NA,NA,NA
S3_215214321,3,215214321,NA,NA,NA,NA
S5_29323783,5,29323783,NA,NA,NA,NA
S10_81442796,10,81442796,NA,NA,NA,NA
S5_199389918,5,199389918,NA,NA,NA,NA
S3_144216368,3,144216368,NA,NA,NA,NA
S6_71449401,6,71449401,NA,NA,NA,NA
S5_15323535,5,15323535,NA,NA,NA,NA
S4_234419732,4,234419732,NA,NA,NA,NA
S1_26426793,1,26426793,NA,NA,NA,NA
S1_26426804,1,26426804,NA,NA,NA,NA
S1_26426806,1,26426806,NA,NA,NA,NA
S1_26426831,1,26426831,NA,NA,NA,NA
S1_215330648,1,215330648,NA,NA,NA,NA
S1_52085005,1,52085005,NA,NA,NA,NA
S1_248461597,1,248461597,NA,NA,NA,NA
S9_9814238,9,9814238,NA,NA,NA,NA
S9_9814239,9,9814239,NA,NA,NA,NA
S9_9814242,9,9814242,NA,NA,NA,NA
S7_1308318,7,1308318,NA,NA,NA,NA
S10_58257854,10,58257854,NA,NA,NA,NA
S9_16322329,9,16322329,NA,NA,NA,NA
S5_2317814,5,2317814,NA,NA,NA,NA
S5_2317826,5,2317826,NA,NA,NA,NA
S1_11949112,1,11949112,NA,NA,NA,NA
S3_5429415,3,5429415,NA,NA,NA,NA
S6_161478474,6,161478474,NA,NA,NA,NA
S5_41410925,5,41410925,NA,NA,NA,NA
S1_276301313,1,276301313,NA,NA,NA,NA
S4_205310218,4,205310218,NA,NA,NA,NA
S1_273371616,1,273371616,NA,NA,NA,NA
S9_9814240,9,9814240,NA,NA,NA,NA
S1_51535081,1,51535081,NA,NA,NA,NA
S10_145125881,10,145125881,NA,NA,NA,NA
S5_180903416,5,180903416,NA,NA,NA,NA
S1_188055386,1,188055386,NA,NA,NA,NA
S1_222398187,1,222398187,NA,NA,NA,NA
S1_222398196,1,222398196,NA,NA,NA,NA
S10_65099593,10,65099593,NA,NA,NA,NA
S10_96393722,10,96393722,NA,NA,NA,NA
S8_157958868,8,157958868,NA,NA,NA,NA
S7_145388227,7,145388227,NA,NA,NA,NA
S5_4320911,5,4320911,NA,NA,NA,NA
S2_1654484,2,1654484,NA,NA,NA,NA
S6_95939781,6,95939781,NA,NA,NA,NA
S7_147061042,7,147061042,NA,NA,NA,NA
S7_154750007,7,154750007,NA,NA,NA,NA
S4_10597578,4,10597578,NA,NA,NA,NA
S5_160457571,5,160457571,NA,NA,NA,NA
S5_160457600,5,160457600,NA,NA,NA,NA
S5_61234828,5,61234828,NA,NA,NA,NA
S1_262512982,1,262512982,NA,NA,NA,NA
S3_212710824,3,212710824,NA,NA,NA,NA
S1_50708508,1,50708508,NA,NA,NA,NA
S2_8915292,2,8915292,NA,NA,NA,NA
S9_152652646,9,152652646,NA,NA,NA,NA
S7_171631639,7,171631639,NA,NA,NA,NA
S2_170860876,2,170860876,NA,NA,NA,NA
S5_30218552,5,30218552,NA,NA,NA,NA
S4_2409611,4,2409611,NA,NA,NA,NA
S4_21691884,4,21691884,NA,NA,NA,NA
S1_31743256,1,31743256,NA,NA,NA,NA
S5_30601077,5,30601077,NA,NA,NA,NA
S4_145319573,4,145319573,NA,NA,NA,NA
S2_42785141,2,42785141,NA,NA,NA,NA
S1_202550253,1,202550253,NA,NA,NA,NA
S5_175615732,5,175615732,NA,NA,NA,NA
S1_225870775,1,225870775,NA,NA,NA,NA
S3_225202512,3,225202512,NA,NA,NA,NA
S3_209493085,3,209493085,NA,NA,NA,NA
S2_220237864,2,220237864,NA,NA,NA,NA
S5_192223670,5,192223670,NA,NA,NA,NA
S5_192223672,5,192223672,NA,NA,NA,NA
S10_73748093,10,73748093,NA,NA,NA,NA
S10_73748116,10,73748116,NA,NA,NA,NA
S5_213946178,5,213946178,NA,NA,NA,NA
S5_156969767,5,156969767,NA,NA,NA,NA
S3_217895069,3,217895069,NA,NA,NA,NA
S2_143180148,2,143180148,NA,NA,NA,NA
S9_102935540,9,102935540,NA,NA,NA,NA
S6_158120654,6,158120654,NA,NA,NA,NA
S2_187276746,2,187276746,NA,NA,NA,NA
S9_10321233,9,10321233,NA,NA,NA,NA
S2_129680079,2,129680079,NA,NA,NA,NA
S1_88634438,1,88634438,NA,NA,NA,NA
S4_215103643,4,215103643,NA,NA,NA,NA
S3_22250434,3,22250434,NA,NA,NA,NA
S2_169736268,2,169736268,NA,NA,NA,NA
S8_66990344,8,66990344,NA,NA,NA,NA
S8_174760915,8,174760915,NA,NA,NA,NA
S4_239413509,4,239413509,NA,NA,NA,NA
S1_253133871,1,253133871,NA,NA,NA,NA
S3_205694431,3,205694431,NA,NA,NA,NA
S2_179802715,2,179802715,NA,NA,NA,NA
S5_58053744,5,58053744,NA,NA,NA,NA
S5_59431520,5,59431520,NA,NA,NA,NA
S5_170411946,5,170411946,NA,NA,NA,NA
S1_233230450,1,233230450,NA,NA,NA,NA
S1_192732004,1,192732004,NA,NA,NA,NA
S3_4336107,3,4336107,NA,NA,NA,NA
S5_94227068,5,94227068,NA,NA,NA,NA
S3_172146331,3,172146331,NA,NA,NA,NA
S3_172146334,3,172146334,NA,NA,NA,NA
S10_125127522,10,125127522,NA,NA,NA,NA
S8_24474287,8,24474287,NA,NA,NA,NA
S10_89067474,10,89067474,NA,NA,NA,NA
S5_197945076,5,197945076,NA,NA,NA,NA
S7_172576935,7,172576935,NA,NA,NA,NA
S4_211197476,4,211197476,NA,NA,NA,NA
S8_165411189,8,165411189,NA,NA,NA,NA
S1_276119307,1,276119307,NA,NA,NA,NA
S3_224070001,3,224070001,NA,NA,NA,NA
S5_6443407,5,6443407,NA,NA,NA,NA
S5_5229436,5,5229436,NA,NA,NA,NA
S8_171533015,8,171533015,NA,NA,NA,NA
S1_46841551,1,46841551,NA,NA,NA,NA
S9_131914895,9,131914895,NA,NA,NA,NA
S2_214669080,2,214669080,NA,NA,NA,NA
S2_214669106,2,214669106,NA,NA,NA,NA
S6_131959200,6,131959200,NA,NA,NA,NA
S9_151732812,9,151732812,NA,NA,NA,NA
S5_46526990,5,46526990,NA,NA,NA,NA
S1_220827838,1,220827838,NA,NA,NA,NA
S1_277233434,1,277233434,NA,NA,NA,NA
S2_1959300,2,1959300,NA,NA,NA,NA
S10_59044571,10,59044571,NA,NA,NA,NA
S6_159257342,6,159257342,NA,NA,NA,NA
S6_133838002,6,133838002,NA,NA,NA,NA
S2_174609636,2,174609636,NA,NA,NA,NA
S2_15994869,2,15994869,NA,NA,NA,NA
S5_9617747,5,9617747,NA,NA,NA,NA
S3_161847589,3,161847589,NA,NA,NA,NA
S6_164307989,6,164307989,NA,NA,NA,NA
S7_169841774,7,169841774,NA,NA,NA,NA
S1_3197156,1,3197156,NA,NA,NA,NA
S1_258799306,1,258799306,NA,NA,NA,NA
S1_294645817,1,294645817,NA,NA,NA,NA
S2_222693293,2,222693293,NA,NA,NA,NA
S2_191781698,2,191781698,NA,NA,NA,NA
S7_147335438,7,147335438,NA,NA,NA,NA
S3_212015677,3,212015677,NA,NA,NA,NA
S3_212015678,3,212015678,NA,NA,NA,NA
S5_18571693,5,18571693,NA,NA,NA,NA
S2_6982110,2,6982110,NA,NA,NA,NA
S5_60282947,5,60282947,NA,NA,NA,NA
S7_173807401,7,173807401,NA,NA,NA,NA
S3_19655449,3,19655449,NA,NA,NA,NA
S2_36464585,2,36464585,NA,NA,NA,NA
S7_120765134,7,120765134,NA,NA,NA,NA
S4_237499567,4,237499567,NA,NA,NA,NA
S10_118806936,10,118806936,NA,NA,NA,NA
S3_201948005,3,201948005,NA,NA,NA,NA
S3_201948037,3,201948037,NA,NA,NA,NA
S4_2855398,4,2855398,NA,NA,NA,NA
S1_119412976,1,119412976,NA,NA,NA,NA
S1_232744596,1,232744596,NA,NA,NA,NA
S1_232744598,1,232744598,NA,NA,NA,NA
S8_10080365,8,10080365,NA,NA,NA,NA
S10_144934648,10,144934648,NA,NA,NA,NA
S4_198076353,4,198076353,NA,NA,NA,NA
S4_219712360,4,219712360,NA,NA,NA,NA
S3_196572934,3,196572934,NA,NA,NA,NA
S6_166736373,6,166736373,NA,NA,NA,NA
S6_140908415,6,140908415,NA,NA,NA,NA
S6_60182662,6,60182662,NA,NA,NA,NA
S2_206948338,2,206948338,NA,NA,NA,NA
S5_213077625,5,213077625,NA,NA,NA,NA
S9_122034896,9,122034896,NA,NA,NA,NA
S10_136963205,10,136963205,NA,NA,NA,NA
S10_9380117,10,9380117,NA,NA,NA,NA
S4_12782043,4,12782043,NA,NA,NA,NA
S3_117255123,3,117255123,NA,NA,NA,NA
S4_31713974,4,31713974,NA,NA,NA,NA
S7_8930320,7,8930320,NA,NA,NA,NA
S9_7623917,9,7623917,NA,NA,NA,NA
S1_293577804,1,293577804,NA,NA,NA,NA
S2_44444690,2,44444690,NA,NA,NA,NA
S10_119759296,10,119759296,NA,NA,NA,NA
S7_150874369,7,150874369,NA,NA,NA,NA
S1_237966275,1,237966275,NA,NA,NA,NA
S1_188032197,1,188032197,NA,NA,NA,NA
S8_36003717,8,36003717,NA,NA,NA,NA
S5_18571701,5,18571701,NA,NA,NA,NA
S6_143403918,6,143403918,NA,NA,NA,NA
S6_143403920,6,143403920,NA,NA,NA,NA
S3_23842954,3,23842954,NA,NA,NA,NA
S10_146472207,10,146472207,NA,NA,NA,NA
S5_15189319,5,15189319,NA,NA,NA,NA
S8_146606890,8,146606890,NA,NA,NA,NA
S6_141514189,6,141514189,NA,NA,NA,NA
S7_168166252,7,168166252,NA,NA,NA,NA
S7_140709860,7,140709860,NA,NA,NA,NA
S4_2839170,4,2839170,NA,NA,NA,NA
S4_2839212,4,2839212,NA,NA,NA,NA
S8_171598234,8,171598234,NA,NA,NA,NA
S5_15715505,5,15715505,NA,NA,NA,NA
S5_15715529,5,15715529,NA,NA,NA,NA
S1_285068971,1,285068971,NA,NA,NA,NA
S1_12977193,1,12977193,NA,NA,NA,NA
S1_12977206,1,12977206,NA,NA,NA,NA
S7_21150397,7,21150397,NA,NA,NA,NA
S9_154651444,9,154651444,NA,NA,NA,NA
S9_19286722,9,19286722,NA,NA,NA,NA
S1_205247369,1,205247369,NA,NA,NA,NA
S6_90306493,6,90306493,NA,NA,NA,NA
S5_8509221,5,8509221,NA,NA,NA,NA
S9_133628237,9,133628237,NA,NA,NA,NA
S5_173414124,5,173414124,NA,NA,NA,NA
S5_71848753,5,71848753,NA,NA,NA,NA
S2_202418000,2,202418000,NA,NA,NA,NA
S7_107327807,7,107327807,NA,NA,NA,NA
S10_72978482,10,72978482,NA,NA,NA,NA
S10_72978490,10,72978490,NA,NA,NA,NA
S1_293577830,1,293577830,NA,NA,NA,NA
S1_241481550,1,241481550,NA,NA,NA,NA
S1_16047137,1,16047137,NA,NA,NA,NA
S2_2675479,2,2675479,NA,NA,NA,NA
S5_216206635,5,216206635,NA,NA,NA,NA
S1_10821108,1,10821108,NA,NA,NA,NA
S1_12105651,1,12105651,NA,NA,NA,NA
S2_44444691,2,44444691,NA,NA,NA,NA
S4_11646966,4,11646966,NA,NA,NA,NA
S8_150141278,8,150141278,NA,NA,NA,NA
S1_199727382,1,199727382,NA,NA,NA,NA
S7_79098696,7,79098696,NA,NA,NA,NA
S6_156274918,6,156274918,NA,NA,NA,NA
S1_251995265,1,251995265,NA,NA,NA,NA
S4_240522968,4,240522968,NA,NA,NA,NA
S4_5959787,4,5959787,NA,NA,NA,NA
S10_120219818,10,120219818,NA,NA,NA,NA
S7_158368883,7,158368883,NA,NA,NA,NA
S5_131041317,5,131041317,NA,NA,NA,NA
S4_1883065,4,1883065,NA,NA,NA,NA
S10_126588145,10,126588145,NA,NA,NA,NA
S10_126588147,10,126588147,NA,NA,NA,NA
S6_74603965,6,74603965,NA,NA,NA,NA
S1_256071939,1,256071939,NA,NA,NA,NA
S5_205333299,5,205333299,NA,NA,NA,NA
S4_194113808,4,194113808,NA,NA,NA,NA
S10_146331810,10,146331810,NA,NA,NA,NA
S2_3875181,2,3875181,NA,NA,NA,NA
S1_193869840,1,193869840,NA,NA,NA,NA
S8_11662370,8,11662370,NA,NA,NA,NA
S8_11662390,8,11662390,NA,NA,NA,NA
S8_11662394,8,11662394,NA,NA,NA,NA
S8_11662395,8,11662395,NA,NA,NA,NA
S8_11662402,8,11662402,NA,NA,NA,NA
S2_208936193,2,208936193,NA,NA,NA,NA
S2_208936195,2,208936195,NA,NA,NA,NA
S2_208936201,2,208936201,NA,NA,NA,NA
S2_208936225,2,208936225,NA,NA,NA,NA
S2_208936229,2,208936229,NA,NA,NA,NA
S2_208936235,2,208936235,NA,NA,NA,NA
S7_104759769,7,104759769,NA,NA,NA,NA
S8_174216361,8,174216361,NA,NA,NA,NA
S2_167417879,2,167417879,NA,NA,NA,NA
S7_23716403,7,23716403,NA,NA,NA,NA
S3_160900689,3,160900689,NA,NA,NA,NA
S8_61519974,8,61519974,NA,NA,NA,NA
S1_17384152,1,17384152,NA,NA,NA,NA
S2_106286598,2,106286598,NA,NA,NA,NA
S1_233457728,1,233457728,NA,NA,NA,NA
S3_226764947,3,226764947,NA,NA,NA,NA
S5_211894154,5,211894154,NA,NA,NA,NA
S4_196460686,4,196460686,NA,NA,NA,NA
S1_246201214,1,246201214,NA,NA,NA,NA
S6_86345596,6,86345596,NA,NA,NA,NA
S5_49827343,5,49827343,NA,NA,NA,NA
S1_298738925,1,298738925,NA,NA,NA,NA
S1_259778254,1,259778254,NA,NA,NA,NA
S10_115840217,10,115840217,NA,NA,NA,NA
S10_115840249,10,115840249,NA,NA,NA,NA
S9_154651477,9,154651477,NA,NA,NA,NA
S2_177241021,2,177241021,NA,NA,NA,NA
S10_139839049,10,139839049,NA,NA,NA,NA
S2_222962662,2,222962662,NA,NA,NA,NA
S3_2118128,3,2118128,NA,NA,NA,NA
S2_44473801,2,44473801,NA,NA,NA,NA
S2_118535947,2,118535947,NA,NA,NA,NA
S5_113730341,5,113730341,NA,NA,NA,NA
S8_654993,8,654993,NA,NA,NA,NA
S5_132655987,5,132655987,NA,NA,NA,NA
S5_132655994,5,132655994,NA,NA,NA,NA
S3_188825013,3,188825013,NA,NA,NA,NA
S8_33074647,8,33074647,NA,NA,NA,NA
S9_30751275,9,30751275,NA,NA,NA,NA
S1_191587280,1,191587280,NA,NA,NA,NA
S2_229119684,2,229119684,NA,NA,NA,NA
S8_102171804,8,102171804,NA,NA,NA,NA
S3_115007161,3,115007161,NA,NA,NA,NA
S6_7044829,6,7044829,NA,NA,NA,NA
S1_207528569,1,207528569,NA,NA,NA,NA
S6_21021797,6,21021797,NA,NA,NA,NA
S3_189356735,3,189356735,NA,NA,NA,NA
S1_260150257,1,260150257,NA,NA,NA,NA
S7_147341521,7,147341521,NA,NA,NA,NA
S4_202761813,4,202761813,NA,NA,NA,NA
S6_130840636,6,130840636,NA,NA,NA,NA
S8_139489204,8,139489204,NA,NA,NA,NA
S9_108521912,9,108521912,NA,NA,NA,NA
S4_10485884,4,10485884,NA,NA,NA,NA
S5_117625205,5,117625205,NA,NA,NA,NA
S3_20399800,3,20399800,NA,NA,NA,NA
S8_26861045,8,26861045,NA,NA,NA,NA
S7_163671391,7,163671391,NA,NA,NA,NA
S10_9376110,10,9376110,NA,NA,NA,NA
S6_150772358,6,150772358,NA,NA,NA,NA
S6_150772360,6,150772360,NA,NA,NA,NA
S6_150772372,6,150772372,NA,NA,NA,NA
S7_31519914,7,31519914,NA,NA,NA,NA
S3_228551502,3,228551502,NA,NA,NA,NA
S8_91176686,8,91176686,NA,NA,NA,NA
S8_104616378,8,104616378,NA,NA,NA,NA
S5_46880267,5,46880267,NA,NA,NA,NA
S1_67770623,1,67770623,NA,NA,NA,NA
S10_133553295,10,133553295,NA,NA,NA,NA
S7_93086823,7,93086823,NA,NA,NA,NA
S10_6402100,10,6402100,NA,NA,NA,NA
S10_145611012,10,145611012,NA,NA,NA,NA
S9_98758742,9,98758742,NA,NA,NA,NA
S6_134469077,6,134469077,NA,NA,NA,NA
S3_43222786,3,43222786,NA,NA,NA,NA
S3_43222787,3,43222787,NA,NA,NA,NA
S3_43222789,3,43222789,NA,NA,NA,NA
S2_234112478,2,234112478,NA,NA,NA,NA
S3_131050729,3,131050729,NA,NA,NA,NA
S7_168085014,7,168085014,NA,NA,NA,NA
S9_142660147,9,142660147,NA,NA,NA,NA
S1_260684895,1,260684895,NA,NA,NA,NA
S7_141887662,7,141887662,NA,NA,NA,NA
S1_232528689,1,232528689,NA,NA,NA,NA
S3_189240214,3,189240214,NA,NA,NA,NA
S3_189240218,3,189240218,NA,NA,NA,NA
S1_257186836,1,257186836,NA,NA,NA,NA
S6_143533448,6,143533448,NA,NA,NA,NA
S3_28921019,3,28921019,NA,NA,NA,NA
S3_28921020,3,28921020,NA,NA,NA,NA
S3_28921021,3,28921021,NA,NA,NA,NA
S7_115277052,7,115277052,NA,NA,NA,NA
S9_131520565,9,131520565,NA,NA,NA,NA
S2_70331117,2,70331117,NA,NA,NA,NA
S4_238435130,4,238435130,NA,NA,NA,NA
S1_228317896,1,228317896,NA,NA,NA,NA
S9_118825634,9,118825634,NA,NA,NA,NA
S6_161895213,6,161895213,NA,NA,NA,NA
S6_118694434,6,118694434,NA,NA,NA,NA
S5_59803822,5,59803822,NA,NA,NA,NA
S2_147324122,2,147324122,NA,NA,NA,NA
S8_10080358,8,10080358,NA,NA,NA,NA
S4_230754726,4,230754726,NA,NA,NA,NA
S2_54360875,2,54360875,NA,NA,NA,NA
S2_54360876,2,54360876,NA,NA,NA,NA
S2_54360879,2,54360879,NA,NA,NA,NA
S1_4548845,1,4548845,NA,NA,NA,NA
S3_160404852,3,160404852,NA,NA,NA,NA
S6_161833452,6,161833452,NA,NA,NA,NA
S1_199486296,1,199486296,NA,NA,NA,NA
S7_170115164,7,170115164,NA,NA,NA,NA
S2_16123872,2,16123872,NA,NA,NA,NA
S4_25981420,4,25981420,NA,NA,NA,NA
S6_130008077,6,130008077,NA,NA,NA,NA
S5_166515146,5,166515146,NA,NA,NA,NA
S3_210586909,3,210586909,NA,NA,NA,NA
S2_144802020,2,144802020,NA,NA,NA,NA
S3_136334889,3,136334889,NA,NA,NA,NA
S7_13845046,7,13845046,NA,NA,NA,NA
S9_2712197,9,2712197,NA,NA,NA,NA
S6_72257257,6,72257257,NA,NA,NA,NA
S4_237499564,4,237499564,NA,NA,NA,NA
S4_237499566,4,237499566,NA,NA,NA,NA
S4_237499571,4,237499571,NA,NA,NA,NA
S4_237499578,4,237499578,NA,NA,NA,NA
S4_237499581,4,237499581,NA,NA,NA,NA
S4_201751635,4,201751635,NA,NA,NA,NA
S7_143872856,7,143872856,NA,NA,NA,NA
S7_2957428,7,2957428,NA,NA,NA,NA
S1_293410566,1,293410566,NA,NA,NA,NA
S3_219398419,3,219398419,NA,NA,NA,NA
S9_97737243,9,97737243,NA,NA,NA,NA
S8_14843054,8,14843054,NA,NA,NA,NA
S8_170062414,8,170062414,NA,NA,NA,NA
S8_170062427,8,170062427,NA,NA,NA,NA
S5_14057865,5,14057865,NA,NA,NA,NA
S2_182657537,2,182657537,NA,NA,NA,NA
S1_212843930,1,212843930,NA,NA,NA,NA
S3_117585559,3,117585559,NA,NA,NA,NA
S5_16464596,5,16464596,NA,NA,NA,NA
S9_9814245,9,9814245,NA,NA,NA,NA
S8_120061359,8,120061359,NA,NA,NA,NA
S9_19242074,9,19242074,NA,NA,NA,NA
S3_65286174,3,65286174,NA,NA,NA,NA
S4_35920536,4,35920536,NA,NA,NA,NA
S6_153662357,6,153662357,NA,NA,NA,NA
S6_156522454,6,156522454,NA,NA,NA,NA
S7_147335436,7,147335436,NA,NA,NA,NA
S8_156881743,8,156881743,NA,NA,NA,NA
S4_215103694,4,215103694,NA,NA,NA,NA
S1_198741663,1,198741663,NA,NA,NA,NA
S1_264092427,1,264092427,NA,NA,NA,NA
S9_7120275,9,7120275,NA,NA,NA,NA
S4_10004788,4,10004788,NA,NA,NA,NA
S7_117848061,7,117848061,NA,NA,NA,NA
S1_231279259,1,231279259,NA,NA,NA,NA
S4_5010539,4,5010539,NA,NA,NA,NA
S6_56452467,6,56452467,NA,NA,NA,NA
S6_1340898,6,1340898,NA,NA,NA,NA
S6_1340912,6,1340912,NA,NA,NA,NA
S7_805848,7,805848,NA,NA,NA,NA
S2_24371228,2,24371228,NA,NA,NA,NA
S2_24371252,2,24371252,NA,NA,NA,NA
S2_24371254,2,24371254,NA,NA,NA,NA
S10_101870280,10,101870280,NA,NA,NA,NA
S3_10143040,3,10143040,NA,NA,NA,NA
S1_290955992,1,290955992,NA,NA,NA,NA
S1_290955994,1,290955994,NA,NA,NA,NA
S2_41773117,2,41773117,NA,NA,NA,NA
S8_170216617,8,170216617,NA,NA,NA,NA
S5_155244763,5,155244763,NA,NA,NA,NA
S6_134565299,6,134565299,NA,NA,NA,NA
S5_214612573,5,214612573,NA,NA,NA,NA
S1_17494395,1,17494395,NA,NA,NA,NA
S2_21041118,2,21041118,NA,NA,NA,NA
S3_218117329,3,218117329,NA,NA,NA,NA
S6_120692613,6,120692613,NA,NA,NA,NA
S2_19460480,2,19460480,NA,NA,NA,NA
S1_113530921,1,113530921,NA,NA,NA,NA
S1_41276244,1,41276244,NA,NA,NA,NA
S8_6026035,8,6026035,NA,NA,NA,NA
S1_224101700,1,224101700,NA,NA,NA,NA
S1_61949140,1,61949140,NA,NA,NA,NA
S8_16770532,8,16770532,NA,NA,NA,NA
S2_195525982,2,195525982,NA,NA,NA,NA
S6_128053942,6,128053942,NA,NA,NA,NA
S8_159889302,8,159889302,NA,NA,NA,NA
S3_5429003,3,5429003,NA,NA,NA,NA
S5_159912861,5,159912861,NA,NA,NA,NA
S3_111843119,3,111843119,NA,NA,NA,NA
S8_2511143,8,2511143,NA,NA,NA,NA
S3_147591329,3,147591329,NA,NA,NA,NA
S3_192021718,3,192021718,NA,NA,NA,NA
S7_168407791,7,168407791,NA,NA,NA,NA
S7_49734426,7,49734426,NA,NA,NA,NA
S5_58704848,5,58704848,NA,NA,NA,NA
S2_219481233,2,219481233,NA,NA,NA,NA
S5_13970220,5,13970220,NA,NA,NA,NA
S7_97169236,7,97169236,NA,NA,NA,NA
S1_4242035,1,4242035,NA,NA,NA,NA
S1_4242042,1,4242042,NA,NA,NA,NA
S1_4242046,1,4242046,NA,NA,NA,NA
S1_4242048,1,4242048,NA,NA,NA,NA
S5_168907825,5,168907825,NA,NA,NA,NA
S2_232975962,2,232975962,NA,NA,NA,NA
S5_142403772,5,142403772,NA,NA,NA,NA
S10_137656333,10,137656333,NA,NA,NA,NA
S7_166746191,7,166746191,NA,NA,NA,NA
S3_195049559,3,195049559,NA,NA,NA,NA
S3_29056132,3,29056132,NA,NA,NA,NA
S5_206554978,5,206554978,NA,NA,NA,NA
S9_57012019,9,57012019,NA,NA,NA,NA
S9_13662469,9,13662469,NA,NA,NA,NA
S5_29918596,5,29918596,NA,NA,NA,NA
S7_104755063,7,104755063,NA,NA,NA,NA
S7_160816543,7,160816543,NA,NA,NA,NA
S2_22998802,2,22998802,NA,NA,NA,NA
S7_115276827,7,115276827,NA,NA,NA,NA
S3_134953314,3,134953314,NA,NA,NA,NA
S5_58205344,5,58205344,NA,NA,NA,NA
S2_41958330,2,41958330,NA,NA,NA,NA
S8_115299650,8,115299650,NA,NA,NA,NA
S5_7152892,5,7152892,NA,NA,NA,NA
S9_152528904,9,152528904,NA,NA,NA,NA
S6_134461190,6,134461190,NA,NA,NA,NA
S5_20763372,5,20763372,NA,NA,NA,NA
S5_54186564,5,54186564,NA,NA,NA,NA
S8_175187534,8,175187534,NA,NA,NA,NA
S7_172768220,7,172768220,NA,NA,NA,NA
S5_90763523,5,90763523,NA,NA,NA,NA
S1_220067760,1,220067760,NA,NA,NA,NA
S3_208046277,3,208046277,NA,NA,NA,NA
S1_282898784,1,282898784,NA,NA,NA,NA
S1_282898785,1,282898785,NA,NA,NA,NA
S1_282898791,1,282898791,NA,NA,NA,NA
S8_112834660,8,112834660,NA,NA,NA,NA
S9_139195639,9,139195639,NA,NA,NA,NA
S2_14108062,2,14108062,NA,NA,NA,NA
S10_147856376,10,147856376,NA,NA,NA,NA
S10_147856377,10,147856377,NA,NA,NA,NA
S3_223307685,3,223307685,NA,NA,NA,NA
S3_22958607,3,22958607,NA,NA,NA,NA
S4_66559027,4,66559027,NA,NA,NA,NA
S7_156476371,7,156476371,NA,NA,NA,NA
S4_238040890,4,238040890,NA,NA,NA,NA
S9_26594985,9,26594985,NA,NA,NA,NA
S9_153419280,9,153419280,NA,NA,NA,NA
S3_66949269,3,66949269,NA,NA,NA,NA
S2_144072246,2,144072246,NA,NA,NA,NA
S1_268951623,1,268951623,NA,NA,NA,NA
S1_59577126,1,59577126,NA,NA,NA,NA
S2_146130063,2,146130063,NA,NA,NA,NA
S2_146130064,2,146130064,NA,NA,NA,NA
S10_135801457,10,135801457,NA,NA,NA,NA
S7_167348118,7,167348118,NA,NA,NA,NA
S7_167348125,7,167348125,NA,NA,NA,NA
S2_183919098,2,183919098,NA,NA,NA,NA
S5_206846410,5,206846410,NA,NA,NA,NA
S2_11985231,2,11985231,NA,NA,NA,NA
S3_13723519,3,13723519,NA,NA,NA,NA
S3_94139027,3,94139027,NA,NA,NA,NA
S10_22263875,10,22263875,NA,NA,NA,NA
S6_112802719,6,112802719,NA,NA,NA,NA
S2_66708958,2,66708958,NA,NA,NA,NA
S8_124653981,8,124653981,NA,NA,NA,NA
S9_142935559,9,142935559,NA,NA,NA,NA
S6_6259257,6,6259257,NA,NA,NA,NA
S3_174364786,3,174364786,NA,NA,NA,NA
S7_143872857,7,143872857,NA,NA,NA,NA
S1_32091619,1,32091619,NA,NA,NA,NA
S4_49919158,4,49919158,NA,NA,NA,NA
S3_212015658,3,212015658,NA,NA,NA,NA
S2_3600256,2,3600256,NA,NA,NA,NA
S7_165205534,7,165205534,NA,NA,NA,NA
S3_19256124,3,19256124,NA,NA,NA,NA
S2_35884035,2,35884035,NA,NA,NA,NA
S5_170023563,5,170023563,NA,NA,NA,NA
S1_274881534,1,274881534,NA,NA,NA,NA
S9_136780347,9,136780347,NA,NA,NA,NA
S6_162690573,6,162690573,NA,NA,NA,NA
S1_246547272,1,246547272,NA,NA,NA,NA
S6_6184182,6,6184182,NA,NA,NA,NA
S1_73509210,1,73509210,NA,NA,NA,NA
S4_171215970,4,171215970,NA,NA,NA,NA
S3_215036801,3,215036801,NA,NA,NA,NA
S5_192222171,5,192222171,NA,NA,NA,NA
S4_36306213,4,36306213,NA,NA,NA,NA
S7_1317078,7,1317078,NA,NA,NA,NA
S4_163096619,4,163096619,NA,NA,NA,NA
S3_178004783,3,178004783,NA,NA,NA,NA
S3_190440955,3,190440955,NA,NA,NA,NA
S7_171936450,7,171936450,NA,NA,NA,NA
S7_149912848,7,149912848,NA,NA,NA,NA
S7_149912862,7,149912862,NA,NA,NA,NA
S3_147292600,3,147292600,NA,NA,NA,NA
S8_170128593,8,170128593,NA,NA,NA,NA
S5_19134104,5,19134104,NA,NA,NA,NA
S5_88791668,5,88791668,NA,NA,NA,NA
S5_56901689,5,56901689,NA,NA,NA,NA
S4_174719487,4,174719487,NA,NA,NA,NA
S5_188833094,5,188833094,NA,NA,NA,NA
S4_158146364,4,158146364,NA,NA,NA,NA
S10_130723068,10,130723068,NA,NA,NA,NA
S10_8931788,10,8931788,NA,NA,NA,NA
S3_202834901,3,202834901,NA,NA,NA,NA
S4_175275457,4,175275457,NA,NA,NA,NA
S1_82677133,1,82677133,NA,NA,NA,NA
S9_127467238,9,127467238,NA,NA,NA,NA
S1_20994459,1,20994459,NA,NA,NA,NA
S9_151631628,9,151631628,NA,NA,NA,NA
S7_170251419,7,170251419,NA,NA,NA,NA
S7_156501455,7,156501455,NA,NA,NA,NA
S1_100824500,1,100824500,NA,NA,NA,NA
S3_26258289,3,26258289,NA,NA,NA,NA
S2_222435379,2,222435379,NA,NA,NA,NA
S7_154701403,7,154701403,NA,NA,NA,NA
S4_132762440,4,132762440,NA,NA,NA,NA
S6_36153161,6,36153161,NA,NA,NA,NA
S4_175276171,4,175276171,NA,NA,NA,NA
S5_29918003,5,29918003,NA,NA,NA,NA
S4_2487505,4,2487505,NA,NA,NA,NA
S8_170708117,8,170708117,NA,NA,NA,NA
S2_228801647,2,228801647,NA,NA,NA,NA
S2_228801648,2,228801648,NA,NA,NA,NA
S3_147597938,3,147597938,NA,NA,NA,NA
S2_31921269,2,31921269,NA,NA,NA,NA
S6_156386864,6,156386864,NA,NA,NA,NA
S5_59310277,5,59310277,NA,NA,NA,NA
S7_123842215,7,123842215,NA,NA,NA,NA
S4_7436734,4,7436734,NA,NA,NA,NA
S2_147618160,2,147618160,NA,NA,NA,NA
S6_145989617,6,145989617,NA,NA,NA,NA
S1_240383377,1,240383377,NA,NA,NA,NA
S4_44455104,4,44455104,NA,NA,NA,NA
S3_186210767,3,186210767,NA,NA,NA,NA
S9_5004403,9,5004403,NA,NA,NA,NA
S6_141414129,6,141414129,NA,NA,NA,NA
S6_161478473,6,161478473,NA,NA,NA,NA
S1_262513999,1,262513999,NA,NA,NA,NA
S10_14001763,10,14001763,NA,NA,NA,NA
S4_159871391,4,159871391,NA,NA,NA,NA
S9_147377570,9,147377570,NA,NA,NA,NA
S9_149457546,9,149457546,NA,NA,NA,NA
S4_34337773,4,34337773,NA,NA,NA,NA
S10_2778109,10,2778109,NA,NA,NA,NA
S5_185656857,5,185656857,NA,NA,NA,NA
S5_41365746,5,41365746,NA,NA,NA,NA
S4_57950049,4,57950049,NA,NA,NA,NA
S1_298133714,1,298133714,NA,NA,NA,NA
S9_138432946,9,138432946,NA,NA,NA,NA
S3_6682108,3,6682108,NA,NA,NA,NA
S1_222547641,1,222547641,NA,NA,NA,NA
S1_7397669,1,7397669,NA,NA,NA,NA
S5_4473343,5,4473343,NA,NA,NA,NA
S5_208675664,5,208675664,NA,NA,NA,NA
S2_17999842,2,17999842,NA,NA,NA,NA
S4_189035588,4,189035588,NA,NA,NA,NA
S4_130433433,4,130433433,NA,NA,NA,NA
S1_243814407,1,243814407,NA,NA,NA,NA
S2_16402264,2,16402264,NA,NA,NA,NA
S3_14408493,3,14408493,NA,NA,NA,NA
S2_10388648,2,10388648,NA,NA,NA,NA
S10_138215335,10,138215335,NA,NA,NA,NA
S1_195331603,1,195331603,NA,NA,NA,NA
S1_253607709,1,253607709,NA,NA,NA,NA
S10_134992544,10,134992544,NA,NA,NA,NA
S4_197072950,4,197072950,NA,NA,NA,NA
S8_20674243,8,20674243,NA,NA,NA,NA
S2_204341944,2,204341944,NA,NA,NA,NA
S8_149891760,8,149891760,NA,NA,NA,NA
S5_205147951,5,205147951,NA,NA,NA,NA
S9_26486065,9,26486065,NA,NA,NA,NA
S7_129438606,7,129438606,NA,NA,NA,NA
S3_145821598,3,145821598,NA,NA,NA,NA
S3_145821631,3,145821631,NA,NA,NA,NA
S9_73475101,9,73475101,NA,NA,NA,NA
S1_155676688,1,155676688,NA,NA,NA,NA
S1_155676695,1,155676695,NA,NA,NA,NA
S9_1447883,9,1447883,NA,NA,NA,NA
S1_59959333,1,59959333,NA,NA,NA,NA
S8_101409240,8,101409240,NA,NA,NA,NA
S8_101409260,8,101409260,NA,NA,NA,NA
S1_19492992,1,19492992,NA,NA,NA,NA
S1_294135499,1,294135499,NA,NA,NA,NA
S8_27312962,8,27312962,NA,NA,NA,NA
S2_23887068,2,23887068,NA,NA,NA,NA
S9_118825637,9,118825637,NA,NA,NA,NA
S10_144682550,10,144682550,NA,NA,NA,NA
S1_235671926,1,235671926,NA,NA,NA,NA
S2_1775387,2,1775387,NA,NA,NA,NA
S4_211198157,4,211198157,NA,NA,NA,NA
S3_50098747,3,50098747,NA,NA,NA,NA
S5_21343812,5,21343812,NA,NA,NA,NA
S5_88189433,5,88189433,NA,NA,NA,NA
S6_3198182,6,3198182,NA,NA,NA,NA
S1_279156239,1,279156239,NA,NA,NA,NA
S5_203614830,5,203614830,NA,NA,NA,NA
S2_231360274,2,231360274,NA,NA,NA,NA
S2_44380106,2,44380106,NA,NA,NA,NA
S4_219603046,4,219603046,NA,NA,NA,NA
S3_159817757,3,159817757,NA,NA,NA,NA
S6_168435608,6,168435608,NA,NA,NA,NA
S5_3428332,5,3428332,NA,NA,NA,NA
S5_3428378,5,3428378,NA,NA,NA,NA
S2_41499414,2,41499414,NA,NA,NA,NA
S8_834072,8,834072,NA,NA,NA,NA
S1_51398956,1,51398956,NA,NA,NA,NA
S2_33617627,2,33617627,NA,NA,NA,NA
S7_2957445,7,2957445,NA,NA,NA,NA
S6_100126847,6,100126847,NA,NA,NA,NA
S6_108203298,6,108203298,NA,NA,NA,NA
S7_30875121,7,30875121,NA,NA,NA,NA
S8_13371997,8,13371997,NA,NA,NA,NA
S5_189323343,5,189323343,NA,NA,NA,NA
S2_141341692,2,141341692,NA,NA,NA,NA
S6_112817476,6,112817476,NA,NA,NA,NA
S5_199166485,5,199166485,NA,NA,NA,NA
S8_113842713,8,113842713,NA,NA,NA,NA
S9_10276690,9,10276690,NA,NA,NA,NA
S6_168794113,6,168794113,NA,NA,NA,NA
S1_37315397,1,37315397,NA,NA,NA,NA
S7_30505676,7,30505676,NA,NA,NA,NA
S5_153888495,5,153888495,NA,NA,NA,NA
S5_17340681,5,17340681,NA,NA,NA,NA
S9_146209162,9,146209162,NA,NA,NA,NA
S10_125108415,10,125108415,NA,NA,NA,NA
S10_132393303,10,132393303,NA,NA,NA,NA
S1_173321695,1,173321695,NA,NA,NA,NA
S2_190939261,2,190939261,NA,NA,NA,NA
S2_199165258,2,199165258,NA,NA,NA,NA
S5_48584871,5,48584871,NA,NA,NA,NA
S2_140662864,2,140662864,NA,NA,NA,NA
S2_47559209,2,47559209,NA,NA,NA,NA
S2_47607362,2,47607362,NA,NA,NA,NA
S10_134058628,10,134058628,NA,NA,NA,NA
S4_227736890,4,227736890,NA,NA,NA,NA
S1_6431197,1,6431197,NA,NA,NA,NA
S6_105751966,6,105751966,NA,NA,NA,NA
S1_202767052,1,202767052,NA,NA,NA,NA
S2_33503518,2,33503518,NA,NA,NA,NA
S10_95916165,10,95916165,NA,NA,NA,NA
S7_117364575,7,117364575,NA,NA,NA,NA
S7_51469614,7,51469614,NA,NA,NA,NA
S2_224909020,2,224909020,NA,NA,NA,NA
S9_113791278,9,113791278,NA,NA,NA,NA
S3_135309506,3,135309506,NA,NA,NA,NA
S2_60630089,2,60630089,NA,NA,NA,NA
S6_147900706,6,147900706,NA,NA,NA,NA
S9_153844165,9,153844165,NA,NA,NA,NA
S7_140897004,7,140897004,NA,NA,NA,NA
S1_4242043,1,4242043,NA,NA,NA,NA
S5_74737237,5,74737237,NA,NA,NA,NA
S1_273376741,1,273376741,NA,NA,NA,NA
S1_207528564,1,207528564,NA,NA,NA,NA
S3_140970298,3,140970298,NA,NA,NA,NA
S4_175275466,4,175275466,NA,NA,NA,NA
S10_119759292,10,119759292,NA,NA,NA,NA
S6_63729803,6,63729803,NA,NA,NA,NA
S4_237499560,4,237499560,NA,NA,NA,NA
S5_77435385,5,77435385,NA,NA,NA,NA
S4_34801276,4,34801276,NA,NA,NA,NA
S5_18540526,5,18540526,NA,NA,NA,NA
S9_153214209,9,153214209,NA,NA,NA,NA
S7_161950675,7,161950675,NA,NA,NA,NA
S1_207528563,1,207528563,NA,NA,NA,NA
S1_47906729,1,47906729,NA,NA,NA,NA
S5_169456575,5,169456575,NA,NA,NA,NA
S1_228396249,1,228396249,NA,NA,NA,NA
S2_232715421,2,232715421,NA,NA,NA,NA
S10_147013729,10,147013729,NA,NA,NA,NA
S1_116224738,1,116224738,NA,NA,NA,NA
S6_165962241,6,165962241,NA,NA,NA,NA
S5_86013588,5,86013588,NA,NA,NA,NA
S9_125427734,9,125427734,NA,NA,NA,NA
S2_202316138,2,202316138,NA,NA,NA,NA
S3_48102165,3,48102165,NA,NA,NA,NA
S1_298437659,1,298437659,NA,NA,NA,NA
S9_16322341,9,16322341,NA,NA,NA,NA
S9_14316401,9,14316401,NA,NA,NA,NA
S10_116865693,10,116865693,NA,NA,NA,NA
S4_30929315,4,30929315,NA,NA,NA,NA
S4_180667973,4,180667973,NA,NA,NA,NA
S2_16037923,2,16037923,NA,NA,NA,NA
S5_68516930,5,68516930,NA,NA,NA,NA
S10_148513275,10,148513275,NA,NA,NA,NA
S2_10624943,2,10624943,NA,NA,NA,NA
S1_14510816,1,14510816,NA,NA,NA,NA
S1_265746911,1,265746911,NA,NA,NA,NA
S4_66558681,4,66558681,NA,NA,NA,NA
S6_62180744,6,62180744,NA,NA,NA,NA
S6_72867119,6,72867119,NA,NA,NA,NA
S3_205552672,3,205552672,NA,NA,NA,NA
S3_205552676,3,205552676,NA,NA,NA,NA
S4_234913962,4,234913962,NA,NA,NA,NA
S9_116262769,9,116262769,NA,NA,NA,NA
S8_116621551,8,116621551,NA,NA,NA,NA
S7_19083709,7,19083709,NA,NA,NA,NA
S1_225876651,1,225876651,NA,NA,NA,NA
S4_233339582,4,233339582,NA,NA,NA,NA
S9_152267631,9,152267631,NA,NA,NA,NA
S7_156285713,7,156285713,NA,NA,NA,NA
S4_222960416,4,222960416,NA,NA,NA,NA
S4_2112305,4,2112305,NA,NA,NA,NA
S7_128647017,7,128647017,NA,NA,NA,NA
S5_173619392,5,173619392,NA,NA,NA,NA
S6_112280777,6,112280777,NA,NA,NA,NA
S5_194252799,5,194252799,NA,NA,NA,NA
S6_141470748,6,141470748,NA,NA,NA,NA
S3_178099907,3,178099907,NA,NA,NA,NA
S2_59012022,2,59012022,NA,NA,NA,NA
S5_214115976,5,214115976,NA,NA,NA,NA
S4_186039221,4,186039221,NA,NA,NA,NA
S1_258928941,1,258928941,NA,NA,NA,NA
S1_258928946,1,258928946,NA,NA,NA,NA
S1_258928948,1,258928948,NA,NA,NA,NA
S1_258928952,1,258928952,NA,NA,NA,NA
S4_176038546,4,176038546,NA,NA,NA,NA
S2_62378375,2,62378375,NA,NA,NA,NA
S4_196242449,4,196242449,NA,NA,NA,NA
S4_27568048,4,27568048,NA,NA,NA,NA
S7_140691335,7,140691335,NA,NA,NA,NA
S2_14206067,2,14206067,NA,NA,NA,NA
S9_15307089,9,15307089,NA,NA,NA,NA
S9_46067210,9,46067210,NA,NA,NA,NA
S10_145125795,10,145125795,NA,NA,NA,NA
S8_103703996,8,103703996,NA,NA,NA,NA
S3_157585702,3,157585702,NA,NA,NA,NA
S3_157585709,3,157585709,NA,NA,NA,NA
S8_159018789,8,159018789,NA,NA,NA,NA
S1_292087586,1,292087586,NA,NA,NA,NA
S3_219410966,3,219410966,NA,NA,NA,NA
S1_217113084,1,217113084,NA,NA,NA,NA
S1_217113087,1,217113087,NA,NA,NA,NA
S1_254468221,1,254468221,NA,NA,NA,NA
S1_254468238,1,254468238,NA,NA,NA,NA
S1_254468247,1,254468247,NA,NA,NA,NA
S1_254468249,1,254468249,NA,NA,NA,NA
S5_15771193,5,15771193,NA,NA,NA,NA
S6_5510386,6,5510386,NA,NA,NA,NA
S4_179629726,4,179629726,NA,NA,NA,NA
S6_1337876,6,1337876,NA,NA,NA,NA
S4_2519384,4,2519384,NA,NA,NA,NA
S4_2855616,4,2855616,NA,NA,NA,NA
S2_11762032,2,11762032,NA,NA,NA,NA
S5_213076745,5,213076745,NA,NA,NA,NA
S9_155193210,9,155193210,NA,NA,NA,NA
S7_143410194,7,143410194,NA,NA,NA,NA
S7_143410202,7,143410202,NA,NA,NA,NA
S7_143410203,7,143410203,NA,NA,NA,NA
S7_143410205,7,143410205,NA,NA,NA,NA
S7_143410206,7,143410206,NA,NA,NA,NA
S7_143410209,7,143410209,NA,NA,NA,NA
S7_143410210,7,143410210,NA,NA,NA,NA
S7_143410213,7,143410213,NA,NA,NA,NA
S7_143410214,7,143410214,NA,NA,NA,NA
S7_143410217,7,143410217,NA,NA,NA,NA
S7_143410218,7,143410218,NA,NA,NA,NA
S7_143410219,7,143410219,NA,NA,NA,NA
S6_137291464,6,137291464,NA,NA,NA,NA
S5_193449001,5,193449001,NA,NA,NA,NA
S6_62745719,6,62745719,NA,NA,NA,NA
S4_164088628,4,164088628,NA,NA,NA,NA
S4_40690946,4,40690946,NA,NA,NA,NA
S2_183567059,2,183567059,NA,NA,NA,NA
S1_32091810,1,32091810,NA,NA,NA,NA
S2_197007624,2,197007624,NA,NA,NA,NA
S1_8280399,1,8280399,NA,NA,NA,NA
S9_143963255,9,143963255,NA,NA,NA,NA
S3_191124714,3,191124714,NA,NA,NA,NA
S1_252165435,1,252165435,NA,NA,NA,NA
S1_252165439,1,252165439,NA,NA,NA,NA
S8_113570587,8,113570587,NA,NA,NA,NA
S2_148722843,2,148722843,NA,NA,NA,NA
S8_61791920,8,61791920,NA,NA,NA,NA
S10_137656338,10,137656338,NA,NA,NA,NA
S10_115934576,10,115934576,NA,NA,NA,NA
S3_5887034,3,5887034,NA,NA,NA,NA
S7_4680648,7,4680648,NA,NA,NA,NA
S6_168691050,6,168691050,NA,NA,NA,NA
S4_155735259,4,155735259,NA,NA,NA,NA
S4_155735260,4,155735260,NA,NA,NA,NA
S1_64149024,1,64149024,NA,NA,NA,NA
S3_227396461,3,227396461,NA,NA,NA,NA
S5_56214441,5,56214441,NA,NA,NA,NA
S3_2946595,3,2946595,NA,NA,NA,NA
S3_2946598,3,2946598,NA,NA,NA,NA
S1_51322789,1,51322789,NA,NA,NA,NA
S1_51322791,1,51322791,NA,NA,NA,NA
S1_51322801,1,51322801,NA,NA,NA,NA
S2_105760227,2,105760227,NA,NA,NA,NA
S1_233455684,1,233455684,NA,NA,NA,NA
S3_222768916,3,222768916,NA,NA,NA,NA
S2_235484725,2,235484725,NA,NA,NA,NA
S3_201260762,3,201260762,NA,NA,NA,NA
S5_6358899,5,6358899,NA,NA,NA,NA
S7_132687296,7,132687296,NA,NA,NA,NA
S8_5604166,8,5604166,NA,NA,NA,NA
S7_133372416,7,133372416,NA,NA,NA,NA
S8_12610599,8,12610599,NA,NA,NA,NA
S5_2766867,5,2766867,NA,NA,NA,NA
S2_167842478,2,167842478,NA,NA,NA,NA
S1_240495058,1,240495058,NA,NA,NA,NA
S10_77189500,10,77189500,NA,NA,NA,NA
S10_77189514,10,77189514,NA,NA,NA,NA
S10_77189515,10,77189515,NA,NA,NA,NA
S9_150250632,9,150250632,NA,NA,NA,NA
S5_205177350,5,205177350,NA,NA,NA,NA
S1_221381625,1,221381625,NA,NA,NA,NA
S1_212353850,1,212353850,NA,NA,NA,NA
S8_164011550,8,164011550,NA,NA,NA,NA
S1_288696516,1,288696516,NA,NA,NA,NA
S5_14653867,5,14653867,NA,NA,NA,NA
S1_10821114,1,10821114,NA,NA,NA,NA
S7_146374629,7,146374629,NA,NA,NA,NA
S1_35581743,1,35581743,NA,NA,NA,NA
S2_196411801,2,196411801,NA,NA,NA,NA
S4_235363879,4,235363879,NA,NA,NA,NA
S3_216257315,3,216257315,NA,NA,NA,NA
S8_113873984,8,113873984,NA,NA,NA,NA
S8_113873985,8,113873985,NA,NA,NA,NA
S8_113873992,8,113873992,NA,NA,NA,NA
S8_113873998,8,113873998,NA,NA,NA,NA
S8_113873999,8,113873999,NA,NA,NA,NA
S1_278373829,1,278373829,NA,NA,NA,NA
S5_8351127,5,8351127,NA,NA,NA,NA
S1_202298529,1,202298529,NA,NA,NA,NA
S2_3099055,2,3099055,NA,NA,NA,NA
S3_142261549,3,142261549,NA,NA,NA,NA
S3_202113820,3,202113820,NA,NA,NA,NA
S6_134565332,6,134565332,NA,NA,NA,NA
S6_134565336,6,134565336,NA,NA,NA,NA
S8_137303432,8,137303432,NA,NA,NA,NA
S10_132543042,10,132543042,NA,NA,NA,NA
S6_158478247,6,158478247,NA,NA,NA,NA
S3_187981842,3,187981842,NA,NA,NA,NA
S2_41725555,2,41725555,NA,NA,NA,NA
S10_11748758,10,11748758,NA,NA,NA,NA
S2_30340801,2,30340801,NA,NA,NA,NA
S2_152922412,2,152922412,NA,NA,NA,NA
S4_197072985,4,197072985,NA,NA,NA,NA
S6_66108510,6,66108510,NA,NA,NA,NA
S6_66108513,6,66108513,NA,NA,NA,NA
S8_166483904,8,166483904,NA,NA,NA,NA
S10_138470010,10,138470010,NA,NA,NA,NA
S4_202761039,4,202761039,NA,NA,NA,NA
S4_202761079,4,202761079,NA,NA,NA,NA
S8_8280127,8,8280127,NA,NA,NA,NA
S2_51751338,2,51751338,NA,NA,NA,NA
S2_51751339,2,51751339,NA,NA,NA,NA
S6_148828099,6,148828099,NA,NA,NA,NA
S5_212647505,5,212647505,NA,NA,NA,NA
S6_153234119,6,153234119,NA,NA,NA,NA
S2_5563254,2,5563254,NA,NA,NA,NA
S4_75504881,4,75504881,NA,NA,NA,NA
S9_24486981,9,24486981,NA,NA,NA,NA
S4_119082805,4,119082805,NA,NA,NA,NA
S5_200118386,5,200118386,NA,NA,NA,NA
S2_172401389,2,172401389,NA,NA,NA,NA
S2_172401400,2,172401400,NA,NA,NA,NA
S2_172401439,2,172401439,NA,NA,NA,NA
S1_278049081,1,278049081,NA,NA,NA,NA
S3_202114569,3,202114569,NA,NA,NA,NA
S5_16840809,5,16840809,NA,NA,NA,NA
S3_1261966,3,1261966,NA,NA,NA,NA
S7_153655405,7,153655405,NA,NA,NA,NA
S2_231359965,2,231359965,NA,NA,NA,NA
S3_210426831,3,210426831,NA,NA,NA,NA
S1_285310060,1,285310060,NA,NA,NA,NA
S5_178323616,5,178323616,NA,NA,NA,NA
S2_194487414,2,194487414,NA,NA,NA,NA
S1_71024160,1,71024160,NA,NA,NA,NA
S2_207379879,2,207379879,NA,NA,NA,NA
S3_43360599,3,43360599,NA,NA,NA,NA
S5_214412335,5,214412335,NA,NA,NA,NA
S1_12521493,1,12521493,NA,NA,NA,NA
S5_213178626,5,213178626,NA,NA,NA,NA
S1_158632785,1,158632785,NA,NA,NA,NA
S5_215626737,5,215626737,NA,NA,NA,NA
S2_213173862,2,213173862,NA,NA,NA,NA
S5_15771196,5,15771196,NA,NA,NA,NA
S4_124233876,4,124233876,NA,NA,NA,NA
S4_124233896,4,124233896,NA,NA,NA,NA
S4_157609701,4,157609701,NA,NA,NA,NA
S5_168088963,5,168088963,NA,NA,NA,NA
S2_208132357,2,208132357,NA,NA,NA,NA
S10_138662106,10,138662106,NA,NA,NA,NA
S5_191219139,5,191219139,NA,NA,NA,NA
S8_106743055,8,106743055,NA,NA,NA,NA
S2_175093432,2,175093432,NA,NA,NA,NA
S8_162185689,8,162185689,NA,NA,NA,NA
S8_118561186,8,118561186,NA,NA,NA,NA
S5_208199027,5,208199027,NA,NA,NA,NA
S2_49116364,2,49116364,NA,NA,NA,NA
S2_19320110,2,19320110,NA,NA,NA,NA
S3_147970836,3,147970836,NA,NA,NA,NA
S1_262175904,1,262175904,NA,NA,NA,NA
S9_154367166,9,154367166,NA,NA,NA,NA
S9_154367169,9,154367169,NA,NA,NA,NA
S7_1295632,7,1295632,NA,NA,NA,NA
S7_171705900,7,171705900,NA,NA,NA,NA
S1_26572780,1,26572780,NA,NA,NA,NA
S7_159856749,7,159856749,NA,NA,NA,NA
S1_282409602,1,282409602,NA,NA,NA,NA
S2_233597701,2,233597701,NA,NA,NA,NA
S10_131879931,10,131879931,NA,NA,NA,NA
S5_16840822,5,16840822,NA,NA,NA,NA
S2_4850403,2,4850403,NA,NA,NA,NA
S5_20795609,5,20795609,NA,NA,NA,NA
S3_227426395,3,227426395,NA,NA,NA,NA
S6_164576062,6,164576062,NA,NA,NA,NA
S6_161213289,6,161213289,NA,NA,NA,NA
S4_198917153,4,198917153,NA,NA,NA,NA
S3_175124159,3,175124159,NA,NA,NA,NA
S1_6433360,1,6433360,NA,NA,NA,NA
S3_190568604,3,190568604,NA,NA,NA,NA
S1_34959851,1,34959851,NA,NA,NA,NA
S2_229416467,2,229416467,NA,NA,NA,NA
S5_191219119,5,191219119,NA,NA,NA,NA
S4_203833998,4,203833998,NA,NA,NA,NA
S4_83572543,4,83572543,NA,NA,NA,NA
S2_72674000,2,72674000,NA,NA,NA,NA
S8_79071488,8,79071488,NA,NA,NA,NA
S3_202137796,3,202137796,NA,NA,NA,NA
S5_110178821,5,110178821,NA,NA,NA,NA
S2_33780853,2,33780853,NA,NA,NA,NA
S2_148876619,2,148876619,NA,NA,NA,NA
S3_198140104,3,198140104,NA,NA,NA,NA
S3_223738296,3,223738296,NA,NA,NA,NA
S5_181388728,5,181388728,NA,NA,NA,NA
S4_43589694,4,43589694,NA,NA,NA,NA
S3_159677732,3,159677732,NA,NA,NA,NA
S5_56901721,5,56901721,NA,NA,NA,NA
S1_293394022,1,293394022,NA,NA,NA,NA
S7_160232432,7,160232432,NA,NA,NA,NA
S6_162645125,6,162645125,NA,NA,NA,NA
S1_295443479,1,295443479,NA,NA,NA,NA
S8_63537483,8,63537483,NA,NA,NA,NA
S9_136179684,9,136179684,NA,NA,NA,NA
S6_371138,6,371138,NA,NA,NA,NA
S1_226237608,1,226237608,NA,NA,NA,NA
S4_176654154,4,176654154,NA,NA,NA,NA
S10_109379278,10,109379278,NA,NA,NA,NA
S4_4060203,4,4060203,NA,NA,NA,NA
S4_237597955,4,237597955,NA,NA,NA,NA
S1_22993622,1,22993622,NA,NA,NA,NA
S6_117956011,6,117956011,NA,NA,NA,NA
S3_178411158,3,178411158,NA,NA,NA,NA
S2_5682714,2,5682714,NA,NA,NA,NA
S9_98900049,9,98900049,NA,NA,NA,NA
S4_30431078,4,30431078,NA,NA,NA,NA
S5_174620642,5,174620642,NA,NA,NA,NA
S5_15462072,5,15462072,NA,NA,NA,NA
S10_121371827,10,121371827,NA,NA,NA,NA
S10_121371872,10,121371872,NA,NA,NA,NA
S10_135677644,10,135677644,NA,NA,NA,NA
S2_216615998,2,216615998,NA,NA,NA,NA
S3_2061263,3,2061263,NA,NA,NA,NA
S3_225037740,3,225037740,NA,NA,NA,NA
S5_184233498,5,184233498,NA,NA,NA,NA
S8_142477169,8,142477169,NA,NA,NA,NA
S5_63229636,5,63229636,NA,NA,NA,NA
S5_205839371,5,205839371,NA,NA,NA,NA
S8_122063793,8,122063793,NA,NA,NA,NA
S10_142413165,10,142413165,NA,NA,NA,NA
S10_142413166,10,142413166,NA,NA,NA,NA
S5_10106465,5,10106465,NA,NA,NA,NA
S2_26436055,2,26436055,NA,NA,NA,NA
S2_164889892,2,164889892,NA,NA,NA,NA
S7_174537678,7,174537678,NA,NA,NA,NA
S4_230754750,4,230754750,NA,NA,NA,NA
S7_9335035,7,9335035,NA,NA,NA,NA
S2_186993990,2,186993990,NA,NA,NA,NA
S6_123307770,6,123307770,NA,NA,NA,NA
S1_188221081,1,188221081,NA,NA,NA,NA
S8_174606674,8,174606674,NA,NA,NA,NA
S10_87133697,10,87133697,NA,NA,NA,NA
S5_178476407,5,178476407,NA,NA,NA,NA
S4_201751338,4,201751338,NA,NA,NA,NA
S10_138469918,10,138469918,NA,NA,NA,NA
S3_218185362,3,218185362,NA,NA,NA,NA
S7_2156904,7,2156904,NA,NA,NA,NA
S5_147541972,5,147541972,NA,NA,NA,NA
S2_169758409,2,169758409,NA,NA,NA,NA
S1_286456245,1,286456245,NA,NA,NA,NA
S8_117437508,8,117437508,NA,NA,NA,NA
S2_195524039,2,195524039,NA,NA,NA,NA
S2_152922439,2,152922439,NA,NA,NA,NA
S5_215020952,5,215020952,NA,NA,NA,NA
S1_298687962,1,298687962,NA,NA,NA,NA
S6_3570125,6,3570125,NA,NA,NA,NA
S8_106743030,8,106743030,NA,NA,NA,NA
S6_88154141,6,88154141,NA,NA,NA,NA
S6_88154142,6,88154142,NA,NA,NA,NA
S6_88154144,6,88154144,NA,NA,NA,NA
S6_124842155,6,124842155,NA,NA,NA,NA
S3_145178610,3,145178610,NA,NA,NA,NA
S8_90364253,8,90364253,NA,NA,NA,NA
S2_163825083,2,163825083,NA,NA,NA,NA
S3_4339900,3,4339900,NA,NA,NA,NA
S1_212054586,1,212054586,NA,NA,NA,NA
S6_88592690,6,88592690,NA,NA,NA,NA
S1_160858390,1,160858390,NA,NA,NA,NA
S1_191587285,1,191587285,NA,NA,NA,NA
S7_44029831,7,44029831,NA,NA,NA,NA
S3_86197624,3,86197624,NA,NA,NA,NA
S1_80167797,1,80167797,NA,NA,NA,NA
S1_250092204,1,250092204,NA,NA,NA,NA
S6_156444052,6,156444052,NA,NA,NA,NA
S4_29169181,4,29169181,NA,NA,NA,NA
S1_164640189,1,164640189,NA,NA,NA,NA
S6_121384561,6,121384561,NA,NA,NA,NA
S5_167969718,5,167969718,NA,NA,NA,NA
S5_181835896,5,181835896,NA,NA,NA,NA
S2_48664870,2,48664870,NA,NA,NA,NA
S5_170023565,5,170023565,NA,NA,NA,NA
S3_228374772,3,228374772,NA,NA,NA,NA
S6_5442858,6,5442858,NA,NA,NA,NA
S2_205716683,2,205716683,NA,NA,NA,NA
S1_40058681,1,40058681,NA,NA,NA,NA
S9_133922804,9,133922804,NA,NA,NA,NA
S9_133922831,9,133922831,NA,NA,NA,NA
S1_298738939,1,298738939,NA,NA,NA,NA
S10_94434886,10,94434886,NA,NA,NA,NA
S1_164628761,1,164628761,NA,NA,NA,NA
S2_193504082,2,193504082,NA,NA,NA,NA
S7_155907901,7,155907901,NA,NA,NA,NA
S2_31153551,2,31153551,NA,NA,NA,NA
S2_5565727,2,5565727,NA,NA,NA,NA
S4_214544716,4,214544716,NA,NA,NA,NA
S4_240106151,4,240106151,NA,NA,NA,NA
S1_2694004,1,2694004,NA,NA,NA,NA
S10_145280414,10,145280414,NA,NA,NA,NA
S3_168838491,3,168838491,NA,NA,NA,NA
S4_228623026,4,228623026,NA,NA,NA,NA
S5_14507117,5,14507117,NA,NA,NA,NA
S1_67849840,1,67849840,NA,NA,NA,NA
S4_205310217,4,205310217,NA,NA,NA,NA
S6_4885680,6,4885680,NA,NA,NA,NA
S1_207528576,1,207528576,NA,NA,NA,NA
S10_129586275,10,129586275,NA,NA,NA,NA
S7_1140118,7,1140118,NA,NA,NA,NA
S8_23889016,8,23889016,NA,NA,NA,NA
S8_29017723,8,29017723,NA,NA,NA,NA
S7_20895187,7,20895187,NA,NA,NA,NA
S8_159187029,8,159187029,NA,NA,NA,NA
S7_134081687,7,134081687,NA,NA,NA,NA
S3_33757494,3,33757494,NA,NA,NA,NA
S7_137540916,7,137540916,NA,NA,NA,NA
S3_162438586,3,162438586,NA,NA,NA,NA
S7_8049874,7,8049874,NA,NA,NA,NA
S5_208675690,5,208675690,NA,NA,NA,NA
S5_184432296,5,184432296,NA,NA,NA,NA
S5_184432297,5,184432297,NA,NA,NA,NA
S1_237489403,1,237489403,NA,NA,NA,NA
S1_273898880,1,273898880,NA,NA,NA,NA
S5_214719154,5,214719154,NA,NA,NA,NA
S5_163214281,5,163214281,NA,NA,NA,NA
S1_293329571,1,293329571,NA,NA,NA,NA
S10_132612636,10,132612636,NA,NA,NA,NA
S1_231511048,1,231511048,NA,NA,NA,NA
S3_201259090,3,201259090,NA,NA,NA,NA
S4_1484318,4,1484318,NA,NA,NA,NA
S3_134953282,3,134953282,NA,NA,NA,NA
S3_134953319,3,134953319,NA,NA,NA,NA
S3_134953320,3,134953320,NA,NA,NA,NA
S3_134953325,3,134953325,NA,NA,NA,NA
S2_189218653,2,189218653,NA,NA,NA,NA
S8_3798968,8,3798968,NA,NA,NA,NA
S4_188208937,4,188208937,NA,NA,NA,NA
S8_148515313,8,148515313,NA,NA,NA,NA
S3_179723595,3,179723595,NA,NA,NA,NA
S5_15715564,5,15715564,NA,NA,NA,NA
S1_61944164,1,61944164,NA,NA,NA,NA
S2_12643752,2,12643752,NA,NA,NA,NA
S2_110655330,2,110655330,NA,NA,NA,NA
S2_110655369,2,110655369,NA,NA,NA,NA
S3_133782389,3,133782389,NA,NA,NA,NA
S1_270174626,1,270174626,NA,NA,NA,NA
S4_18575634,4,18575634,NA,NA,NA,NA
S2_11443994,2,11443994,NA,NA,NA,NA
S8_8282179,8,8282179,NA,NA,NA,NA
S3_169030118,3,169030118,NA,NA,NA,NA
S4_195326679,4,195326679,NA,NA,NA,NA
S4_202761062,4,202761062,NA,NA,NA,NA
S10_140995225,10,140995225,NA,NA,NA,NA
S10_135482665,10,135482665,NA,NA,NA,NA
S9_122124422,9,122124422,NA,NA,NA,NA
S1_150477433,1,150477433,NA,NA,NA,NA
S9_130489221,9,130489221,NA,NA,NA,NA
S3_117255146,3,117255146,NA,NA,NA,NA
S6_160330853,6,160330853,NA,NA,NA,NA
S2_12112311,2,12112311,NA,NA,NA,NA
S1_211419448,1,211419448,NA,NA,NA,NA
S5_204207415,5,204207415,NA,NA,NA,NA
S5_204207417,5,204207417,NA,NA,NA,NA
S7_167231058,7,167231058,NA,NA,NA,NA
S7_17534453,7,17534453,NA,NA,NA,NA
S9_129274336,9,129274336,NA,NA,NA,NA
S1_195491540,1,195491540,NA,NA,NA,NA
S10_33615795,10,33615795,NA,NA,NA,NA
S10_33615796,10,33615796,NA,NA,NA,NA
S8_101176618,8,101176618,NA,NA,NA,NA
S2_223638952,2,223638952,NA,NA,NA,NA
S3_156799970,3,156799970,NA,NA,NA,NA
S10_146687358,10,146687358,NA,NA,NA,NA
S7_25091025,7,25091025,NA,NA,NA,NA
S6_145310790,6,145310790,NA,NA,NA,NA
S3_3989141,3,3989141,NA,NA,NA,NA
S6_85882183,6,85882183,NA,NA,NA,NA
S9_7701829,9,7701829,NA,NA,NA,NA
S9_105064113,9,105064113,NA,NA,NA,NA
S7_18428776,7,18428776,NA,NA,NA,NA
S7_18428804,7,18428804,NA,NA,NA,NA
S6_112124053,6,112124053,NA,NA,NA,NA
S5_38475878,5,38475878,NA,NA,NA,NA
S9_145885534,9,145885534,NA,NA,NA,NA
S1_34322037,1,34322037,NA,NA,NA,NA
S6_155235957,6,155235957,NA,NA,NA,NA
S10_2255083,10,2255083,NA,NA,NA,NA
S4_195545341,4,195545341,NA,NA,NA,NA
S8_79071275,8,79071275,NA,NA,NA,NA
S1_157528692,1,157528692,NA,NA,NA,NA
S10_75809712,10,75809712,NA,NA,NA,NA
S10_4614057,10,4614057,NA,NA,NA,NA
S6_9200492,6,9200492,NA,NA,NA,NA
S2_10014315,2,10014315,NA,NA,NA,NA
S2_10014317,2,10014317,NA,NA,NA,NA
S1_295891024,1,295891024,NA,NA,NA,NA
S5_128348288,5,128348288,NA,NA,NA,NA
S10_126553671,10,126553671,NA,NA,NA,NA
S10_126553678,10,126553678,NA,NA,NA,NA
S8_113605332,8,113605332,NA,NA,NA,NA
S2_4889602,2,4889602,NA,NA,NA,NA
S4_205310270,4,205310270,NA,NA,NA,NA
S7_115276826,7,115276826,NA,NA,NA,NA
S9_132045447,9,132045447,NA,NA,NA,NA
S6_162644866,6,162644866,NA,NA,NA,NA
S6_127634586,6,127634586,NA,NA,NA,NA
S9_130514175,9,130514175,NA,NA,NA,NA
S3_221218307,3,221218307,NA,NA,NA,NA
S6_149354366,6,149354366,NA,NA,NA,NA
S3_199622411,3,199622411,NA,NA,NA,NA
S2_16682361,2,16682361,NA,NA,NA,NA
S6_165487668,6,165487668,NA,NA,NA,NA
S1_71001690,1,71001690,NA,NA,NA,NA
S9_14319722,9,14319722,NA,NA,NA,NA
S9_14319751,9,14319751,NA,NA,NA,NA
S1_278042665,1,278042665,NA,NA,NA,NA
S4_223516052,4,223516052,NA,NA,NA,NA
S9_145036090,9,145036090,NA,NA,NA,NA
S3_17833558,3,17833558,NA,NA,NA,NA
S1_231511049,1,231511049,NA,NA,NA,NA
S4_37017759,4,37017759,NA,NA,NA,NA
S5_12381768,5,12381768,NA,NA,NA,NA
S5_150191806,5,150191806,NA,NA,NA,NA
S8_77167907,8,77167907,NA,NA,NA,NA
S1_258808763,1,258808763,NA,NA,NA,NA
S1_258808797,1,258808797,NA,NA,NA,NA
S4_28117299,4,28117299,NA,NA,NA,NA
S1_278050464,1,278050464,NA,NA,NA,NA
S5_182051184,5,182051184,NA,NA,NA,NA
S2_232369815,2,232369815,NA,NA,NA,NA
S1_210652382,1,210652382,NA,NA,NA,NA
S1_263752919,1,263752919,NA,NA,NA,NA
S5_131040411,5,131040411,NA,NA,NA,NA
S1_116224702,1,116224702,NA,NA,NA,NA
S1_116224724,1,116224724,NA,NA,NA,NA
S1_202752519,1,202752519,NA,NA,NA,NA
S10_114855018,10,114855018,NA,NA,NA,NA
S6_149331830,6,149331830,NA,NA,NA,NA
S1_52627046,1,52627046,NA,NA,NA,NA
S1_63611649,1,63611649,NA,NA,NA,NA
S9_91475255,9,91475255,NA,NA,NA,NA
S4_2681235,4,2681235,NA,NA,NA,NA
S7_805851,7,805851,NA,NA,NA,NA
S7_151730848,7,151730848,NA,NA,NA,NA
S1_41279100,1,41279100,NA,NA,NA,NA
S1_275693774,1,275693774,NA,NA,NA,NA
S7_165158195,7,165158195,NA,NA,NA,NA
S1_217181481,1,217181481,NA,NA,NA,NA
S5_168037198,5,168037198,NA,NA,NA,NA
S3_202137766,3,202137766,NA,NA,NA,NA
S4_182297906,4,182297906,NA,NA,NA,NA
S7_108482069,7,108482069,NA,NA,NA,NA
S5_59310267,5,59310267,NA,NA,NA,NA
S2_4514070,2,4514070,NA,NA,NA,NA
S6_150076071,6,150076071,NA,NA,NA,NA
S3_7079095,3,7079095,NA,NA,NA,NA
S7_7573551,7,7573551,NA,NA,NA,NA
S5_203631460,5,203631460,NA,NA,NA,NA
S5_54846244,5,54846244,NA,NA,NA,NA
S5_205547207,5,205547207,NA,NA,NA,NA
S7_168087258,7,168087258,NA,NA,NA,NA
S1_254246017,1,254246017,NA,NA,NA,NA
S3_135853231,3,135853231,NA,NA,NA,NA
S5_212619462,5,212619462,NA,NA,NA,NA
S8_118078461,8,118078461,NA,NA,NA,NA
S7_19353566,7,19353566,NA,NA,NA,NA
S1_197846414,1,197846414,NA,NA,NA,NA
S10_12352411,10,12352411,NA,NA,NA,NA
S8_55020828,8,55020828,NA,NA,NA,NA
S5_175211318,5,175211318,NA,NA,NA,NA
S7_8049913,7,8049913,NA,NA,NA,NA
S2_219293264,2,219293264,NA,NA,NA,NA
S6_153267963,6,153267963,NA,NA,NA,NA
S3_198578854,3,198578854,NA,NA,NA,NA
S9_146528087,9,146528087,NA,NA,NA,NA
S2_5563271,2,5563271,NA,NA,NA,NA
S9_136701998,9,136701998,NA,NA,NA,NA
S7_132085917,7,132085917,NA,NA,NA,NA
S6_8143156,6,8143156,NA,NA,NA,NA
S4_82642475,4,82642475,NA,NA,NA,NA
S8_96269193,8,96269193,NA,NA,NA,NA
S3_13484423,3,13484423,NA,NA,NA,NA
S9_79119948,9,79119948,NA,NA,NA,NA
S9_79119957,9,79119957,NA,NA,NA,NA
S1_292238665,1,292238665,NA,NA,NA,NA
S1_183098409,1,183098409,NA,NA,NA,NA
S2_168456643,2,168456643,NA,NA,NA,NA
S1_281071311,1,281071311,NA,NA,NA,NA
S3_175936772,3,175936772,NA,NA,NA,NA
S7_154455324,7,154455324,NA,NA,NA,NA
S2_15994797,2,15994797,NA,NA,NA,NA
S10_102876226,10,102876226,NA,NA,NA,NA
S7_21800857,7,21800857,NA,NA,NA,NA
S1_258928943,1,258928943,NA,NA,NA,NA
S2_63492176,2,63492176,NA,NA,NA,NA
S10_73205880,10,73205880,NA,NA,NA,NA
S10_73205915,10,73205915,NA,NA,NA,NA
S1_17494400,1,17494400,NA,NA,NA,NA
S5_212647459,5,212647459,NA,NA,NA,NA
S6_158478244,6,158478244,NA,NA,NA,NA
S5_213534311,5,213534311,NA,NA,NA,NA
S1_6923837,1,6923837,NA,NA,NA,NA
S5_3761547,5,3761547,NA,NA,NA,NA
S5_92354212,5,92354212,NA,NA,NA,NA
S3_125548535,3,125548535,NA,NA,NA,NA
S9_116680286,9,116680286,NA,NA,NA,NA
S9_115060776,9,115060776,NA,NA,NA,NA
S9_115060792,9,115060792,NA,NA,NA,NA
S5_14608963,5,14608963,NA,NA,NA,NA
S1_271315169,1,271315169,NA,NA,NA,NA
S2_190158488,2,190158488,NA,NA,NA,NA
S9_128653290,9,128653290,NA,NA,NA,NA
S9_128653291,9,128653291,NA,NA,NA,NA
S7_136025724,7,136025724,NA,NA,NA,NA
S3_217670165,3,217670165,NA,NA,NA,NA
S2_34221690,2,34221690,NA,NA,NA,NA
S1_296189841,1,296189841,NA,NA,NA,NA
S4_240106153,4,240106153,NA,NA,NA,NA
S5_2124170,5,2124170,NA,NA,NA,NA
S5_4019895,5,4019895,NA,NA,NA,NA
S5_4019905,5,4019905,NA,NA,NA,NA
S1_32580098,1,32580098,NA,NA,NA,NA
S2_1438042,2,1438042,NA,NA,NA,NA
S2_1438045,2,1438045,NA,NA,NA,NA
S2_1438051,2,1438051,NA,NA,NA,NA
S4_192072603,4,192072603,NA,NA,NA,NA
S4_212321980,4,212321980,NA,NA,NA,NA
S8_157752270,8,157752270,NA,NA,NA,NA
S1_216164609,1,216164609,NA,NA,NA,NA
S4_162563189,4,162563189,NA,NA,NA,NA
S8_106945295,8,106945295,NA,NA,NA,NA
S2_198018146,2,198018146,NA,NA,NA,NA
S9_149758506,9,149758506,NA,NA,NA,NA
S6_57748359,6,57748359,NA,NA,NA,NA
S1_217935203,1,217935203,NA,NA,NA,NA
S5_19590462,5,19590462,NA,NA,NA,NA
S1_277846432,1,277846432,NA,NA,NA,NA
S4_9850539,4,9850539,NA,NA,NA,NA
S4_239093375,4,239093375,NA,NA,NA,NA
S7_168086057,7,168086057,NA,NA,NA,NA
S5_208744639,5,208744639,NA,NA,NA,NA
S1_22069480,1,22069480,NA,NA,NA,NA
S8_171542858,8,171542858,NA,NA,NA,NA
S2_35320089,2,35320089,NA,NA,NA,NA
S2_35320100,2,35320100,NA,NA,NA,NA
S2_35320131,2,35320131,NA,NA,NA,NA
S2_35320144,2,35320144,NA,NA,NA,NA
S3_151334426,3,151334426,NA,NA,NA,NA
S5_5924021,5,5924021,NA,NA,NA,NA
S3_194739471,3,194739471,NA,NA,NA,NA
S4_153535852,4,153535852,NA,NA,NA,NA
S1_7390836,1,7390836,NA,NA,NA,NA
S2_21041448,2,21041448,NA,NA,NA,NA
S4_35133289,4,35133289,NA,NA,NA,NA
S4_35133290,4,35133290,NA,NA,NA,NA
S2_54360877,2,54360877,NA,NA,NA,NA
S2_181116341,2,181116341,NA,NA,NA,NA
S4_22107322,4,22107322,NA,NA,NA,NA
S2_23768039,2,23768039,NA,NA,NA,NA
S1_221381620,1,221381620,NA,NA,NA,NA
S1_77801343,1,77801343,NA,NA,NA,NA
S3_86197078,3,86197078,NA,NA,NA,NA
S5_1527581,5,1527581,NA,NA,NA,NA
S7_128117012,7,128117012,NA,NA,NA,NA
S9_13150661,9,13150661,NA,NA,NA,NA
S5_60453499,5,60453499,NA,NA,NA,NA
S5_60453516,5,60453516,NA,NA,NA,NA
S9_7177168,9,7177168,NA,NA,NA,NA
S6_106251964,6,106251964,NA,NA,NA,NA
S5_155526212,5,155526212,NA,NA,NA,NA
S5_155526232,5,155526232,NA,NA,NA,NA
S1_215443045,1,215443045,NA,NA,NA,NA
S3_203463406,3,203463406,NA,NA,NA,NA
S8_63553687,8,63553687,NA,NA,NA,NA
S4_198775078,4,198775078,NA,NA,NA,NA
S3_146607326,3,146607326,NA,NA,NA,NA
S4_234916006,4,234916006,NA,NA,NA,NA
S10_116976974,10,116976974,NA,NA,NA,NA
S4_1484333,4,1484333,NA,NA,NA,NA
S10_117792255,10,117792255,NA,NA,NA,NA
S3_176677649,3,176677649,NA,NA,NA,NA
S2_33780867,2,33780867,NA,NA,NA,NA
S5_536169,5,536169,NA,NA,NA,NA
S1_2937746,1,2937746,NA,NA,NA,NA
S5_199209646,5,199209646,NA,NA,NA,NA
S1_290957445,1,290957445,NA,NA,NA,NA
S5_188667241,5,188667241,NA,NA,NA,NA
S3_166598069,3,166598069,NA,NA,NA,NA
S3_34498499,3,34498499,NA,NA,NA,NA
S8_142237289,8,142237289,NA,NA,NA,NA
S9_149758500,9,149758500,NA,NA,NA,NA
S10_113924778,10,113924778,NA,NA,NA,NA
S8_159498424,8,159498424,NA,NA,NA,NA
S8_88275311,8,88275311,NA,NA,NA,NA
S1_15805576,1,15805576,NA,NA,NA,NA
S2_210789257,2,210789257,NA,NA,NA,NA
S10_4750028,10,4750028,NA,NA,NA,NA
S1_70722102,1,70722102,NA,NA,NA,NA
S1_70722103,1,70722103,NA,NA,NA,NA
S3_15439961,3,15439961,NA,NA,NA,NA
S3_185972793,3,185972793,NA,NA,NA,NA
S3_14410132,3,14410132,NA,NA,NA,NA
S2_214242551,2,214242551,NA,NA,NA,NA
S3_5791222,3,5791222,NA,NA,NA,NA
S2_12797797,2,12797797,NA,NA,NA,NA
S8_127580244,8,127580244,NA,NA,NA,NA
S5_53241284,5,53241284,NA,NA,NA,NA
S4_201937216,4,201937216,NA,NA,NA,NA
S10_88396836,10,88396836,NA,NA,NA,NA
S4_236948931,4,236948931,NA,NA,NA,NA
S5_207657599,5,207657599,NA,NA,NA,NA
S5_168225325,5,168225325,NA,NA,NA,NA
S2_236026064,2,236026064,NA,NA,NA,NA
S5_201626896,5,201626896,NA,NA,NA,NA
S1_250913256,1,250913256,NA,NA,NA,NA
S1_47313923,1,47313923,NA,NA,NA,NA
S7_2748423,7,2748423,NA,NA,NA,NA
S5_4946193,5,4946193,NA,NA,NA,NA
S4_10033504,4,10033504,NA,NA,NA,NA
S10_80912419,10,80912419,NA,NA,NA,NA
S6_165407845,6,165407845,NA,NA,NA,NA
S4_147786399,4,147786399,NA,NA,NA,NA
S4_147786450,4,147786450,NA,NA,NA,NA
S2_222807803,2,222807803,NA,NA,NA,NA
S1_180398080,1,180398080,NA,NA,NA,NA
S2_144801987,2,144801987,NA,NA,NA,NA
S4_230885726,4,230885726,NA,NA,NA,NA
S2_43353360,2,43353360,NA,NA,NA,NA
S2_151638173,2,151638173,NA,NA,NA,NA
S1_56746957,1,56746957,NA,NA,NA,NA
S2_158609778,2,158609778,NA,NA,NA,NA
S3_145178689,3,145178689,NA,NA,NA,NA
S2_35326202,2,35326202,NA,NA,NA,NA
S9_91488958,9,91488958,NA,NA,NA,NA
S1_233446883,1,233446883,NA,NA,NA,NA
S8_14597215,8,14597215,NA,NA,NA,NA
S8_164011546,8,164011546,NA,NA,NA,NA
S6_84527693,6,84527693,NA,NA,NA,NA
S10_121371830,10,121371830,NA,NA,NA,NA
S1_273849712,1,273849712,NA,NA,NA,NA
S2_37575626,2,37575626,NA,NA,NA,NA
S2_163678461,2,163678461,NA,NA,NA,NA
S9_99759568,9,99759568,NA,NA,NA,NA
S3_220111286,3,220111286,NA,NA,NA,NA
S5_168839678,5,168839678,NA,NA,NA,NA
S5_37256237,5,37256237,NA,NA,NA,NA
S6_150807009,6,150807009,NA,NA,NA,NA
S6_100083188,6,100083188,NA,NA,NA,NA
S10_120671401,10,120671401,NA,NA,NA,NA
S4_184677003,4,184677003,NA,NA,NA,NA
S4_184677020,4,184677020,NA,NA,NA,NA
S7_1317719,7,1317719,NA,NA,NA,NA
S9_139745048,9,139745048,NA,NA,NA,NA
S1_75396438,1,75396438,NA,NA,NA,NA
S2_28006235,2,28006235,NA,NA,NA,NA
S2_4052749,2,4052749,NA,NA,NA,NA
S6_162482431,6,162482431,NA,NA,NA,NA
S1_248461595,1,248461595,NA,NA,NA,NA
S1_248461596,1,248461596,NA,NA,NA,NA
S4_36022493,4,36022493,NA,NA,NA,NA
S10_6134989,10,6134989,NA,NA,NA,NA
S8_136380670,8,136380670,NA,NA,NA,NA
S10_126553632,10,126553632,NA,NA,NA,NA
S1_188221068,1,188221068,NA,NA,NA,NA
S1_188221079,1,188221079,NA,NA,NA,NA
S1_188221080,1,188221080,NA,NA,NA,NA
S8_132874478,8,132874478,NA,NA,NA,NA
S7_84559789,7,84559789,NA,NA,NA,NA
S3_215932071,3,215932071,NA,NA,NA,NA
S4_240045270,4,240045270,NA,NA,NA,NA
S8_134630490,8,134630490,NA,NA,NA,NA
S1_51398640,1,51398640,NA,NA,NA,NA
S2_2626447,2,2626447,NA,NA,NA,NA
S2_183919141,2,183919141,NA,NA,NA,NA
S2_168982608,2,168982608,NA,NA,NA,NA
S7_806160,7,806160,NA,NA,NA,NA
S5_207500702,5,207500702,NA,NA,NA,NA
S2_18132800,2,18132800,NA,NA,NA,NA
S4_227660759,4,227660759,NA,NA,NA,NA
S1_33630096,1,33630096,NA,NA,NA,NA
S1_35133735,1,35133735,NA,NA,NA,NA
S3_48102148,3,48102148,NA,NA,NA,NA
S6_34826208,6,34826208,NA,NA,NA,NA
S2_17610368,2,17610368,NA,NA,NA,NA
S1_228665049,1,228665049,NA,NA,NA,NA
S2_108630053,2,108630053,NA,NA,NA,NA
S2_9414155,2,9414155,NA,NA,NA,NA
S9_7106655,9,7106655,NA,NA,NA,NA
S1_257972799,1,257972799,NA,NA,NA,NA
S1_257972802,1,257972802,NA,NA,NA,NA
S1_257972805,1,257972805,NA,NA,NA,NA
S1_257972806,1,257972806,NA,NA,NA,NA
S2_10388522,2,10388522,NA,NA,NA,NA
S1_262545819,1,262545819,NA,NA,NA,NA
S2_208538629,2,208538629,NA,NA,NA,NA
S3_58905481,3,58905481,NA,NA,NA,NA
S1_294658748,1,294658748,NA,NA,NA,NA
S4_39543726,4,39543726,NA,NA,NA,NA
S1_179371201,1,179371201,NA,NA,NA,NA
S8_101948881,8,101948881,NA,NA,NA,NA
S1_273371612,1,273371612,NA,NA,NA,NA
S1_113530915,1,113530915,NA,NA,NA,NA
S8_132878134,8,132878134,NA,NA,NA,NA
S4_238040978,4,238040978,NA,NA,NA,NA
S3_179228513,3,179228513,NA,NA,NA,NA
S8_164013979,8,164013979,NA,NA,NA,NA
S5_150191807,5,150191807,NA,NA,NA,NA
S5_156970778,5,156970778,NA,NA,NA,NA
S3_218903401,3,218903401,NA,NA,NA,NA
S2_14267280,2,14267280,NA,NA,NA,NA
S1_205562623,1,205562623,NA,NA,NA,NA
S2_9441741,2,9441741,NA,NA,NA,NA
S1_83011538,1,83011538,NA,NA,NA,NA
S4_171266264,4,171266264,NA,NA,NA,NA
S1_149313963,1,149313963,NA,NA,NA,NA
S7_77592339,7,77592339,NA,NA,NA,NA
S8_101118240,8,101118240,NA,NA,NA,NA
S5_194166604,5,194166604,NA,NA,NA,NA
S5_194166606,5,194166606,NA,NA,NA,NA
S5_194166607,5,194166607,NA,NA,NA,NA
S3_191368808,3,191368808,NA,NA,NA,NA
S9_154025190,9,154025190,NA,NA,NA,NA
S3_64820959,3,64820959,NA,NA,NA,NA
S1_248733548,1,248733548,NA,NA,NA,NA
S6_77677190,6,77677190,NA,NA,NA,NA
S6_153662375,6,153662375,NA,NA,NA,NA
S9_14646808,9,14646808,NA,NA,NA,NA
S3_33764769,3,33764769,NA,NA,NA,NA
S9_144790369,9,144790369,NA,NA,NA,NA
S3_176332413,3,176332413,NA,NA,NA,NA
S10_71665925,10,71665925,NA,NA,NA,NA
S2_220144629,2,220144629,NA,NA,NA,NA
S6_154981632,6,154981632,NA,NA,NA,NA
S3_154124939,3,154124939,NA,NA,NA,NA
S3_154124946,3,154124946,NA,NA,NA,NA
S6_162644826,6,162644826,NA,NA,NA,NA
S10_129938259,10,129938259,NA,NA,NA,NA
S6_119695212,6,119695212,NA,NA,NA,NA
S5_4197502,5,4197502,NA,NA,NA,NA
S10_143442507,10,143442507,NA,NA,NA,NA
S2_120131437,2,120131437,NA,NA,NA,NA
S6_161833861,6,161833861,NA,NA,NA,NA
S7_175567555,7,175567555,NA,NA,NA,NA
S1_29392337,1,29392337,NA,NA,NA,NA
S1_295881893,1,295881893,NA,NA,NA,NA
S2_12112227,2,12112227,NA,NA,NA,NA
S1_6077453,1,6077453,NA,NA,NA,NA
S8_13138187,8,13138187,NA,NA,NA,NA
S4_156717807,4,156717807,NA,NA,NA,NA
S5_60252333,5,60252333,NA,NA,NA,NA
S1_221486514,1,221486514,NA,NA,NA,NA
S5_159337254,5,159337254,NA,NA,NA,NA
S6_5642892,6,5642892,NA,NA,NA,NA
S6_5642894,6,5642894,NA,NA,NA,NA
S1_263749556,1,263749556,NA,NA,NA,NA
S10_133703895,10,133703895,NA,NA,NA,NA
S10_16031235,10,16031235,NA,NA,NA,NA
S7_130260217,7,130260217,NA,NA,NA,NA
S6_99884638,6,99884638,NA,NA,NA,NA
S6_99884653,6,99884653,NA,NA,NA,NA
S6_99884664,6,99884664,NA,NA,NA,NA
S5_213107081,5,213107081,NA,NA,NA,NA
S5_208198671,5,208198671,NA,NA,NA,NA
S2_19460481,2,19460481,NA,NA,NA,NA
S3_63694629,3,63694629,NA,NA,NA,NA
S6_103360073,6,103360073,NA,NA,NA,NA
S5_137393011,5,137393011,NA,NA,NA,NA
S3_2778643,3,2778643,NA,NA,NA,NA
S7_100404330,7,100404330,NA,NA,NA,NA
S2_224240929,2,224240929,NA,NA,NA,NA
S2_224240930,2,224240930,NA,NA,NA,NA
S5_27683663,5,27683663,NA,NA,NA,NA
S5_27683696,5,27683696,NA,NA,NA,NA
S7_103305994,7,103305994,NA,NA,NA,NA
S6_128483991,6,128483991,NA,NA,NA,NA
S6_82378485,6,82378485,NA,NA,NA,NA
S10_109798025,10,109798025,NA,NA,NA,NA
S10_148118178,10,148118178,NA,NA,NA,NA
S1_290318610,1,290318610,NA,NA,NA,NA
S1_290318611,1,290318611,NA,NA,NA,NA
S3_22818941,3,22818941,NA,NA,NA,NA
S8_159789677,8,159789677,NA,NA,NA,NA
S9_12870728,9,12870728,NA,NA,NA,NA
S1_173846065,1,173846065,NA,NA,NA,NA
S1_173846069,1,173846069,NA,NA,NA,NA
S1_173846070,1,173846070,NA,NA,NA,NA
S1_173846071,1,173846071,NA,NA,NA,NA
S2_140554658,2,140554658,NA,NA,NA,NA
S1_201957594,1,201957594,NA,NA,NA,NA
S7_126341399,7,126341399,NA,NA,NA,NA
S1_34595303,1,34595303,NA,NA,NA,NA
S6_4802790,6,4802790,NA,NA,NA,NA
S9_82734305,9,82734305,NA,NA,NA,NA
S10_39184204,10,39184204,NA,NA,NA,NA
S1_279914369,1,279914369,NA,NA,NA,NA
S8_68932150,8,68932150,NA,NA,NA,NA
S5_3498717,5,3498717,NA,NA,NA,NA
S2_2675645,2,2675645,NA,NA,NA,NA
S9_1950817,9,1950817,NA,NA,NA,NA
S3_224234621,3,224234621,NA,NA,NA,NA
S3_176302120,3,176302120,NA,NA,NA,NA
S5_34078894,5,34078894,NA,NA,NA,NA
S1_4055200,1,4055200,NA,NA,NA,NA
S7_174574273,7,174574273,NA,NA,NA,NA
S3_190320404,3,190320404,NA,NA,NA,NA
S1_7390746,1,7390746,NA,NA,NA,NA
S4_177380599,4,177380599,NA,NA,NA,NA
S4_177380601,4,177380601,NA,NA,NA,NA
S6_168069760,6,168069760,NA,NA,NA,NA
S5_183144997,5,183144997,NA,NA,NA,NA
S6_2720659,6,2720659,NA,NA,NA,NA
S9_16322330,9,16322330,NA,NA,NA,NA
S9_16322345,9,16322345,NA,NA,NA,NA
S1_276325754,1,276325754,NA,NA,NA,NA
S5_3778168,5,3778168,NA,NA,NA,NA
S1_256822273,1,256822273,NA,NA,NA,NA
S1_208962522,1,208962522,NA,NA,NA,NA
S8_170221197,8,170221197,NA,NA,NA,NA
S3_140970301,3,140970301,NA,NA,NA,NA
S3_140970319,3,140970319,NA,NA,NA,NA
S7_13616118,7,13616118,NA,NA,NA,NA
S2_218748401,2,218748401,NA,NA,NA,NA
S2_218748430,2,218748430,NA,NA,NA,NA
S1_174373927,1,174373927,NA,NA,NA,NA
S5_205562818,5,205562818,NA,NA,NA,NA
S7_165246759,7,165246759,NA,NA,NA,NA
S2_187124709,2,187124709,NA,NA,NA,NA
S3_210426152,3,210426152,NA,NA,NA,NA
S3_210426162,3,210426162,NA,NA,NA,NA
S3_210426178,3,210426178,NA,NA,NA,NA
S3_210426179,3,210426179,NA,NA,NA,NA
S2_41771160,2,41771160,NA,NA,NA,NA
S2_41771161,2,41771161,NA,NA,NA,NA
S2_41771163,2,41771163,NA,NA,NA,NA
S2_41771166,2,41771166,NA,NA,NA,NA
S2_41771167,2,41771167,NA,NA,NA,NA
S5_199161311,5,199161311,NA,NA,NA,NA
S4_40700558,4,40700558,NA,NA,NA,NA
S5_1727292,5,1727292,NA,NA,NA,NA
S5_150934288,5,150934288,NA,NA,NA,NA
S7_173963108,7,173963108,NA,NA,NA,NA
S5_195542944,5,195542944,NA,NA,NA,NA
S8_170128604,8,170128604,NA,NA,NA,NA
S8_129080596,8,129080596,NA,NA,NA,NA
S5_26774065,5,26774065,NA,NA,NA,NA
S8_162518162,8,162518162,NA,NA,NA,NA
S7_3880677,7,3880677,NA,NA,NA,NA
S6_2396136,6,2396136,NA,NA,NA,NA
S9_154098509,9,154098509,NA,NA,NA,NA
S1_49091620,1,49091620,NA,NA,NA,NA
S2_16638876,2,16638876,NA,NA,NA,NA
S5_186999506,5,186999506,NA,NA,NA,NA
S1_282898807,1,282898807,NA,NA,NA,NA
S4_224624080,4,224624080,NA,NA,NA,NA
S7_124219565,7,124219565,NA,NA,NA,NA
S5_181388699,5,181388699,NA,NA,NA,NA
S9_123001289,9,123001289,NA,NA,NA,NA
S9_24547633,9,24547633,NA,NA,NA,NA
S2_46604002,2,46604002,NA,NA,NA,NA
S2_144477909,2,144477909,NA,NA,NA,NA
S2_41964996,2,41964996,NA,NA,NA,NA
S5_214505797,5,214505797,NA,NA,NA,NA
S2_120131489,2,120131489,NA,NA,NA,NA
S2_3072954,2,3072954,NA,NA,NA,NA
S2_60070478,2,60070478,NA,NA,NA,NA
S2_14207050,2,14207050,NA,NA,NA,NA
S6_106466890,6,106466890,NA,NA,NA,NA
S9_102214958,9,102214958,NA,NA,NA,NA
S2_181680923,2,181680923,NA,NA,NA,NA
S5_63277654,5,63277654,NA,NA,NA,NA
S5_159337306,5,159337306,NA,NA,NA,NA
S2_150015628,2,150015628,NA,NA,NA,NA
S7_142114210,7,142114210,NA,NA,NA,NA
S2_10388515,2,10388515,NA,NA,NA,NA
S8_116854203,8,116854203,NA,NA,NA,NA
S4_187771205,4,187771205,NA,NA,NA,NA
S9_129344383,9,129344383,NA,NA,NA,NA
S7_173181689,7,173181689,NA,NA,NA,NA
S2_189632575,2,189632575,NA,NA,NA,NA
S3_191836429,3,191836429,NA,NA,NA,NA
S3_9803011,3,9803011,NA,NA,NA,NA
S1_251171515,1,251171515,NA,NA,NA,NA
S10_145274281,10,145274281,NA,NA,NA,NA
S10_119759274,10,119759274,NA,NA,NA,NA
S7_171936475,7,171936475,NA,NA,NA,NA
S4_194316734,4,194316734,NA,NA,NA,NA
S4_194316762,4,194316762,NA,NA,NA,NA
S8_167602038,8,167602038,NA,NA,NA,NA
S3_136380366,3,136380366,NA,NA,NA,NA
S1_85832224,1,85832224,NA,NA,NA,NA
S9_130093144,9,130093144,NA,NA,NA,NA
S1_296770772,1,296770772,NA,NA,NA,NA
S5_170977717,5,170977717,NA,NA,NA,NA
S4_156953912,4,156953912,NA,NA,NA,NA
S9_144531658,9,144531658,NA,NA,NA,NA
S2_54631847,2,54631847,NA,NA,NA,NA
S8_13203626,8,13203626,NA,NA,NA,NA
S6_106068494,6,106068494,NA,NA,NA,NA
S8_165286357,8,165286357,NA,NA,NA,NA
S7_174440047,7,174440047,NA,NA,NA,NA
S8_8104071,8,8104071,NA,NA,NA,NA
S8_8104076,8,8104076,NA,NA,NA,NA
S10_1321628,10,1321628,NA,NA,NA,NA
S1_257184410,1,257184410,NA,NA,NA,NA
S6_142752196,6,142752196,NA,NA,NA,NA
S7_14908974,7,14908974,NA,NA,NA,NA
S3_166450820,3,166450820,NA,NA,NA,NA
S2_3875175,2,3875175,NA,NA,NA,NA
S3_25921664,3,25921664,NA,NA,NA,NA
S5_68399401,5,68399401,NA,NA,NA,NA
S2_17581254,2,17581254,NA,NA,NA,NA
S8_172812038,8,172812038,NA,NA,NA,NA
S6_85722366,6,85722366,NA,NA,NA,NA
S6_85722374,6,85722374,NA,NA,NA,NA
S3_138094751,3,138094751,NA,NA,NA,NA
S3_22958616,3,22958616,NA,NA,NA,NA
S3_137879981,3,137879981,NA,NA,NA,NA
S1_223214354,1,223214354,NA,NA,NA,NA
S5_57202705,5,57202705,NA,NA,NA,NA
S7_2962157,7,2962157,NA,NA,NA,NA
S6_58441439,6,58441439,NA,NA,NA,NA
S1_12519416,1,12519416,NA,NA,NA,NA
S2_16224590,2,16224590,NA,NA,NA,NA
S4_224880666,4,224880666,NA,NA,NA,NA
S4_224235099,4,224235099,NA,NA,NA,NA
S10_144684843,10,144684843,NA,NA,NA,NA
S1_7391404,1,7391404,NA,NA,NA,NA
S8_157753595,8,157753595,NA,NA,NA,NA
S6_1340883,6,1340883,NA,NA,NA,NA
S3_55307525,3,55307525,NA,NA,NA,NA
S2_196084647,2,196084647,NA,NA,NA,NA
S3_32401733,3,32401733,NA,NA,NA,NA
S5_85858763,5,85858763,NA,NA,NA,NA
S1_273299045,1,273299045,NA,NA,NA,NA
S3_56819851,3,56819851,NA,NA,NA,NA
S6_102969317,6,102969317,NA,NA,NA,NA
S10_144913800,10,144913800,NA,NA,NA,NA
S2_202728830,2,202728830,NA,NA,NA,NA
S9_154096952,9,154096952,NA,NA,NA,NA
S8_134730937,8,134730937,NA,NA,NA,NA
S1_264959998,1,264959998,NA,NA,NA,NA
S7_108789148,7,108789148,NA,NA,NA,NA
S5_16428112,5,16428112,NA,NA,NA,NA
S4_198561759,4,198561759,NA,NA,NA,NA
S1_282899897,1,282899897,NA,NA,NA,NA
S3_207139446,3,207139446,NA,NA,NA,NA
S3_207139455,3,207139455,NA,NA,NA,NA
S7_173251117,7,173251117,NA,NA,NA,NA
S5_213342094,5,213342094,NA,NA,NA,NA
S5_213342106,5,213342106,NA,NA,NA,NA
S5_198778085,5,198778085,NA,NA,NA,NA
S5_198778102,5,198778102,NA,NA,NA,NA
S1_291726780,1,291726780,NA,NA,NA,NA
S4_194341352,4,194341352,NA,NA,NA,NA
S2_1633766,2,1633766,NA,NA,NA,NA
S7_141127051,7,141127051,NA,NA,NA,NA
S3_35502435,3,35502435,NA,NA,NA,NA
S3_11397775,3,11397775,NA,NA,NA,NA
S4_32497838,4,32497838,NA,NA,NA,NA
S1_278649933,1,278649933,NA,NA,NA,NA
S4_152474617,4,152474617,NA,NA,NA,NA
S2_14715751,2,14715751,NA,NA,NA,NA
S9_131520433,9,131520433,NA,NA,NA,NA
S1_287290870,1,287290870,NA,NA,NA,NA
S10_134413689,10,134413689,NA,NA,NA,NA
S4_20546617,4,20546617,NA,NA,NA,NA
S4_78301530,4,78301530,NA,NA,NA,NA
S8_71060343,8,71060343,NA,NA,NA,NA
S9_31088094,9,31088094,NA,NA,NA,NA
S4_175741747,4,175741747,NA,NA,NA,NA
S4_127925630,4,127925630,NA,NA,NA,NA
S1_35136660,1,35136660,NA,NA,NA,NA
S8_77167893,8,77167893,NA,NA,NA,NA
S1_262171587,1,262171587,NA,NA,NA,NA
S2_14222452,2,14222452,NA,NA,NA,NA
S2_14222453,2,14222453,NA,NA,NA,NA
S8_170139777,8,170139777,NA,NA,NA,NA
S1_42472889,1,42472889,NA,NA,NA,NA
S7_171485553,7,171485553,NA,NA,NA,NA
S2_190158464,2,190158464,NA,NA,NA,NA
S1_287706148,1,287706148,NA,NA,NA,NA
S5_205145860,5,205145860,NA,NA,NA,NA
S8_159496511,8,159496511,NA,NA,NA,NA
S1_296848647,1,296848647,NA,NA,NA,NA
S4_172748560,4,172748560,NA,NA,NA,NA
S1_123767580,1,123767580,NA,NA,NA,NA
S6_9200467,6,9200467,NA,NA,NA,NA
S7_79098717,7,79098717,NA,NA,NA,NA
S6_59894762,6,59894762,NA,NA,NA,NA
S6_59894781,6,59894781,NA,NA,NA,NA
S6_59894784,6,59894784,NA,NA,NA,NA
S10_113832344,10,113832344,NA,NA,NA,NA
S3_88707211,3,88707211,NA,NA,NA,NA
S4_153922755,4,153922755,NA,NA,NA,NA
S6_67259428,6,67259428,NA,NA,NA,NA
S1_222304642,1,222304642,NA,NA,NA,NA
S1_251103511,1,251103511,NA,NA,NA,NA
S10_2647414,10,2647414,NA,NA,NA,NA
S4_9850118,4,9850118,NA,NA,NA,NA
S10_66956541,10,66956541,NA,NA,NA,NA
S2_196304082,2,196304082,NA,NA,NA,NA
S9_17969177,9,17969177,NA,NA,NA,NA
S5_199166481,5,199166481,NA,NA,NA,NA
S5_215021698,5,215021698,NA,NA,NA,NA
S1_66956060,1,66956060,NA,NA,NA,NA
S1_66956078,1,66956078,NA,NA,NA,NA
S1_180306713,1,180306713,NA,NA,NA,NA
S6_7156705,6,7156705,NA,NA,NA,NA
S8_4807276,8,4807276,NA,NA,NA,NA
S4_237317994,4,237317994,NA,NA,NA,NA
S6_159016193,6,159016193,NA,NA,NA,NA
S8_25726367,8,25726367,NA,NA,NA,NA
S5_193547859,5,193547859,NA,NA,NA,NA
S5_193547866,5,193547866,NA,NA,NA,NA
S9_102214996,9,102214996,NA,NA,NA,NA
S10_4614045,10,4614045,NA,NA,NA,NA
S5_163120356,5,163120356,NA,NA,NA,NA
S5_213178610,5,213178610,NA,NA,NA,NA
S6_5146082,6,5146082,NA,NA,NA,NA
S2_110086500,2,110086500,NA,NA,NA,NA
S4_169554490,4,169554490,NA,NA,NA,NA
S8_79127328,8,79127328,NA,NA,NA,NA
S8_79127355,8,79127355,NA,NA,NA,NA
S2_180176656,2,180176656,NA,NA,NA,NA
S4_80902723,4,80902723,NA,NA,NA,NA
S5_175465713,5,175465713,NA,NA,NA,NA
S4_198769706,4,198769706,NA,NA,NA,NA
S8_18231777,8,18231777,NA,NA,NA,NA
S4_17367013,4,17367013,NA,NA,NA,NA
S6_147061959,6,147061959,NA,NA,NA,NA
S1_275470664,1,275470664,NA,NA,NA,NA
S2_62740878,2,62740878,NA,NA,NA,NA
S4_42261413,4,42261413,NA,NA,NA,NA
S4_231205029,4,231205029,NA,NA,NA,NA
S1_253798878,1,253798878,NA,NA,NA,NA
S7_152948563,7,152948563,NA,NA,NA,NA
S3_199487559,3,199487559,NA,NA,NA,NA
S4_159642855,4,159642855,NA,NA,NA,NA
S8_158098981,8,158098981,NA,NA,NA,NA
S4_188193473,4,188193473,NA,NA,NA,NA
S1_258799299,1,258799299,NA,NA,NA,NA
S6_128524986,6,128524986,NA,NA,NA,NA
S6_128524991,6,128524991,NA,NA,NA,NA
S1_230178588,1,230178588,NA,NA,NA,NA
S8_166901198,8,166901198,NA,NA,NA,NA
S1_292086347,1,292086347,NA,NA,NA,NA
S4_52015142,4,52015142,NA,NA,NA,NA
S3_188926858,3,188926858,NA,NA,NA,NA
S2_203606160,2,203606160,NA,NA,NA,NA
S4_36306224,4,36306224,NA,NA,NA,NA
S4_36306256,4,36306256,NA,NA,NA,NA
S8_106235502,8,106235502,NA,NA,NA,NA
S10_71671897,10,71671897,NA,NA,NA,NA
S2_230887809,2,230887809,NA,NA,NA,NA
S1_68241305,1,68241305,NA,NA,NA,NA
S6_73858474,6,73858474,NA,NA,NA,NA
S10_140980854,10,140980854,NA,NA,NA,NA
S8_11662397,8,11662397,NA,NA,NA,NA
S1_281164025,1,281164025,NA,NA,NA,NA
S7_136373663,7,136373663,NA,NA,NA,NA
S9_122124627,9,122124627,NA,NA,NA,NA
S1_55503537,1,55503537,NA,NA,NA,NA
S10_137830921,10,137830921,NA,NA,NA,NA
S1_230936641,1,230936641,NA,NA,NA,NA
S5_171688317,5,171688317,NA,NA,NA,NA
S2_148722852,2,148722852,NA,NA,NA,NA
S10_36779602,10,36779602,NA,NA,NA,NA
S1_44343952,1,44343952,NA,NA,NA,NA
S4_189815129,4,189815129,NA,NA,NA,NA
S4_189815133,4,189815133,NA,NA,NA,NA
S5_131482931,5,131482931,NA,NA,NA,NA
S4_198181119,4,198181119,NA,NA,NA,NA
S3_14408461,3,14408461,NA,NA,NA,NA
S5_194560174,5,194560174,NA,NA,NA,NA
S8_163903760,8,163903760,NA,NA,NA,NA
S1_158691632,1,158691632,NA,NA,NA,NA
S2_44380141,2,44380141,NA,NA,NA,NA
S9_64623643,9,64623643,NA,NA,NA,NA
S1_237489413,1,237489413,NA,NA,NA,NA
S2_3875199,2,3875199,NA,NA,NA,NA
S3_169540035,3,169540035,NA,NA,NA,NA
S5_160656654,5,160656654,NA,NA,NA,NA
S5_14653857,5,14653857,NA,NA,NA,NA
S8_163617858,8,163617858,NA,NA,NA,NA
S9_136787013,9,136787013,NA,NA,NA,NA
S1_276308348,1,276308348,NA,NA,NA,NA
S3_201194828,3,201194828,NA,NA,NA,NA
S2_16124391,2,16124391,NA,NA,NA,NA
S6_164558115,6,164558115,NA,NA,NA,NA
S8_54543104,8,54543104,NA,NA,NA,NA
S4_221523945,4,221523945,NA,NA,NA,NA
S1_192731921,1,192731921,NA,NA,NA,NA
S1_290138418,1,290138418,NA,NA,NA,NA
S5_1843708,5,1843708,NA,NA,NA,NA
S1_150179745,1,150179745,NA,NA,NA,NA
S6_130008104,6,130008104,NA,NA,NA,NA
S5_6807099,5,6807099,NA,NA,NA,NA
S1_221379546,1,221379546,NA,NA,NA,NA
S5_161171289,5,161171289,NA,NA,NA,NA
S3_131050713,3,131050713,NA,NA,NA,NA
S3_131050722,3,131050722,NA,NA,NA,NA
S3_131050724,3,131050724,NA,NA,NA,NA
S6_4311998,6,4311998,NA,NA,NA,NA
S5_76385681,5,76385681,NA,NA,NA,NA
S9_149647489,9,149647489,NA,NA,NA,NA
S1_84924416,1,84924416,NA,NA,NA,NA
S10_134458205,10,134458205,NA,NA,NA,NA
S7_163671452,7,163671452,NA,NA,NA,NA
S4_231235117,4,231235117,NA,NA,NA,NA
S3_206610524,3,206610524,NA,NA,NA,NA
S3_206610525,3,206610525,NA,NA,NA,NA
S3_86197655,3,86197655,NA,NA,NA,NA
S1_38786946,1,38786946,NA,NA,NA,NA
S5_6140575,5,6140575,NA,NA,NA,NA
S8_21866871,8,21866871,NA,NA,NA,NA
S6_162133526,6,162133526,NA,NA,NA,NA
S3_176511852,3,176511852,NA,NA,NA,NA
S3_176511855,3,176511855,NA,NA,NA,NA
S3_176511882,3,176511882,NA,NA,NA,NA
S2_28311557,2,28311557,NA,NA,NA,NA
S6_129473712,6,129473712,NA,NA,NA,NA
S2_144984452,2,144984452,NA,NA,NA,NA
S1_258386943,1,258386943,NA,NA,NA,NA
S3_23077265,3,23077265,NA,NA,NA,NA
S1_202169556,1,202169556,NA,NA,NA,NA
S5_180370672,5,180370672,NA,NA,NA,NA
S1_22069444,1,22069444,NA,NA,NA,NA
S3_226806751,3,226806751,NA,NA,NA,NA
S9_145177976,9,145177976,NA,NA,NA,NA
S4_116187897,4,116187897,NA,NA,NA,NA
S3_187932371,3,187932371,NA,NA,NA,NA
S7_170620562,7,170620562,NA,NA,NA,NA
S2_13280906,2,13280906,NA,NA,NA,NA
S5_199166443,5,199166443,NA,NA,NA,NA
S4_39544019,4,39544019,NA,NA,NA,NA
S3_48300350,3,48300350,NA,NA,NA,NA
S8_132878182,8,132878182,NA,NA,NA,NA
S6_105538678,6,105538678,NA,NA,NA,NA
S7_171789384,7,171789384,NA,NA,NA,NA
S3_217895070,3,217895070,NA,NA,NA,NA
S9_99759566,9,99759566,NA,NA,NA,NA
S1_23424259,1,23424259,NA,NA,NA,NA
S9_99671629,9,99671629,NA,NA,NA,NA
S1_155676254,1,155676254,NA,NA,NA,NA
S4_184677017,4,184677017,NA,NA,NA,NA
S2_66713097,2,66713097,NA,NA,NA,NA
S8_155359811,8,155359811,NA,NA,NA,NA
S6_155650819,6,155650819,NA,NA,NA,NA
S3_208046283,3,208046283,NA,NA,NA,NA
S10_82205111,10,82205111,NA,NA,NA,NA
S6_3677855,6,3677855,NA,NA,NA,NA
S4_223516068,4,223516068,NA,NA,NA,NA
S6_168435561,6,168435561,NA,NA,NA,NA
S6_168435576,6,168435576,NA,NA,NA,NA
S6_147727412,6,147727412,NA,NA,NA,NA
S3_92263031,3,92263031,NA,NA,NA,NA
S5_18276955,5,18276955,NA,NA,NA,NA
S9_129277973,9,129277973,NA,NA,NA,NA
S1_259210821,1,259210821,NA,NA,NA,NA
S8_37765065,8,37765065,NA,NA,NA,NA
S7_140691376,7,140691376,NA,NA,NA,NA
S5_919911,5,919911,NA,NA,NA,NA
S1_88965852,1,88965852,NA,NA,NA,NA
S10_117573562,10,117573562,NA,NA,NA,NA
S5_5253265,5,5253265,NA,NA,NA,NA
S1_279120220,1,279120220,NA,NA,NA,NA
S6_87402849,6,87402849,NA,NA,NA,NA
S3_19256889,3,19256889,NA,NA,NA,NA
S2_160802407,2,160802407,NA,NA,NA,NA
S8_69130177,8,69130177,NA,NA,NA,NA
S1_187590510,1,187590510,NA,NA,NA,NA
S8_113874003,8,113874003,NA,NA,NA,NA
S2_45989971,2,45989971,NA,NA,NA,NA
S2_4187289,2,4187289,NA,NA,NA,NA
S4_31674581,4,31674581,NA,NA,NA,NA
S4_31674584,4,31674584,NA,NA,NA,NA
S9_82734429,9,82734429,NA,NA,NA,NA
S7_122921233,7,122921233,NA,NA,NA,NA
S6_8142468,6,8142468,NA,NA,NA,NA
S10_90244975,10,90244975,NA,NA,NA,NA
S6_31708427,6,31708427,NA,NA,NA,NA
S8_120050662,8,120050662,NA,NA,NA,NA
S1_262392339,1,262392339,NA,NA,NA,NA
S8_168944299,8,168944299,NA,NA,NA,NA
S8_152141431,8,152141431,NA,NA,NA,NA
S6_74603964,6,74603964,NA,NA,NA,NA
S4_184783098,4,184783098,NA,NA,NA,NA
S7_2176098,7,2176098,NA,NA,NA,NA
S5_214060931,5,214060931,NA,NA,NA,NA
S2_13594203,2,13594203,NA,NA,NA,NA
S6_151793602,6,151793602,NA,NA,NA,NA
S1_295548498,1,295548498,NA,NA,NA,NA
S2_202423652,2,202423652,NA,NA,NA,NA
S4_227273225,4,227273225,NA,NA,NA,NA
S8_170210600,8,170210600,NA,NA,NA,NA
S8_164859796,8,164859796,NA,NA,NA,NA
S9_150243379,9,150243379,NA,NA,NA,NA
S1_25449597,1,25449597,NA,NA,NA,NA
S10_16031237,10,16031237,NA,NA,NA,NA
S8_129496483,8,129496483,NA,NA,NA,NA
S3_19083789,3,19083789,NA,NA,NA,NA
S5_814316,5,814316,NA,NA,NA,NA
S1_164509072,1,164509072,NA,NA,NA,NA
S5_163979814,5,163979814,NA,NA,NA,NA
S5_163979821,5,163979821,NA,NA,NA,NA
S3_169044088,3,169044088,NA,NA,NA,NA
S2_175628984,2,175628984,NA,NA,NA,NA
S2_31590863,2,31590863,NA,NA,NA,NA
S8_171597503,8,171597503,NA,NA,NA,NA
S4_80073630,4,80073630,NA,NA,NA,NA
S2_6634539,2,6634539,NA,NA,NA,NA
S7_127249125,7,127249125,NA,NA,NA,NA
S8_164772139,8,164772139,NA,NA,NA,NA
S6_150886677,6,150886677,NA,NA,NA,NA
S7_152354265,7,152354265,NA,NA,NA,NA
S1_36831706,1,36831706,NA,NA,NA,NA
S9_119711095,9,119711095,NA,NA,NA,NA
S2_4514069,2,4514069,NA,NA,NA,NA
S6_112349500,6,112349500,NA,NA,NA,NA
S1_39747877,1,39747877,NA,NA,NA,NA
S4_166924890,4,166924890,NA,NA,NA,NA
S4_158865690,4,158865690,NA,NA,NA,NA
S4_158865691,4,158865691,NA,NA,NA,NA
S3_214902774,3,214902774,NA,NA,NA,NA
S4_154997548,4,154997548,NA,NA,NA,NA
S7_104759773,7,104759773,NA,NA,NA,NA
S4_225732545,4,225732545,NA,NA,NA,NA
S9_155720962,9,155720962,NA,NA,NA,NA
S10_140984721,10,140984721,NA,NA,NA,NA
S9_1447907,9,1447907,NA,NA,NA,NA
S2_208974622,2,208974622,NA,NA,NA,NA
S1_292078249,1,292078249,NA,NA,NA,NA
S8_85309832,8,85309832,NA,NA,NA,NA
S8_85309836,8,85309836,NA,NA,NA,NA
S3_141444467,3,141444467,NA,NA,NA,NA
S2_4166875,2,4166875,NA,NA,NA,NA
S7_120353776,7,120353776,NA,NA,NA,NA
S7_106653155,7,106653155,NA,NA,NA,NA
S2_199590951,2,199590951,NA,NA,NA,NA
S10_80912500,10,80912500,NA,NA,NA,NA
S6_153770504,6,153770504,NA,NA,NA,NA
S6_153770505,6,153770505,NA,NA,NA,NA
S2_56924044,2,56924044,NA,NA,NA,NA
S5_33645994,5,33645994,NA,NA,NA,NA
S8_70550350,8,70550350,NA,NA,NA,NA
S1_198733609,1,198733609,NA,NA,NA,NA
S1_198733628,1,198733628,NA,NA,NA,NA
S1_5590865,1,5590865,NA,NA,NA,NA
S3_212022870,3,212022870,NA,NA,NA,NA
S7_13980372,7,13980372,NA,NA,NA,NA
S4_66732444,4,66732444,NA,NA,NA,NA
S8_63537498,8,63537498,NA,NA,NA,NA
S2_220060843,2,220060843,NA,NA,NA,NA
S1_258928954,1,258928954,NA,NA,NA,NA
S4_188209976,4,188209976,NA,NA,NA,NA
S1_46555207,1,46555207,NA,NA,NA,NA
S10_144684842,10,144684842,NA,NA,NA,NA
S8_22361715,8,22361715,NA,NA,NA,NA
S5_80973086,5,80973086,NA,NA,NA,NA
S1_229206263,1,229206263,NA,NA,NA,NA
S1_32580172,1,32580172,NA,NA,NA,NA
S3_86197086,3,86197086,NA,NA,NA,NA
S9_139745486,9,139745486,NA,NA,NA,NA
S3_228374771,3,228374771,NA,NA,NA,NA
S4_131770294,4,131770294,NA,NA,NA,NA
S3_228987622,3,228987622,NA,NA,NA,NA
S1_230200823,1,230200823,NA,NA,NA,NA
S7_23234938,7,23234938,NA,NA,NA,NA
S3_13484412,3,13484412,NA,NA,NA,NA
S7_15277504,7,15277504,NA,NA,NA,NA
S3_212009890,3,212009890,NA,NA,NA,NA
S2_222705598,2,222705598,NA,NA,NA,NA
S2_62740939,2,62740939,NA,NA,NA,NA
S2_62740952,2,62740952,NA,NA,NA,NA
S5_21877573,5,21877573,NA,NA,NA,NA
S4_24422540,4,24422540,NA,NA,NA,NA
S9_139513822,9,139513822,NA,NA,NA,NA
S1_12209889,1,12209889,NA,NA,NA,NA
S2_17610902,2,17610902,NA,NA,NA,NA
S1_95088990,1,95088990,NA,NA,NA,NA
S5_60453512,5,60453512,NA,NA,NA,NA
S5_210885557,5,210885557,NA,NA,NA,NA
S9_153188453,9,153188453,NA,NA,NA,NA
S1_5634445,1,5634445,NA,NA,NA,NA
S2_178382760,2,178382760,NA,NA,NA,NA
S1_105462321,1,105462321,NA,NA,NA,NA
S3_169031546,3,169031546,NA,NA,NA,NA
S7_139724872,7,139724872,NA,NA,NA,NA
S10_143499765,10,143499765,NA,NA,NA,NA
S8_4807282,8,4807282,NA,NA,NA,NA
S7_4076660,7,4076660,NA,NA,NA,NA
S4_146134436,4,146134436,NA,NA,NA,NA
S3_212022847,3,212022847,NA,NA,NA,NA
S1_92512226,1,92512226,NA,NA,NA,NA
S6_76876837,6,76876837,NA,NA,NA,NA
S2_12890277,2,12890277,NA,NA,NA,NA
S8_131340845,8,131340845,NA,NA,NA,NA
S4_234908655,4,234908655,NA,NA,NA,NA
S1_293646493,1,293646493,NA,NA,NA,NA
S7_165946383,7,165946383,NA,NA,NA,NA
S7_165946384,7,165946384,NA,NA,NA,NA
S8_167780359,8,167780359,NA,NA,NA,NA
S6_141684018,6,141684018,NA,NA,NA,NA
S10_14726560,10,14726560,NA,NA,NA,NA
S1_208762507,1,208762507,NA,NA,NA,NA
S7_121191933,7,121191933,NA,NA,NA,NA
S1_298410668,1,298410668,NA,NA,NA,NA
S6_7173418,6,7173418,NA,NA,NA,NA
S6_7173383,6,7173383,NA,NA,NA,NA
S5_173810216,5,173810216,NA,NA,NA,NA
S5_93023851,5,93023851,NA,NA,NA,NA
S1_29519558,1,29519558,NA,NA,NA,NA
S3_177446053,3,177446053,NA,NA,NA,NA
S6_96919789,6,96919789,NA,NA,NA,NA
S6_96919792,6,96919792,NA,NA,NA,NA
S1_25387691,1,25387691,NA,NA,NA,NA
S6_99770682,6,99770682,NA,NA,NA,NA
S4_159995595,4,159995595,NA,NA,NA,NA
S8_165286045,8,165286045,NA,NA,NA,NA
S5_15800957,5,15800957,NA,NA,NA,NA
S3_133183792,3,133183792,NA,NA,NA,NA
S4_7174809,4,7174809,NA,NA,NA,NA
S8_127721039,8,127721039,NA,NA,NA,NA
S9_20745954,9,20745954,NA,NA,NA,NA
S7_169202532,7,169202532,NA,NA,NA,NA
S1_32308654,1,32308654,NA,NA,NA,NA
S4_168739494,4,168739494,NA,NA,NA,NA
S5_178476409,5,178476409,NA,NA,NA,NA
S3_122075726,3,122075726,NA,NA,NA,NA
S6_34890467,6,34890467,NA,NA,NA,NA
S1_222981221,1,222981221,NA,NA,NA,NA
S2_72206272,2,72206272,NA,NA,NA,NA
S3_172522616,3,172522616,NA,NA,NA,NA
S4_183216446,4,183216446,NA,NA,NA,NA
S3_167004867,3,167004867,NA,NA,NA,NA
S4_50155655,4,50155655,NA,NA,NA,NA
S8_122409979,8,122409979,NA,NA,NA,NA
S6_120692670,6,120692670,NA,NA,NA,NA
S3_11397764,3,11397764,NA,NA,NA,NA
S7_161950630,7,161950630,NA,NA,NA,NA
S1_25187529,1,25187529,NA,NA,NA,NA
S7_101123945,7,101123945,NA,NA,NA,NA
S6_147911256,6,147911256,NA,NA,NA,NA
S10_120793066,10,120793066,NA,NA,NA,NA
S5_16897491,5,16897491,NA,NA,NA,NA
S7_1293685,7,1293685,NA,NA,NA,NA
S1_263733784,1,263733784,NA,NA,NA,NA
S2_21631456,2,21631456,NA,NA,NA,NA
S9_104630795,9,104630795,NA,NA,NA,NA
S7_5108490,7,5108490,NA,NA,NA,NA
S2_86821518,2,86821518,NA,NA,NA,NA
S4_181258508,4,181258508,NA,NA,NA,NA
S1_28862233,1,28862233,NA,NA,NA,NA
S3_225204965,3,225204965,NA,NA,NA,NA
S1_7601919,1,7601919,NA,NA,NA,NA
S4_197370067,4,197370067,NA,NA,NA,NA
S5_23874209,5,23874209,NA,NA,NA,NA
S10_86706895,10,86706895,NA,NA,NA,NA
S10_98499768,10,98499768,NA,NA,NA,NA
S10_98499770,10,98499770,NA,NA,NA,NA
S10_98499771,10,98499771,NA,NA,NA,NA
S10_98499772,10,98499772,NA,NA,NA,NA
S10_98499773,10,98499773,NA,NA,NA,NA
S10_98499775,10,98499775,NA,NA,NA,NA
S1_211257467,1,211257467,NA,NA,NA,NA
S10_6861493,10,6861493,NA,NA,NA,NA
S9_122831117,9,122831117,NA,NA,NA,NA
S3_145489637,3,145489637,NA,NA,NA,NA
S10_3191226,10,3191226,NA,NA,NA,NA
S4_215959187,4,215959187,NA,NA,NA,NA
S2_208537110,2,208537110,NA,NA,NA,NA
S2_23134531,2,23134531,NA,NA,NA,NA
S8_144458353,8,144458353,NA,NA,NA,NA
S1_46411699,1,46411699,NA,NA,NA,NA
S7_108481565,7,108481565,NA,NA,NA,NA
S5_54415632,5,54415632,NA,NA,NA,NA
S4_62224976,4,62224976,NA,NA,NA,NA
S1_300279179,1,300279179,NA,NA,NA,NA
S2_165618357,2,165618357,NA,NA,NA,NA
S2_209491738,2,209491738,NA,NA,NA,NA
S5_7587461,5,7587461,NA,NA,NA,NA
S6_104109961,6,104109961,NA,NA,NA,NA
S2_233632816,2,233632816,NA,NA,NA,NA
S4_231138638,4,231138638,NA,NA,NA,NA
S4_188704932,4,188704932,NA,NA,NA,NA
S4_226067862,4,226067862,NA,NA,NA,NA
S6_144849290,6,144849290,NA,NA,NA,NA
S5_67563322,5,67563322,NA,NA,NA,NA
S1_18978076,1,18978076,NA,NA,NA,NA
S7_131437618,7,131437618,NA,NA,NA,NA
S2_188405882,2,188405882,NA,NA,NA,NA
S3_228374208,3,228374208,NA,NA,NA,NA
S4_130031697,4,130031697,NA,NA,NA,NA
S8_106236376,8,106236376,NA,NA,NA,NA
S1_14166621,1,14166621,NA,NA,NA,NA
S8_161903338,8,161903338,NA,NA,NA,NA
S8_136396412,8,136396412,NA,NA,NA,NA
S2_76165247,2,76165247,NA,NA,NA,NA
S2_76165248,2,76165248,NA,NA,NA,NA
S2_76165249,2,76165249,NA,NA,NA,NA
S2_76165257,2,76165257,NA,NA,NA,NA
S2_76165274,2,76165274,NA,NA,NA,NA
S4_220655484,4,220655484,NA,NA,NA,NA
S4_16979562,4,16979562,NA,NA,NA,NA
S5_175624421,5,175624421,NA,NA,NA,NA
S5_175624465,5,175624465,NA,NA,NA,NA
S4_178571821,4,178571821,NA,NA,NA,NA
S1_34970442,1,34970442,NA,NA,NA,NA
S5_17340680,5,17340680,NA,NA,NA,NA
S5_17340689,5,17340689,NA,NA,NA,NA
S1_100824460,1,100824460,NA,NA,NA,NA
S2_230941918,2,230941918,NA,NA,NA,NA
S1_75958901,1,75958901,NA,NA,NA,NA
S5_67401054,5,67401054,NA,NA,NA,NA
S7_47599452,7,47599452,NA,NA,NA,NA
S5_7702461,5,7702461,NA,NA,NA,NA
S2_2822213,2,2822213,NA,NA,NA,NA
S1_290200984,1,290200984,NA,NA,NA,NA
S10_141252292,10,141252292,NA,NA,NA,NA
S7_168922058,7,168922058,NA,NA,NA,NA
S3_204582759,3,204582759,NA,NA,NA,NA
S7_166959054,7,166959054,NA,NA,NA,NA
S2_4212301,2,4212301,NA,NA,NA,NA
S10_1348970,10,1348970,NA,NA,NA,NA
S2_70331360,2,70331360,NA,NA,NA,NA
S3_219195254,3,219195254,NA,NA,NA,NA
S5_41410913,5,41410913,NA,NA,NA,NA
S3_164974406,3,164974406,NA,NA,NA,NA
S3_171711133,3,171711133,NA,NA,NA,NA
S1_202550291,1,202550291,NA,NA,NA,NA
S6_155739498,6,155739498,NA,NA,NA,NA
S7_171933622,7,171933622,NA,NA,NA,NA
S2_24558700,2,24558700,NA,NA,NA,NA
S7_159759804,7,159759804,NA,NA,NA,NA
S8_14594553,8,14594553,NA,NA,NA,NA
S10_148517097,10,148517097,NA,NA,NA,NA
S2_203529956,2,203529956,NA,NA,NA,NA
S9_119769604,9,119769604,NA,NA,NA,NA
S7_125102868,7,125102868,NA,NA,NA,NA
S2_183560749,2,183560749,NA,NA,NA,NA
S1_8113222,1,8113222,NA,NA,NA,NA
S9_21721916,9,21721916,NA,NA,NA,NA
S6_165558580,6,165558580,NA,NA,NA,NA
S5_6333578,5,6333578,NA,NA,NA,NA
S4_79005980,4,79005980,NA,NA,NA,NA
S4_79005988,4,79005988,NA,NA,NA,NA
S10_113924793,10,113924793,NA,NA,NA,NA
S7_157579993,7,157579993,NA,NA,NA,NA
S7_134039513,7,134039513,NA,NA,NA,NA
S5_185668456,5,185668456,NA,NA,NA,NA
S6_153234242,6,153234242,NA,NA,NA,NA
S3_178003025,3,178003025,NA,NA,NA,NA
S10_135482633,10,135482633,NA,NA,NA,NA
S3_131330627,3,131330627,NA,NA,NA,NA
S4_202761081,4,202761081,NA,NA,NA,NA
S6_129436493,6,129436493,NA,NA,NA,NA
S6_95070004,6,95070004,NA,NA,NA,NA
S1_71024163,1,71024163,NA,NA,NA,NA
S5_82953592,5,82953592,NA,NA,NA,NA
S7_124219564,7,124219564,NA,NA,NA,NA
S7_94646243,7,94646243,NA,NA,NA,NA
S2_15993094,2,15993094,NA,NA,NA,NA
S2_17610857,2,17610857,NA,NA,NA,NA
S5_210415889,5,210415889,NA,NA,NA,NA
S6_123307732,6,123307732,NA,NA,NA,NA
S1_91460610,1,91460610,NA,NA,NA,NA
S7_958428,7,958428,NA,NA,NA,NA
S8_140183461,8,140183461,NA,NA,NA,NA
S3_178182369,3,178182369,NA,NA,NA,NA
S1_256669820,1,256669820,NA,NA,NA,NA
S6_154173585,6,154173585,NA,NA,NA,NA
S6_154173590,6,154173590,NA,NA,NA,NA
S1_88965520,1,88965520,NA,NA,NA,NA
S5_67182420,5,67182420,NA,NA,NA,NA
S5_61527284,5,61527284,NA,NA,NA,NA
S1_208097421,1,208097421,NA,NA,NA,NA
S1_265746917,1,265746917,NA,NA,NA,NA
S1_288696440,1,288696440,NA,NA,NA,NA
S5_1062275,5,1062275,NA,NA,NA,NA
S2_109001252,2,109001252,NA,NA,NA,NA
S3_197385447,3,197385447,NA,NA,NA,NA
S8_164042656,8,164042656,NA,NA,NA,NA
S3_149314178,3,149314178,NA,NA,NA,NA
S1_287584730,1,287584730,NA,NA,NA,NA
S5_31135402,5,31135402,NA,NA,NA,NA
S8_155080167,8,155080167,NA,NA,NA,NA
S8_155080176,8,155080176,NA,NA,NA,NA
S10_138018807,10,138018807,NA,NA,NA,NA
S5_29809776,5,29809776,NA,NA,NA,NA
S5_29809777,5,29809777,NA,NA,NA,NA
S5_29809791,5,29809791,NA,NA,NA,NA
S5_159331033,5,159331033,NA,NA,NA,NA
S8_119036834,8,119036834,NA,NA,NA,NA
S2_233597694,2,233597694,NA,NA,NA,NA
S6_95327085,6,95327085,NA,NA,NA,NA
S8_14390220,8,14390220,NA,NA,NA,NA
S7_173963169,7,173963169,NA,NA,NA,NA
S3_226819522,3,226819522,NA,NA,NA,NA
S4_34801277,4,34801277,NA,NA,NA,NA
S5_194170180,5,194170180,NA,NA,NA,NA
S1_11476884,1,11476884,NA,NA,NA,NA
S3_194674207,3,194674207,NA,NA,NA,NA
S9_114980826,9,114980826,NA,NA,NA,NA
S9_100789123,9,100789123,NA,NA,NA,NA
S3_167012412,3,167012412,NA,NA,NA,NA
S2_5682678,2,5682678,NA,NA,NA,NA
S4_16213189,4,16213189,NA,NA,NA,NA
S5_168845343,5,168845343,NA,NA,NA,NA
S1_245310763,1,245310763,NA,NA,NA,NA
S3_227048498,3,227048498,NA,NA,NA,NA
S7_98245184,7,98245184,NA,NA,NA,NA
S5_56423558,5,56423558,NA,NA,NA,NA
S2_202644626,2,202644626,NA,NA,NA,NA
S10_147405087,10,147405087,NA,NA,NA,NA
S3_9043688,3,9043688,NA,NA,NA,NA
S3_206610535,3,206610535,NA,NA,NA,NA
S5_20188246,5,20188246,NA,NA,NA,NA
S8_73850523,8,73850523,NA,NA,NA,NA
S5_191086354,5,191086354,NA,NA,NA,NA
S1_201638305,1,201638305,NA,NA,NA,NA
S2_71147296,2,71147296,NA,NA,NA,NA
S4_154381878,4,154381878,NA,NA,NA,NA
S10_85745379,10,85745379,NA,NA,NA,NA
S2_194487428,2,194487428,NA,NA,NA,NA
S1_278034417,1,278034417,NA,NA,NA,NA
S7_166556734,7,166556734,NA,NA,NA,NA
S5_62028347,5,62028347,NA,NA,NA,NA
S6_148780896,6,148780896,NA,NA,NA,NA
S1_32998056,1,32998056,NA,NA,NA,NA
S8_159950903,8,159950903,NA,NA,NA,NA
S8_1889539,8,1889539,NA,NA,NA,NA
S5_211179378,5,211179378,NA,NA,NA,NA
S7_14606215,7,14606215,NA,NA,NA,NA
S5_6434451,5,6434451,NA,NA,NA,NA
S1_10582770,1,10582770,NA,NA,NA,NA
S10_126893460,10,126893460,NA,NA,NA,NA
S1_213537822,1,213537822,NA,NA,NA,NA
S5_8350132,5,8350132,NA,NA,NA,NA
S10_81827804,10,81827804,NA,NA,NA,NA
S2_222219949,2,222219949,NA,NA,NA,NA
S9_128653280,9,128653280,NA,NA,NA,NA
S5_1572657,5,1572657,NA,NA,NA,NA
S1_234771472,1,234771472,NA,NA,NA,NA
S8_73895580,8,73895580,NA,NA,NA,NA
S1_28765262,1,28765262,NA,NA,NA,NA
S3_175692108,3,175692108,NA,NA,NA,NA
S2_196527927,2,196527927,NA,NA,NA,NA
S7_100403926,7,100403926,NA,NA,NA,NA
S5_211530369,5,211530369,NA,NA,NA,NA
S1_253720139,1,253720139,NA,NA,NA,NA
S4_198769718,4,198769718,NA,NA,NA,NA
S3_201230339,3,201230339,NA,NA,NA,NA
S7_9363853,7,9363853,NA,NA,NA,NA
S7_175209610,7,175209610,NA,NA,NA,NA
S7_15329037,7,15329037,NA,NA,NA,NA
S1_12146738,1,12146738,NA,NA,NA,NA
S5_17379821,5,17379821,NA,NA,NA,NA
S2_40067781,2,40067781,NA,NA,NA,NA
S4_216002165,4,216002165,NA,NA,NA,NA
S4_198812958,4,198812958,NA,NA,NA,NA
S1_6850821,1,6850821,NA,NA,NA,NA
S1_164089313,1,164089313,NA,NA,NA,NA
S2_29333814,2,29333814,NA,NA,NA,NA
S10_144727374,10,144727374,NA,NA,NA,NA
S8_105104740,8,105104740,NA,NA,NA,NA
S4_84082872,4,84082872,NA,NA,NA,NA
S8_139344841,8,139344841,NA,NA,NA,NA
S5_5212951,5,5212951,NA,NA,NA,NA
S4_175276247,4,175276247,NA,NA,NA,NA
S7_130931606,7,130931606,NA,NA,NA,NA
S9_77307438,9,77307438,NA,NA,NA,NA
S10_33617253,10,33617253,NA,NA,NA,NA
S1_47599637,1,47599637,NA,NA,NA,NA
S8_4360478,8,4360478,NA,NA,NA,NA
S10_133703892,10,133703892,NA,NA,NA,NA
S10_133703893,10,133703893,NA,NA,NA,NA
S6_137414838,6,137414838,NA,NA,NA,NA
S5_23572825,5,23572825,NA,NA,NA,NA
S3_154250438,3,154250438,NA,NA,NA,NA
S7_19055773,7,19055773,NA,NA,NA,NA
S5_197606979,5,197606979,NA,NA,NA,NA
S2_15993082,2,15993082,NA,NA,NA,NA
S1_32228326,1,32228326,NA,NA,NA,NA
S1_8741661,1,8741661,NA,NA,NA,NA
S1_6534767,1,6534767,NA,NA,NA,NA
S2_220751668,2,220751668,NA,NA,NA,NA
S5_25400156,5,25400156,NA,NA,NA,NA
S3_86197180,3,86197180,NA,NA,NA,NA
S2_191781674,2,191781674,NA,NA,NA,NA
S6_111971264,6,111971264,NA,NA,NA,NA
S6_3285486,6,3285486,NA,NA,NA,NA
S8_101959098,8,101959098,NA,NA,NA,NA
S7_160065699,7,160065699,NA,NA,NA,NA
S3_127306654,3,127306654,NA,NA,NA,NA
S4_229316511,4,229316511,NA,NA,NA,NA
S3_175957779,3,175957779,NA,NA,NA,NA
S1_75630779,1,75630779,NA,NA,NA,NA
S8_16268728,8,16268728,NA,NA,NA,NA
S2_44474109,2,44474109,NA,NA,NA,NA
S10_80048217,10,80048217,NA,NA,NA,NA
S10_10140620,10,10140620,NA,NA,NA,NA
S6_124300712,6,124300712,NA,NA,NA,NA
S7_41459653,7,41459653,NA,NA,NA,NA
S1_252631391,1,252631391,NA,NA,NA,NA
S5_215016591,5,215016591,NA,NA,NA,NA
S6_87676276,6,87676276,NA,NA,NA,NA
S2_187276815,2,187276815,NA,NA,NA,NA
S1_271627591,1,271627591,NA,NA,NA,NA
S1_55075252,1,55075252,NA,NA,NA,NA
S5_4670254,5,4670254,NA,NA,NA,NA
S10_143169863,10,143169863,NA,NA,NA,NA
S6_97857424,6,97857424,NA,NA,NA,NA
S6_107755527,6,107755527,NA,NA,NA,NA
S4_178380448,4,178380448,NA,NA,NA,NA
S2_183296492,2,183296492,NA,NA,NA,NA
S10_98499744,10,98499744,NA,NA,NA,NA
S3_164974413,3,164974413,NA,NA,NA,NA
S8_109263873,8,109263873,NA,NA,NA,NA
S9_77700762,9,77700762,NA,NA,NA,NA
S3_2218728,3,2218728,NA,NA,NA,NA
S3_219691527,3,219691527,NA,NA,NA,NA
S3_157018077,3,157018077,NA,NA,NA,NA
S2_197009322,2,197009322,NA,NA,NA,NA
S5_212169498,5,212169498,NA,NA,NA,NA
S3_188331298,3,188331298,NA,NA,NA,NA
S1_2801547,1,2801547,NA,NA,NA,NA
S1_220828075,1,220828075,NA,NA,NA,NA
S1_211520886,1,211520886,NA,NA,NA,NA
S8_36506110,8,36506110,NA,NA,NA,NA
S5_19887174,5,19887174,NA,NA,NA,NA
S2_223030323,2,223030323,NA,NA,NA,NA
S8_123614742,8,123614742,NA,NA,NA,NA
S7_167627545,7,167627545,NA,NA,NA,NA
S4_194316735,4,194316735,NA,NA,NA,NA
S4_194316743,4,194316743,NA,NA,NA,NA
S3_156964651,3,156964651,NA,NA,NA,NA
S3_122515105,3,122515105,NA,NA,NA,NA
S3_35498654,3,35498654,NA,NA,NA,NA
S5_7853185,5,7853185,NA,NA,NA,NA
S9_88927004,9,88927004,NA,NA,NA,NA
S8_167381169,8,167381169,NA,NA,NA,NA
S6_99884654,6,99884654,NA,NA,NA,NA
S3_58480638,3,58480638,NA,NA,NA,NA
S5_55216464,5,55216464,NA,NA,NA,NA
S7_175206706,7,175206706,NA,NA,NA,NA
S6_147140392,6,147140392,NA,NA,NA,NA
S5_152830368,5,152830368,NA,NA,NA,NA
S6_99884588,6,99884588,NA,NA,NA,NA
S1_46411700,1,46411700,NA,NA,NA,NA
S3_212691780,3,212691780,NA,NA,NA,NA
S1_77141074,1,77141074,NA,NA,NA,NA
S9_25809284,9,25809284,NA,NA,NA,NA
S2_841082,2,841082,NA,NA,NA,NA
S2_841083,2,841083,NA,NA,NA,NA
S2_841086,2,841086,NA,NA,NA,NA
S7_139724901,7,139724901,NA,NA,NA,NA
S10_139977207,10,139977207,NA,NA,NA,NA
S2_209263597,2,209263597,NA,NA,NA,NA
S5_20597461,5,20597461,NA,NA,NA,NA
S5_72699162,5,72699162,NA,NA,NA,NA
S3_172138454,3,172138454,NA,NA,NA,NA
S3_172138459,3,172138459,NA,NA,NA,NA
S2_147311042,2,147311042,NA,NA,NA,NA
S1_290306148,1,290306148,NA,NA,NA,NA
S3_202834896,3,202834896,NA,NA,NA,NA
S5_210870208,5,210870208,NA,NA,NA,NA
S1_6220288,1,6220288,NA,NA,NA,NA
S1_6220289,1,6220289,NA,NA,NA,NA
S7_139724362,7,139724362,NA,NA,NA,NA
S10_85393972,10,85393972,NA,NA,NA,NA
S1_205531311,1,205531311,NA,NA,NA,NA
S3_217633439,3,217633439,NA,NA,NA,NA
S8_173409556,8,173409556,NA,NA,NA,NA
S3_202836307,3,202836307,NA,NA,NA,NA
S9_126447435,9,126447435,NA,NA,NA,NA
S2_41899571,2,41899571,NA,NA,NA,NA
S10_126307332,10,126307332,NA,NA,NA,NA
S8_169533226,8,169533226,NA,NA,NA,NA
S5_205825166,5,205825166,NA,NA,NA,NA
S3_202137771,3,202137771,NA,NA,NA,NA
S8_28162610,8,28162610,NA,NA,NA,NA
S4_37321748,4,37321748,NA,NA,NA,NA
S3_212178741,3,212178741,NA,NA,NA,NA
S9_79119949,9,79119949,NA,NA,NA,NA
S4_9485622,4,9485622,NA,NA,NA,NA
S8_161398192,8,161398192,NA,NA,NA,NA
S2_195541162,2,195541162,NA,NA,NA,NA
S9_141479743,9,141479743,NA,NA,NA,NA
S10_114488432,10,114488432,NA,NA,NA,NA
S3_178730031,3,178730031,NA,NA,NA,NA
S3_178730064,3,178730064,NA,NA,NA,NA
S5_145490631,5,145490631,NA,NA,NA,NA
S10_129586266,10,129586266,NA,NA,NA,NA
S10_129586269,10,129586269,NA,NA,NA,NA
S10_129586273,10,129586273,NA,NA,NA,NA
S5_213106990,5,213106990,NA,NA,NA,NA
S2_180661114,2,180661114,NA,NA,NA,NA
S2_232528329,2,232528329,NA,NA,NA,NA
S6_156921441,6,156921441,NA,NA,NA,NA
S8_134080585,8,134080585,NA,NA,NA,NA
S2_22608747,2,22608747,NA,NA,NA,NA
S3_138094744,3,138094744,NA,NA,NA,NA
S4_173629115,4,173629115,NA,NA,NA,NA
S3_29652372,3,29652372,NA,NA,NA,NA
S4_236367244,4,236367244,NA,NA,NA,NA
S5_77994061,5,77994061,NA,NA,NA,NA
S1_24739938,1,24739938,NA,NA,NA,NA
S1_24739948,1,24739948,NA,NA,NA,NA
S3_2629090,3,2629090,NA,NA,NA,NA
S10_105281679,10,105281679,NA,NA,NA,NA
S2_183919126,2,183919126,NA,NA,NA,NA
S8_39469744,8,39469744,NA,NA,NA,NA
S8_39469750,8,39469750,NA,NA,NA,NA
S7_134226819,7,134226819,NA,NA,NA,NA
S7_134226830,7,134226830,NA,NA,NA,NA
S5_196726103,5,196726103,NA,NA,NA,NA
S4_159078598,4,159078598,NA,NA,NA,NA
S4_184155751,4,184155751,NA,NA,NA,NA
S8_140007343,8,140007343,NA,NA,NA,NA
S5_211179783,5,211179783,NA,NA,NA,NA
S2_183396390,2,183396390,NA,NA,NA,NA
S1_170188217,1,170188217,NA,NA,NA,NA
S5_182601178,5,182601178,NA,NA,NA,NA
S10_148643161,10,148643161,NA,NA,NA,NA
S10_148643162,10,148643162,NA,NA,NA,NA
S10_148643187,10,148643187,NA,NA,NA,NA
S6_150690785,6,150690785,NA,NA,NA,NA
S4_171920497,4,171920497,NA,NA,NA,NA
S9_141442935,9,141442935,NA,NA,NA,NA
S9_141442936,9,141442936,NA,NA,NA,NA
S3_215380538,3,215380538,NA,NA,NA,NA
S7_31769816,7,31769816,NA,NA,NA,NA
S7_137540093,7,137540093,NA,NA,NA,NA
S2_175628102,2,175628102,NA,NA,NA,NA
S1_53154819,1,53154819,NA,NA,NA,NA
S5_60075078,5,60075078,NA,NA,NA,NA
S7_8901975,7,8901975,NA,NA,NA,NA
S2_28000868,2,28000868,NA,NA,NA,NA
S5_212751207,5,212751207,NA,NA,NA,NA
S7_109053898,7,109053898,NA,NA,NA,NA
S3_201330243,3,201330243,NA,NA,NA,NA
S5_47673683,5,47673683,NA,NA,NA,NA
S10_132533341,10,132533341,NA,NA,NA,NA
S9_26826765,9,26826765,NA,NA,NA,NA
S10_71465771,10,71465771,NA,NA,NA,NA
S6_4307225,6,4307225,NA,NA,NA,NA
S5_1896830,5,1896830,NA,NA,NA,NA
S8_88439052,8,88439052,NA,NA,NA,NA
S6_158223246,6,158223246,NA,NA,NA,NA
S1_25187572,1,25187572,NA,NA,NA,NA
S5_211894064,5,211894064,NA,NA,NA,NA
S5_211894065,5,211894065,NA,NA,NA,NA
S5_211894074,5,211894074,NA,NA,NA,NA
S5_211894089,5,211894089,NA,NA,NA,NA
S5_60453534,5,60453534,NA,NA,NA,NA
S1_234260996,1,234260996,NA,NA,NA,NA
S4_36217126,4,36217126,NA,NA,NA,NA
S7_126341159,7,126341159,NA,NA,NA,NA
S4_157504710,4,157504710,NA,NA,NA,NA
S9_20587734,9,20587734,NA,NA,NA,NA
S8_40157241,8,40157241,NA,NA,NA,NA
S10_82044928,10,82044928,NA,NA,NA,NA
S5_17316924,5,17316924,NA,NA,NA,NA
S3_48809716,3,48809716,NA,NA,NA,NA
S3_48809749,3,48809749,NA,NA,NA,NA
S10_73748133,10,73748133,NA,NA,NA,NA
S4_17236217,4,17236217,NA,NA,NA,NA
S4_5197429,4,5197429,NA,NA,NA,NA
S4_5197430,4,5197430,NA,NA,NA,NA
S2_26979751,2,26979751,NA,NA,NA,NA
S4_843251,4,843251,NA,NA,NA,NA
S1_214979865,1,214979865,NA,NA,NA,NA
S8_23661875,8,23661875,NA,NA,NA,NA
S2_45193012,2,45193012,NA,NA,NA,NA
S2_234264182,2,234264182,NA,NA,NA,NA
S5_7719849,5,7719849,NA,NA,NA,NA
S5_7719850,5,7719850,NA,NA,NA,NA
S7_121183375,7,121183375,NA,NA,NA,NA
S7_121183377,7,121183377,NA,NA,NA,NA
S7_121183381,7,121183381,NA,NA,NA,NA
S7_121183389,7,121183389,NA,NA,NA,NA
S7_121183423,7,121183423,NA,NA,NA,NA
S6_168068348,6,168068348,NA,NA,NA,NA
S9_145901907,9,145901907,NA,NA,NA,NA
S2_6714973,2,6714973,NA,NA,NA,NA
S1_254981595,1,254981595,NA,NA,NA,NA
S7_1140934,7,1140934,NA,NA,NA,NA
S7_143410022,7,143410022,NA,NA,NA,NA
S7_140424952,7,140424952,NA,NA,NA,NA
S6_129516761,6,129516761,NA,NA,NA,NA
S3_219691513,3,219691513,NA,NA,NA,NA
S6_97615109,6,97615109,NA,NA,NA,NA
S8_113874001,8,113874001,NA,NA,NA,NA
S10_141592581,10,141592581,NA,NA,NA,NA
S7_6497934,7,6497934,NA,NA,NA,NA
S2_236188612,2,236188612,NA,NA,NA,NA
S1_157067949,1,157067949,NA,NA,NA,NA
S3_216424229,3,216424229,NA,NA,NA,NA
S8_69593834,8,69593834,NA,NA,NA,NA
S2_41958322,2,41958322,NA,NA,NA,NA
S1_266096427,1,266096427,NA,NA,NA,NA
S7_130238733,7,130238733,NA,NA,NA,NA
S3_136909911,3,136909911,NA,NA,NA,NA
S3_11534137,3,11534137,NA,NA,NA,NA
S6_16291995,6,16291995,NA,NA,NA,NA
S5_74900097,5,74900097,NA,NA,NA,NA
S5_216541132,5,216541132,NA,NA,NA,NA
S10_73624067,10,73624067,NA,NA,NA,NA
S1_269505798,1,269505798,NA,NA,NA,NA
S1_61944133,1,61944133,NA,NA,NA,NA
S1_4242027,1,4242027,NA,NA,NA,NA
S7_121183378,7,121183378,NA,NA,NA,NA
S6_150376021,6,150376021,NA,NA,NA,NA
S5_37078154,5,37078154,NA,NA,NA,NA
S2_39027474,2,39027474,NA,NA,NA,NA
S1_57840301,1,57840301,NA,NA,NA,NA
S8_646011,8,646011,NA,NA,NA,NA
S5_30221012,5,30221012,NA,NA,NA,NA
S4_185181378,4,185181378,NA,NA,NA,NA
S6_166052031,6,166052031,NA,NA,NA,NA
S5_4606779,5,4606779,NA,NA,NA,NA
S1_9526267,1,9526267,NA,NA,NA,NA
S1_179988369,1,179988369,NA,NA,NA,NA
S1_268430905,1,268430905,NA,NA,NA,NA
S2_16345231,2,16345231,NA,NA,NA,NA
S10_140193288,10,140193288,NA,NA,NA,NA
S9_23517678,9,23517678,NA,NA,NA,NA
S7_166701976,7,166701976,NA,NA,NA,NA
S3_22563213,3,22563213,NA,NA,NA,NA
S2_17230571,2,17230571,NA,NA,NA,NA
S1_201638301,1,201638301,NA,NA,NA,NA
S1_201638306,1,201638306,NA,NA,NA,NA
S1_201638309,1,201638309,NA,NA,NA,NA
S6_55853288,6,55853288,NA,NA,NA,NA
S3_210749270,3,210749270,NA,NA,NA,NA
S3_210749271,3,210749271,NA,NA,NA,NA
S8_130327455,8,130327455,NA,NA,NA,NA
S10_6377437,10,6377437,NA,NA,NA,NA
S6_38072100,6,38072100,NA,NA,NA,NA
S4_167185582,4,167185582,NA,NA,NA,NA
S6_141684065,6,141684065,NA,NA,NA,NA
S2_62378438,2,62378438,NA,NA,NA,NA
S10_59114702,10,59114702,NA,NA,NA,NA
S9_10321269,9,10321269,NA,NA,NA,NA
S2_172142608,2,172142608,NA,NA,NA,NA
S1_85051701,1,85051701,NA,NA,NA,NA
S1_154083817,1,154083817,NA,NA,NA,NA
S3_126156727,3,126156727,NA,NA,NA,NA
S5_215471778,5,215471778,NA,NA,NA,NA
S5_171706638,5,171706638,NA,NA,NA,NA
S7_156677020,7,156677020,NA,NA,NA,NA
S7_32282411,7,32282411,NA,NA,NA,NA
S1_2693911,1,2693911,NA,NA,NA,NA
S2_5565686,2,5565686,NA,NA,NA,NA
S10_5880401,10,5880401,NA,NA,NA,NA
S10_5880406,10,5880406,NA,NA,NA,NA
S2_189701292,2,189701292,NA,NA,NA,NA
S9_5657070,9,5657070,NA,NA,NA,NA
S1_195775891,1,195775891,NA,NA,NA,NA
S2_218027619,2,218027619,NA,NA,NA,NA
S8_166795840,8,166795840,NA,NA,NA,NA
S4_186942452,4,186942452,NA,NA,NA,NA
S2_172844204,2,172844204,NA,NA,NA,NA
S9_131877941,9,131877941,NA,NA,NA,NA
S10_148640649,10,148640649,NA,NA,NA,NA
S7_172658975,7,172658975,NA,NA,NA,NA
S1_105462734,1,105462734,NA,NA,NA,NA
S8_152970069,8,152970069,NA,NA,NA,NA
S3_176456487,3,176456487,NA,NA,NA,NA
S2_33345748,2,33345748,NA,NA,NA,NA
S10_2260798,10,2260798,NA,NA,NA,NA
S2_229298261,2,229298261,NA,NA,NA,NA
S7_30677783,7,30677783,NA,NA,NA,NA
S7_30677794,7,30677794,NA,NA,NA,NA
S6_149329332,6,149329332,NA,NA,NA,NA
S7_168201383,7,168201383,NA,NA,NA,NA
S6_6322506,6,6322506,NA,NA,NA,NA
S2_150803748,2,150803748,NA,NA,NA,NA
S2_150803751,2,150803751,NA,NA,NA,NA
S4_124636025,4,124636025,NA,NA,NA,NA
S4_131793126,4,131793126,NA,NA,NA,NA
S1_243462783,1,243462783,NA,NA,NA,NA
S5_139077524,5,139077524,NA,NA,NA,NA
S4_162909625,4,162909625,NA,NA,NA,NA
S4_162909628,4,162909628,NA,NA,NA,NA
S2_189444325,2,189444325,NA,NA,NA,NA
S10_147151601,10,147151601,NA,NA,NA,NA
S1_174525702,1,174525702,NA,NA,NA,NA
S2_183561604,2,183561604,NA,NA,NA,NA
S2_183561607,2,183561607,NA,NA,NA,NA
S10_145125896,10,145125896,NA,NA,NA,NA
S4_239790082,4,239790082,NA,NA,NA,NA
S1_179341145,1,179341145,NA,NA,NA,NA
S8_118878210,8,118878210,NA,NA,NA,NA
S10_148981067,10,148981067,NA,NA,NA,NA
S5_27062275,5,27062275,NA,NA,NA,NA
S5_59431814,5,59431814,NA,NA,NA,NA
S2_1281291,2,1281291,NA,NA,NA,NA
S7_152948868,7,152948868,NA,NA,NA,NA
S4_17978482,4,17978482,NA,NA,NA,NA
S3_189356705,3,189356705,NA,NA,NA,NA
S5_4221728,5,4221728,NA,NA,NA,NA
S1_202158540,1,202158540,NA,NA,NA,NA
S10_99603782,10,99603782,NA,NA,NA,NA
S3_167433770,3,167433770,NA,NA,NA,NA
S2_1568238,2,1568238,NA,NA,NA,NA
S2_193504087,2,193504087,NA,NA,NA,NA
S1_94985424,1,94985424,NA,NA,NA,NA
S9_122956589,9,122956589,NA,NA,NA,NA
S4_28116879,4,28116879,NA,NA,NA,NA
S4_28116893,4,28116893,NA,NA,NA,NA
S8_174376927,8,174376927,NA,NA,NA,NA
S8_20555711,8,20555711,NA,NA,NA,NA
S4_176502336,4,176502336,NA,NA,NA,NA
S4_38288071,4,38288071,NA,NA,NA,NA
S7_2176113,7,2176113,NA,NA,NA,NA
S2_21627448,2,21627448,NA,NA,NA,NA
S1_290201039,1,290201039,NA,NA,NA,NA
S9_149457672,9,149457672,NA,NA,NA,NA
S9_149457675,9,149457675,NA,NA,NA,NA
S5_163231821,5,163231821,NA,NA,NA,NA
S4_176654109,4,176654109,NA,NA,NA,NA
S4_236648145,4,236648145,NA,NA,NA,NA
S6_151793599,6,151793599,NA,NA,NA,NA
S9_137784315,9,137784315,NA,NA,NA,NA
S3_201070588,3,201070588,NA,NA,NA,NA
S3_183863097,3,183863097,NA,NA,NA,NA
S6_131142107,6,131142107,NA,NA,NA,NA
S9_141479740,9,141479740,NA,NA,NA,NA
S1_180306705,1,180306705,NA,NA,NA,NA
S1_180306714,1,180306714,NA,NA,NA,NA
S10_80048196,10,80048196,NA,NA,NA,NA
S5_212169397,5,212169397,NA,NA,NA,NA
S4_63185,4,63185,NA,NA,NA,NA
S5_215016597,5,215016597,NA,NA,NA,NA
S8_14844174,8,14844174,NA,NA,NA,NA
S7_152240321,7,152240321,NA,NA,NA,NA
S5_60453495,5,60453495,NA,NA,NA,NA
S7_128647111,7,128647111,NA,NA,NA,NA
S5_178352339,5,178352339,NA,NA,NA,NA
S8_15100511,8,15100511,NA,NA,NA,NA
S2_17610541,2,17610541,NA,NA,NA,NA
S1_85832180,1,85832180,NA,NA,NA,NA
S1_211257819,1,211257819,NA,NA,NA,NA
S6_62185644,6,62185644,NA,NA,NA,NA
S2_139757877,2,139757877,NA,NA,NA,NA
S10_14446091,10,14446091,NA,NA,NA,NA
S4_115974645,4,115974645,NA,NA,NA,NA
S2_171820740,2,171820740,NA,NA,NA,NA
S7_165913252,7,165913252,NA,NA,NA,NA
S5_199166461,5,199166461,NA,NA,NA,NA
S3_218188068,3,218188068,NA,NA,NA,NA
S10_141078334,10,141078334,NA,NA,NA,NA
S2_114789651,2,114789651,NA,NA,NA,NA
S4_3591607,4,3591607,NA,NA,NA,NA
S2_43558568,2,43558568,NA,NA,NA,NA
S8_28291128,8,28291128,NA,NA,NA,NA
S2_5925894,2,5925894,NA,NA,NA,NA
S3_229573144,3,229573144,NA,NA,NA,NA
S4_188412207,4,188412207,NA,NA,NA,NA
S10_6453087,10,6453087,NA,NA,NA,NA
S9_152963954,9,152963954,NA,NA,NA,NA
S1_190547037,1,190547037,NA,NA,NA,NA
S3_7123328,3,7123328,NA,NA,NA,NA
S1_255638105,1,255638105,NA,NA,NA,NA
S8_113773172,8,113773172,NA,NA,NA,NA
S8_113773185,8,113773185,NA,NA,NA,NA
S1_244468686,1,244468686,NA,NA,NA,NA
S6_140546980,6,140546980,NA,NA,NA,NA
S9_128116806,9,128116806,NA,NA,NA,NA
S9_128116817,9,128116817,NA,NA,NA,NA
S10_126898741,10,126898741,NA,NA,NA,NA
S3_166793201,3,166793201,NA,NA,NA,NA
S4_240226594,4,240226594,NA,NA,NA,NA
S9_135614262,9,135614262,NA,NA,NA,NA
S10_112036685,10,112036685,NA,NA,NA,NA
S1_233457700,1,233457700,NA,NA,NA,NA
S8_5822828,8,5822828,NA,NA,NA,NA
S1_93970634,1,93970634,NA,NA,NA,NA
S2_177650494,2,177650494,NA,NA,NA,NA
S6_132950728,6,132950728,NA,NA,NA,NA
S1_101832138,1,101832138,NA,NA,NA,NA
S4_230754732,4,230754732,NA,NA,NA,NA
S1_298157015,1,298157015,NA,NA,NA,NA
S1_82391643,1,82391643,NA,NA,NA,NA
S4_39096839,4,39096839,NA,NA,NA,NA
S5_35629887,5,35629887,NA,NA,NA,NA
S1_250863736,1,250863736,NA,NA,NA,NA
S6_69566928,6,69566928,NA,NA,NA,NA
S9_8125568,9,8125568,NA,NA,NA,NA
S10_94001327,10,94001327,NA,NA,NA,NA
S6_70013706,6,70013706,NA,NA,NA,NA
S9_318726,9,318726,NA,NA,NA,NA
S3_199487539,3,199487539,NA,NA,NA,NA
S2_19320104,2,19320104,NA,NA,NA,NA
S8_14843337,8,14843337,NA,NA,NA,NA
S9_48441201,9,48441201,NA,NA,NA,NA
S2_52284340,2,52284340,NA,NA,NA,NA
S2_224236848,2,224236848,NA,NA,NA,NA
S2_224236854,2,224236854,NA,NA,NA,NA
S2_3114881,2,3114881,NA,NA,NA,NA
S5_213907276,5,213907276,NA,NA,NA,NA
S4_229036510,4,229036510,NA,NA,NA,NA
S5_145107243,5,145107243,NA,NA,NA,NA
S7_153851080,7,153851080,NA,NA,NA,NA
S1_32153843,1,32153843,NA,NA,NA,NA
S3_7982073,3,7982073,NA,NA,NA,NA
S3_7982074,3,7982074,NA,NA,NA,NA
S3_7982087,3,7982087,NA,NA,NA,NA
S8_164012274,8,164012274,NA,NA,NA,NA
S1_195560727,1,195560727,NA,NA,NA,NA
S5_203620770,5,203620770,NA,NA,NA,NA
S6_5442830,6,5442830,NA,NA,NA,NA
S9_147965995,9,147965995,NA,NA,NA,NA
S6_90306489,6,90306489,NA,NA,NA,NA
S3_1768123,3,1768123,NA,NA,NA,NA
S6_37026816,6,37026816,NA,NA,NA,NA
S7_167907705,7,167907705,NA,NA,NA,NA
S5_214077886,5,214077886,NA,NA,NA,NA
S1_176845404,1,176845404,NA,NA,NA,NA
S5_175589184,5,175589184,NA,NA,NA,NA
S1_251440540,1,251440540,NA,NA,NA,NA
S3_147408017,3,147408017,NA,NA,NA,NA
S2_136349291,2,136349291,NA,NA,NA,NA
S5_164855387,5,164855387,NA,NA,NA,NA
S5_164855388,5,164855388,NA,NA,NA,NA
S10_63031899,10,63031899,NA,NA,NA,NA
S1_275249380,1,275249380,NA,NA,NA,NA
S3_118065665,3,118065665,NA,NA,NA,NA
S3_202113809,3,202113809,NA,NA,NA,NA
S3_178410954,3,178410954,NA,NA,NA,NA
S6_138185311,6,138185311,NA,NA,NA,NA
S9_59400919,9,59400919,NA,NA,NA,NA
S5_68512469,5,68512469,NA,NA,NA,NA
S7_127254773,7,127254773,NA,NA,NA,NA
S3_198388284,3,198388284,NA,NA,NA,NA
S4_689383,4,689383,NA,NA,NA,NA
S3_93185614,3,93185614,NA,NA,NA,NA
S5_210415887,5,210415887,NA,NA,NA,NA
S5_210415923,5,210415923,NA,NA,NA,NA
S8_171542811,8,171542811,NA,NA,NA,NA
S2_203919045,2,203919045,NA,NA,NA,NA
S3_4708524,3,4708524,NA,NA,NA,NA
S3_32033510,3,32033510,NA,NA,NA,NA
S1_299983398,1,299983398,NA,NA,NA,NA
S3_86873688,3,86873688,NA,NA,NA,NA
S6_145529058,6,145529058,NA,NA,NA,NA
S2_3055479,2,3055479,NA,NA,NA,NA
S2_3055484,2,3055484,NA,NA,NA,NA
S10_141070626,10,141070626,NA,NA,NA,NA
S5_756534,5,756534,NA,NA,NA,NA
S1_50959077,1,50959077,NA,NA,NA,NA
S2_21007627,2,21007627,NA,NA,NA,NA
S8_164013988,8,164013988,NA,NA,NA,NA
S5_204902975,5,204902975,NA,NA,NA,NA
S1_56307154,1,56307154,NA,NA,NA,NA
S7_19353550,7,19353550,NA,NA,NA,NA
S3_86197157,3,86197157,NA,NA,NA,NA
S5_188825516,5,188825516,NA,NA,NA,NA
S5_65434964,5,65434964,NA,NA,NA,NA
S2_106286599,2,106286599,NA,NA,NA,NA
S5_173389195,5,173389195,NA,NA,NA,NA
S3_49148426,3,49148426,NA,NA,NA,NA
S3_49148427,3,49148427,NA,NA,NA,NA
S3_197321346,3,197321346,NA,NA,NA,NA
S4_172833259,4,172833259,NA,NA,NA,NA
S10_146472109,10,146472109,NA,NA,NA,NA
S3_199250988,3,199250988,NA,NA,NA,NA
S3_199250993,3,199250993,NA,NA,NA,NA
S8_173243112,8,173243112,NA,NA,NA,NA
S5_194166599,5,194166599,NA,NA,NA,NA
S1_167897689,1,167897689,NA,NA,NA,NA
S1_167897718,1,167897718,NA,NA,NA,NA
S7_130872164,7,130872164,NA,NA,NA,NA
S8_154399164,8,154399164,NA,NA,NA,NA
S8_154399165,8,154399165,NA,NA,NA,NA
S10_145895384,10,145895384,NA,NA,NA,NA
S10_145895386,10,145895386,NA,NA,NA,NA
S10_145895390,10,145895390,NA,NA,NA,NA
S10_145895394,10,145895394,NA,NA,NA,NA
S1_3667222,1,3667222,NA,NA,NA,NA
S3_230896035,3,230896035,NA,NA,NA,NA
S2_202739518,2,202739518,NA,NA,NA,NA
S6_148835789,6,148835789,NA,NA,NA,NA
S1_258808513,1,258808513,NA,NA,NA,NA
S2_230866930,2,230866930,NA,NA,NA,NA
S1_165410270,1,165410270,NA,NA,NA,NA
S3_210526514,3,210526514,NA,NA,NA,NA
S7_156739266,7,156739266,NA,NA,NA,NA
S5_114765277,5,114765277,NA,NA,NA,NA
S8_120015876,8,120015876,NA,NA,NA,NA
S3_175868983,3,175868983,NA,NA,NA,NA
S7_77601030,7,77601030,NA,NA,NA,NA
S2_184968171,2,184968171,NA,NA,NA,NA
S9_151819266,9,151819266,NA,NA,NA,NA
S10_80912509,10,80912509,NA,NA,NA,NA
S4_177434329,4,177434329,NA,NA,NA,NA
S7_5976082,7,5976082,NA,NA,NA,NA
S8_156240473,8,156240473,NA,NA,NA,NA
S3_141296883,3,141296883,NA,NA,NA,NA
S3_201046584,3,201046584,NA,NA,NA,NA
S6_152778001,6,152778001,NA,NA,NA,NA
S2_14612208,2,14612208,NA,NA,NA,NA
S4_194516389,4,194516389,NA,NA,NA,NA
S1_285777767,1,285777767,NA,NA,NA,NA
S8_170610685,8,170610685,NA,NA,NA,NA
S6_161825335,6,161825335,NA,NA,NA,NA
S8_112617651,8,112617651,NA,NA,NA,NA
S3_169044093,3,169044093,NA,NA,NA,NA
S2_173641620,2,173641620,NA,NA,NA,NA
S10_147354294,10,147354294,NA,NA,NA,NA
S1_114221942,1,114221942,NA,NA,NA,NA
S1_114221952,1,114221952,NA,NA,NA,NA
S5_208743420,5,208743420,NA,NA,NA,NA
S5_19779704,5,19779704,NA,NA,NA,NA
S4_31123080,4,31123080,NA,NA,NA,NA
S3_136333947,3,136333947,NA,NA,NA,NA
S2_235331291,2,235331291,NA,NA,NA,NA
S5_61528857,5,61528857,NA,NA,NA,NA
S4_190859334,4,190859334,NA,NA,NA,NA
S1_35215069,1,35215069,NA,NA,NA,NA
S7_173250895,7,173250895,NA,NA,NA,NA
S7_134700036,7,134700036,NA,NA,NA,NA
S10_144934682,10,144934682,NA,NA,NA,NA
S10_144934688,10,144934688,NA,NA,NA,NA
S10_144934690,10,144934690,NA,NA,NA,NA
S1_276818506,1,276818506,NA,NA,NA,NA
S9_139931767,9,139931767,NA,NA,NA,NA
S9_64031165,9,64031165,NA,NA,NA,NA
S7_130099614,7,130099614,NA,NA,NA,NA
S3_169725638,3,169725638,NA,NA,NA,NA
S2_30361545,2,30361545,NA,NA,NA,NA
S5_90342154,5,90342154,NA,NA,NA,NA
S10_24951203,10,24951203,NA,NA,NA,NA
S3_225099014,3,225099014,NA,NA,NA,NA
S10_140743763,10,140743763,NA,NA,NA,NA
S6_3054232,6,3054232,NA,NA,NA,NA
S4_112877986,4,112877986,NA,NA,NA,NA
S5_160722065,5,160722065,NA,NA,NA,NA
S10_12600988,10,12600988,NA,NA,NA,NA
S1_223826081,1,223826081,NA,NA,NA,NA
S2_191110723,2,191110723,NA,NA,NA,NA
S1_222399737,1,222399737,NA,NA,NA,NA
S4_188675190,4,188675190,NA,NA,NA,NA
S8_101828517,8,101828517,NA,NA,NA,NA
S2_223283960,2,223283960,NA,NA,NA,NA
S6_78820963,6,78820963,NA,NA,NA,NA
S1_5629302,1,5629302,NA,NA,NA,NA
S10_10245870,10,10245870,NA,NA,NA,NA
S3_114086391,3,114086391,NA,NA,NA,NA
S1_184005785,1,184005785,NA,NA,NA,NA
S3_173022406,3,173022406,NA,NA,NA,NA
S4_186836955,4,186836955,NA,NA,NA,NA
S2_218844063,2,218844063,NA,NA,NA,NA
S3_5573974,3,5573974,NA,NA,NA,NA
S4_146287796,4,146287796,NA,NA,NA,NA
S4_237142633,4,237142633,NA,NA,NA,NA
S5_62921059,5,62921059,NA,NA,NA,NA
S8_120016941,8,120016941,NA,NA,NA,NA
S7_79700660,7,79700660,NA,NA,NA,NA
S9_49309534,9,49309534,NA,NA,NA,NA
S2_36452777,2,36452777,NA,NA,NA,NA
S2_36452823,2,36452823,NA,NA,NA,NA
S8_156052707,8,156052707,NA,NA,NA,NA
S8_156052728,8,156052728,NA,NA,NA,NA
S8_167128873,8,167128873,NA,NA,NA,NA
S3_15439907,3,15439907,NA,NA,NA,NA
S1_290590786,1,290590786,NA,NA,NA,NA
S1_167001260,1,167001260,NA,NA,NA,NA
S5_196611053,5,196611053,NA,NA,NA,NA
S9_152259158,9,152259158,NA,NA,NA,NA
S5_199649708,5,199649708,NA,NA,NA,NA
S6_128798901,6,128798901,NA,NA,NA,NA
S1_250066514,1,250066514,NA,NA,NA,NA
S3_14408547,3,14408547,NA,NA,NA,NA
S1_295762637,1,295762637,NA,NA,NA,NA
S5_160833678,5,160833678,NA,NA,NA,NA
S6_164730037,6,164730037,NA,NA,NA,NA
S7_160597167,7,160597167,NA,NA,NA,NA
S5_40838978,5,40838978,NA,NA,NA,NA
S5_54415977,5,54415977,NA,NA,NA,NA
S2_180192847,2,180192847,NA,NA,NA,NA
S6_138656054,6,138656054,NA,NA,NA,NA
S1_10970034,1,10970034,NA,NA,NA,NA
S1_10970058,1,10970058,NA,NA,NA,NA
S6_87408254,6,87408254,NA,NA,NA,NA
S2_204881209,2,204881209,NA,NA,NA,NA
S2_4850410,2,4850410,NA,NA,NA,NA
S8_172253325,8,172253325,NA,NA,NA,NA
S8_110372112,8,110372112,NA,NA,NA,NA
S10_142358869,10,142358869,NA,NA,NA,NA
S3_123404850,3,123404850,NA,NA,NA,NA
S10_144685179,10,144685179,NA,NA,NA,NA
S6_69394455,6,69394455,NA,NA,NA,NA
S8_16353270,8,16353270,NA,NA,NA,NA
S3_124181322,3,124181322,NA,NA,NA,NA
S5_211763437,5,211763437,NA,NA,NA,NA
S4_196984911,4,196984911,NA,NA,NA,NA
S9_6066573,9,6066573,NA,NA,NA,NA
S8_69593828,8,69593828,NA,NA,NA,NA
S2_13298912,2,13298912,NA,NA,NA,NA
S1_181884129,1,181884129,NA,NA,NA,NA
S6_123307766,6,123307766,NA,NA,NA,NA
S6_123307769,6,123307769,NA,NA,NA,NA
S5_215301124,5,215301124,NA,NA,NA,NA
S4_4480024,4,4480024,NA,NA,NA,NA
S2_7744608,2,7744608,NA,NA,NA,NA
S2_44559039,2,44559039,NA,NA,NA,NA
S3_17829743,3,17829743,NA,NA,NA,NA
S8_16353272,8,16353272,NA,NA,NA,NA
S1_30753285,1,30753285,NA,NA,NA,NA
S9_147737974,9,147737974,NA,NA,NA,NA
S7_86025120,7,86025120,NA,NA,NA,NA
S5_56369723,5,56369723,NA,NA,NA,NA
S8_17970344,8,17970344,NA,NA,NA,NA
S7_8902035,7,8902035,NA,NA,NA,NA
S9_96711966,9,96711966,NA,NA,NA,NA
S8_157922806,8,157922806,NA,NA,NA,NA
S10_9473324,10,9473324,NA,NA,NA,NA
S3_216321612,3,216321612,NA,NA,NA,NA
S4_3408405,4,3408405,NA,NA,NA,NA
S3_178413684,3,178413684,NA,NA,NA,NA
S4_201747457,4,201747457,NA,NA,NA,NA
S2_234437736,2,234437736,NA,NA,NA,NA
S1_77258534,1,77258534,NA,NA,NA,NA
S8_33026626,8,33026626,NA,NA,NA,NA
S2_6190241,2,6190241,NA,NA,NA,NA
S2_191861053,2,191861053,NA,NA,NA,NA
S5_196546285,5,196546285,NA,NA,NA,NA
S9_149245965,9,149245965,NA,NA,NA,NA
S10_5760377,10,5760377,NA,NA,NA,NA
S5_206194748,5,206194748,NA,NA,NA,NA
S5_206194753,5,206194753,NA,NA,NA,NA
S5_74291915,5,74291915,NA,NA,NA,NA
S8_17059808,8,17059808,NA,NA,NA,NA
S4_4621280,4,4621280,NA,NA,NA,NA
S8_162185699,8,162185699,NA,NA,NA,NA
S8_137046919,8,137046919,NA,NA,NA,NA
S5_142403801,5,142403801,NA,NA,NA,NA
S3_12132006,3,12132006,NA,NA,NA,NA
S6_159829876,6,159829876,NA,NA,NA,NA
S5_211443649,5,211443649,NA,NA,NA,NA
S1_258808508,1,258808508,NA,NA,NA,NA
S8_159901047,8,159901047,NA,NA,NA,NA
S1_77532992,1,77532992,NA,NA,NA,NA
S4_190262923,4,190262923,NA,NA,NA,NA
S8_167780380,8,167780380,NA,NA,NA,NA
S6_1337825,6,1337825,NA,NA,NA,NA
S6_1337858,6,1337858,NA,NA,NA,NA
S5_4765763,5,4765763,NA,NA,NA,NA
S6_91855197,6,91855197,NA,NA,NA,NA
S10_139320277,10,139320277,NA,NA,NA,NA
S6_108076173,6,108076173,NA,NA,NA,NA
S4_188328209,4,188328209,NA,NA,NA,NA
S1_41245260,1,41245260,NA,NA,NA,NA
S5_208257742,5,208257742,NA,NA,NA,NA
S8_11535364,8,11535364,NA,NA,NA,NA
S6_34890495,6,34890495,NA,NA,NA,NA
S8_75379031,8,75379031,NA,NA,NA,NA
S7_157454677,7,157454677,NA,NA,NA,NA
S8_132992521,8,132992521,NA,NA,NA,NA
S3_212739519,3,212739519,NA,NA,NA,NA
S1_47906717,1,47906717,NA,NA,NA,NA
S9_62257706,9,62257706,NA,NA,NA,NA
S5_187657126,5,187657126,NA,NA,NA,NA
S8_15994213,8,15994213,NA,NA,NA,NA
S8_119938794,8,119938794,NA,NA,NA,NA
S3_122075750,3,122075750,NA,NA,NA,NA
S4_221632946,4,221632946,NA,NA,NA,NA
S1_7390769,1,7390769,NA,NA,NA,NA
S5_38751755,5,38751755,NA,NA,NA,NA
S4_176502328,4,176502328,NA,NA,NA,NA
S4_176502329,4,176502329,NA,NA,NA,NA
S4_176502330,4,176502330,NA,NA,NA,NA
S2_168549149,2,168549149,NA,NA,NA,NA
S9_14905524,9,14905524,NA,NA,NA,NA
S8_131573566,8,131573566,NA,NA,NA,NA
S1_34810381,1,34810381,NA,NA,NA,NA
S1_34810387,1,34810387,NA,NA,NA,NA
S7_172670134,7,172670134,NA,NA,NA,NA
S7_172670154,7,172670154,NA,NA,NA,NA
S1_248287758,1,248287758,NA,NA,NA,NA
S2_12352656,2,12352656,NA,NA,NA,NA
S3_5566785,3,5566785,NA,NA,NA,NA
S3_166691650,3,166691650,NA,NA,NA,NA
S7_152354335,7,152354335,NA,NA,NA,NA
S3_43662298,3,43662298,NA,NA,NA,NA
S1_228644213,1,228644213,NA,NA,NA,NA
S1_245870596,1,245870596,NA,NA,NA,NA
S7_170966296,7,170966296,NA,NA,NA,NA
S1_7161470,1,7161470,NA,NA,NA,NA
S1_7161473,1,7161473,NA,NA,NA,NA
S6_155067560,6,155067560,NA,NA,NA,NA
S3_224499810,3,224499810,NA,NA,NA,NA
S10_12634788,10,12634788,NA,NA,NA,NA
S5_4472079,5,4472079,NA,NA,NA,NA
S6_156275103,6,156275103,NA,NA,NA,NA
S2_203936762,2,203936762,NA,NA,NA,NA
S3_169539996,3,169539996,NA,NA,NA,NA
S8_136418793,8,136418793,NA,NA,NA,NA
S9_23517651,9,23517651,NA,NA,NA,NA
S3_229035055,3,229035055,NA,NA,NA,NA
S2_201146790,2,201146790,NA,NA,NA,NA
S1_282528892,1,282528892,NA,NA,NA,NA
S10_135911707,10,135911707,NA,NA,NA,NA
S10_141557667,10,141557667,NA,NA,NA,NA
S6_6890831,6,6890831,NA,NA,NA,NA
S3_171437505,3,171437505,NA,NA,NA,NA
S4_2693740,4,2693740,NA,NA,NA,NA
S1_229359349,1,229359349,NA,NA,NA,NA
S5_10091930,5,10091930,NA,NA,NA,NA
S3_147405482,3,147405482,NA,NA,NA,NA
S1_296848330,1,296848330,NA,NA,NA,NA
S4_239140372,4,239140372,NA,NA,NA,NA
S7_134142007,7,134142007,NA,NA,NA,NA
S10_132613039,10,132613039,NA,NA,NA,NA
S4_24113564,4,24113564,NA,NA,NA,NA
S1_239609266,1,239609266,NA,NA,NA,NA
S8_136911861,8,136911861,NA,NA,NA,NA
S4_67097673,4,67097673,NA,NA,NA,NA
S1_281071191,1,281071191,NA,NA,NA,NA
S1_233455670,1,233455670,NA,NA,NA,NA
S2_111135893,2,111135893,NA,NA,NA,NA
S1_174005493,1,174005493,NA,NA,NA,NA
S1_10995423,1,10995423,NA,NA,NA,NA
S1_69889524,1,69889524,NA,NA,NA,NA
S1_50035507,1,50035507,NA,NA,NA,NA
S2_180661341,2,180661341,NA,NA,NA,NA
S8_20814673,8,20814673,NA,NA,NA,NA
S1_293797072,1,293797072,NA,NA,NA,NA
S3_221583458,3,221583458,NA,NA,NA,NA
S3_145438431,3,145438431,NA,NA,NA,NA
S6_166823042,6,166823042,NA,NA,NA,NA
S1_232513586,1,232513586,NA,NA,NA,NA
S10_73748386,10,73748386,NA,NA,NA,NA
S10_73748410,10,73748410,NA,NA,NA,NA
S5_7767770,5,7767770,NA,NA,NA,NA
S5_209183618,5,209183618,NA,NA,NA,NA
S5_19441434,5,19441434,NA,NA,NA,NA
S9_101430770,9,101430770,NA,NA,NA,NA
S9_38906701,9,38906701,NA,NA,NA,NA
S8_64498245,8,64498245,NA,NA,NA,NA
S6_95069996,6,95069996,NA,NA,NA,NA
S2_230873875,2,230873875,NA,NA,NA,NA
S1_52093581,1,52093581,NA,NA,NA,NA
S2_22607350,2,22607350,NA,NA,NA,NA
S4_200826508,4,200826508,NA,NA,NA,NA
S4_200826528,4,200826528,NA,NA,NA,NA
S2_28000828,2,28000828,NA,NA,NA,NA
S3_166253879,3,166253879,NA,NA,NA,NA
S2_38976365,2,38976365,NA,NA,NA,NA
S5_170024095,5,170024095,NA,NA,NA,NA
S3_226764954,3,226764954,NA,NA,NA,NA
S7_154741826,7,154741826,NA,NA,NA,NA
S5_168839693,5,168839693,NA,NA,NA,NA
S2_67152363,2,67152363,NA,NA,NA,NA
S2_78230618,2,78230618,NA,NA,NA,NA
S8_151261357,8,151261357,NA,NA,NA,NA
S2_169758390,2,169758390,NA,NA,NA,NA
S5_181583422,5,181583422,NA,NA,NA,NA
S3_150036296,3,150036296,NA,NA,NA,NA
S4_21321069,4,21321069,NA,NA,NA,NA
S6_161450514,6,161450514,NA,NA,NA,NA
S6_161450552,6,161450552,NA,NA,NA,NA
S9_13662490,9,13662490,NA,NA,NA,NA
S7_127268341,7,127268341,NA,NA,NA,NA
S10_118963357,10,118963357,NA,NA,NA,NA
S2_226394160,2,226394160,NA,NA,NA,NA
S6_25545355,6,25545355,NA,NA,NA,NA
S1_56929945,1,56929945,NA,NA,NA,NA
S8_132407107,8,132407107,NA,NA,NA,NA
S5_205788227,5,205788227,NA,NA,NA,NA
S1_60808690,1,60808690,NA,NA,NA,NA
S3_206600883,3,206600883,NA,NA,NA,NA
S10_135045497,10,135045497,NA,NA,NA,NA
S3_58713584,3,58713584,NA,NA,NA,NA
S10_114237278,10,114237278,NA,NA,NA,NA
S1_41278070,1,41278070,NA,NA,NA,NA
S7_134039510,7,134039510,NA,NA,NA,NA
S4_172993055,4,172993055,NA,NA,NA,NA
S3_56325738,3,56325738,NA,NA,NA,NA
S10_126647554,10,126647554,NA,NA,NA,NA
S7_86088925,7,86088925,NA,NA,NA,NA
S6_149678114,6,149678114,NA,NA,NA,NA
S1_283324662,1,283324662,NA,NA,NA,NA
S1_79240850,1,79240850,NA,NA,NA,NA
S8_169066993,8,169066993,NA,NA,NA,NA
S2_43204486,2,43204486,NA,NA,NA,NA
S2_67845468,2,67845468,NA,NA,NA,NA
S2_67845469,2,67845469,NA,NA,NA,NA
S2_42785276,2,42785276,NA,NA,NA,NA
S4_5245762,4,5245762,NA,NA,NA,NA
S5_188849425,5,188849425,NA,NA,NA,NA
S9_147664938,9,147664938,NA,NA,NA,NA
S1_10995384,1,10995384,NA,NA,NA,NA
S4_199278423,4,199278423,NA,NA,NA,NA
S1_188934312,1,188934312,NA,NA,NA,NA
S4_186045085,4,186045085,NA,NA,NA,NA
S2_44197040,2,44197040,NA,NA,NA,NA
S1_257972790,1,257972790,NA,NA,NA,NA
S3_157085834,3,157085834,NA,NA,NA,NA
S5_29991186,5,29991186,NA,NA,NA,NA
S7_118306327,7,118306327,NA,NA,NA,NA
S5_77273428,5,77273428,NA,NA,NA,NA
S2_189502256,2,189502256,NA,NA,NA,NA
S7_5337483,7,5337483,NA,NA,NA,NA
S1_241481582,1,241481582,NA,NA,NA,NA
S2_208974592,2,208974592,NA,NA,NA,NA
S2_208974595,2,208974595,NA,NA,NA,NA
S2_208974620,2,208974620,NA,NA,NA,NA
S6_87402827,6,87402827,NA,NA,NA,NA
S4_764555,4,764555,NA,NA,NA,NA
S7_158368791,7,158368791,NA,NA,NA,NA
S1_288638924,1,288638924,NA,NA,NA,NA
S3_20533924,3,20533924,NA,NA,NA,NA
S6_137603161,6,137603161,NA,NA,NA,NA
S10_71263673,10,71263673,NA,NA,NA,NA
S1_299565767,1,299565767,NA,NA,NA,NA
S4_116187863,4,116187863,NA,NA,NA,NA
S10_132255529,10,132255529,NA,NA,NA,NA
S7_8267804,7,8267804,NA,NA,NA,NA
S2_48834569,2,48834569,NA,NA,NA,NA
S6_151770338,6,151770338,NA,NA,NA,NA
S7_6537935,7,6537935,NA,NA,NA,NA
S4_5709514,4,5709514,NA,NA,NA,NA
S8_22642511,8,22642511,NA,NA,NA,NA
S7_162095356,7,162095356,NA,NA,NA,NA
S10_131743891,10,131743891,NA,NA,NA,NA
S9_134295387,9,134295387,NA,NA,NA,NA
S1_254981597,1,254981597,NA,NA,NA,NA
S2_40592589,2,40592589,NA,NA,NA,NA
S10_137500425,10,137500425,NA,NA,NA,NA
S3_64203879,3,64203879,NA,NA,NA,NA
S1_36973855,1,36973855,NA,NA,NA,NA
S5_172932156,5,172932156,NA,NA,NA,NA
S6_90306459,6,90306459,NA,NA,NA,NA
S1_202919541,1,202919541,NA,NA,NA,NA
S1_202919543,1,202919543,NA,NA,NA,NA
S4_211045879,4,211045879,NA,NA,NA,NA
S8_34671094,8,34671094,NA,NA,NA,NA
S1_188017949,1,188017949,NA,NA,NA,NA
S5_193453462,5,193453462,NA,NA,NA,NA
S4_239093409,4,239093409,NA,NA,NA,NA
S1_198733642,1,198733642,NA,NA,NA,NA
S6_7173407,6,7173407,NA,NA,NA,NA
S1_287722738,1,287722738,NA,NA,NA,NA
S6_147900703,6,147900703,NA,NA,NA,NA
S4_234913921,4,234913921,NA,NA,NA,NA
S7_39873191,7,39873191,NA,NA,NA,NA
S9_154578100,9,154578100,NA,NA,NA,NA
S4_232930323,4,232930323,NA,NA,NA,NA
S4_232930327,4,232930327,NA,NA,NA,NA
S1_83433718,1,83433718,NA,NA,NA,NA
S4_169554516,4,169554516,NA,NA,NA,NA
S1_175897748,1,175897748,NA,NA,NA,NA
S4_39543699,4,39543699,NA,NA,NA,NA
S4_188314876,4,188314876,NA,NA,NA,NA
S2_217012263,2,217012263,NA,NA,NA,NA
S8_119054591,8,119054591,NA,NA,NA,NA
S6_151793597,6,151793597,NA,NA,NA,NA
S6_151793601,6,151793601,NA,NA,NA,NA
S6_151793603,6,151793603,NA,NA,NA,NA
S2_134310337,2,134310337,NA,NA,NA,NA
S4_22552328,4,22552328,NA,NA,NA,NA
S8_90189475,8,90189475,NA,NA,NA,NA
S8_152261359,8,152261359,NA,NA,NA,NA
S5_198780378,5,198780378,NA,NA,NA,NA
S3_8888929,3,8888929,NA,NA,NA,NA
S4_206869416,4,206869416,NA,NA,NA,NA
S10_9538262,10,9538262,NA,NA,NA,NA
S2_39329560,2,39329560,NA,NA,NA,NA
S1_292403123,1,292403123,NA,NA,NA,NA
S5_165158517,5,165158517,NA,NA,NA,NA
S8_158759424,8,158759424,NA,NA,NA,NA
S9_78419558,9,78419558,NA,NA,NA,NA
S2_201148696,2,201148696,NA,NA,NA,NA
S3_48302916,3,48302916,NA,NA,NA,NA
S1_254402180,1,254402180,NA,NA,NA,NA
S6_127446205,6,127446205,NA,NA,NA,NA
S7_169267605,7,169267605,NA,NA,NA,NA
S1_150481571,1,150481571,NA,NA,NA,NA
S1_164373868,1,164373868,NA,NA,NA,NA
S3_57372391,3,57372391,NA,NA,NA,NA
S1_225862329,1,225862329,NA,NA,NA,NA
S1_278516115,1,278516115,NA,NA,NA,NA
S10_33617243,10,33617243,NA,NA,NA,NA
S2_223589318,2,223589318,NA,NA,NA,NA
S7_160597109,7,160597109,NA,NA,NA,NA
S8_137047073,8,137047073,NA,NA,NA,NA
S1_164509067,1,164509067,NA,NA,NA,NA
S1_15474778,1,15474778,NA,NA,NA,NA
S1_288856088,1,288856088,NA,NA,NA,NA
S2_54360086,2,54360086,NA,NA,NA,NA
S5_80835480,5,80835480,NA,NA,NA,NA
S7_167862932,7,167862932,NA,NA,NA,NA
S1_291402143,1,291402143,NA,NA,NA,NA
S4_173619465,4,173619465,NA,NA,NA,NA
S3_166201366,3,166201366,NA,NA,NA,NA
S2_28000872,2,28000872,NA,NA,NA,NA
S3_18818970,3,18818970,NA,NA,NA,NA
S3_18818972,3,18818972,NA,NA,NA,NA
S3_86356032,3,86356032,NA,NA,NA,NA
S7_167224036,7,167224036,NA,NA,NA,NA
S10_138027125,10,138027125,NA,NA,NA,NA
S10_145096160,10,145096160,NA,NA,NA,NA
S10_145096163,10,145096163,NA,NA,NA,NA
S7_134124828,7,134124828,NA,NA,NA,NA
S6_112817571,6,112817571,NA,NA,NA,NA
S4_184159915,4,184159915,NA,NA,NA,NA
S2_12112197,2,12112197,NA,NA,NA,NA
S7_13578794,7,13578794,NA,NA,NA,NA
S5_23574208,5,23574208,NA,NA,NA,NA
S8_66556197,8,66556197,NA,NA,NA,NA
S3_19755269,3,19755269,NA,NA,NA,NA
S4_2411220,4,2411220,NA,NA,NA,NA
S6_141470752,6,141470752,NA,NA,NA,NA
S5_2323695,5,2323695,NA,NA,NA,NA
S5_151314698,5,151314698,NA,NA,NA,NA
S5_151314705,5,151314705,NA,NA,NA,NA
S1_179988271,1,179988271,NA,NA,NA,NA
S1_38786969,1,38786969,NA,NA,NA,NA
S2_22608766,2,22608766,NA,NA,NA,NA
S1_283603135,1,283603135,NA,NA,NA,NA
S2_109000120,2,109000120,NA,NA,NA,NA
S7_172824062,7,172824062,NA,NA,NA,NA
S8_36689370,8,36689370,NA,NA,NA,NA
S10_135801221,10,135801221,NA,NA,NA,NA
S10_140497001,10,140497001,NA,NA,NA,NA
S3_39212851,3,39212851,NA,NA,NA,NA
S4_175723773,4,175723773,NA,NA,NA,NA
S2_144721410,2,144721410,NA,NA,NA,NA
S3_220767378,3,220767378,NA,NA,NA,NA
S6_85413883,6,85413883,NA,NA,NA,NA
S1_257406767,1,257406767,NA,NA,NA,NA
S1_32869668,1,32869668,NA,NA,NA,NA
S2_164889855,2,164889855,NA,NA,NA,NA
S6_128798919,6,128798919,NA,NA,NA,NA
S9_96718567,9,96718567,NA,NA,NA,NA
S5_17342962,5,17342962,NA,NA,NA,NA
S2_1546697,2,1546697,NA,NA,NA,NA
S2_28119901,2,28119901,NA,NA,NA,NA
S5_87121727,5,87121727,NA,NA,NA,NA
S8_151908973,8,151908973,NA,NA,NA,NA
S8_151908983,8,151908983,NA,NA,NA,NA
S9_96717206,9,96717206,NA,NA,NA,NA
S9_96717214,9,96717214,NA,NA,NA,NA
S5_5780510,5,5780510,NA,NA,NA,NA
S5_68528282,5,68528282,NA,NA,NA,NA
S6_127767308,6,127767308,NA,NA,NA,NA
S2_230884531,2,230884531,NA,NA,NA,NA
S10_145287294,10,145287294,NA,NA,NA,NA
S5_156970791,5,156970791,NA,NA,NA,NA
S9_147629146,9,147629146,NA,NA,NA,NA
S5_211763142,5,211763142,NA,NA,NA,NA
S5_211763145,5,211763145,NA,NA,NA,NA
S2_36452819,2,36452819,NA,NA,NA,NA
S3_8270639,3,8270639,NA,NA,NA,NA
S3_145434271,3,145434271,NA,NA,NA,NA
S6_148794770,6,148794770,NA,NA,NA,NA
S9_144038812,9,144038812,NA,NA,NA,NA
S3_217007790,3,217007790,NA,NA,NA,NA
S8_1091903,8,1091903,NA,NA,NA,NA
S9_22377856,9,22377856,NA,NA,NA,NA
S9_152188167,9,152188167,NA,NA,NA,NA
S1_233449687,1,233449687,NA,NA,NA,NA
S4_177581832,4,177581832,NA,NA,NA,NA
S7_118678080,7,118678080,NA,NA,NA,NA
S7_118678089,7,118678089,NA,NA,NA,NA
S7_118678111,7,118678111,NA,NA,NA,NA
S7_118678124,7,118678124,NA,NA,NA,NA
S2_15883265,2,15883265,NA,NA,NA,NA
S2_15883285,2,15883285,NA,NA,NA,NA
S7_109538998,7,109538998,NA,NA,NA,NA
S9_146528053,9,146528053,NA,NA,NA,NA
S2_11949597,2,11949597,NA,NA,NA,NA
S2_6634533,2,6634533,NA,NA,NA,NA
S4_197072216,4,197072216,NA,NA,NA,NA
S1_7091205,1,7091205,NA,NA,NA,NA
S7_157167726,7,157167726,NA,NA,NA,NA
S2_22968019,2,22968019,NA,NA,NA,NA
S6_140547038,6,140547038,NA,NA,NA,NA
S3_173841032,3,173841032,NA,NA,NA,NA
S5_174317648,5,174317648,NA,NA,NA,NA
S3_33971754,3,33971754,NA,NA,NA,NA
S7_159857143,7,159857143,NA,NA,NA,NA
S4_13688780,4,13688780,NA,NA,NA,NA
S8_165286354,8,165286354,NA,NA,NA,NA
S8_28291148,8,28291148,NA,NA,NA,NA
S1_52091386,1,52091386,NA,NA,NA,NA
S2_199819361,2,199819361,NA,NA,NA,NA
S9_152055253,9,152055253,NA,NA,NA,NA
S9_137786039,9,137786039,NA,NA,NA,NA
S2_101662931,2,101662931,NA,NA,NA,NA
S1_39215875,1,39215875,NA,NA,NA,NA
S7_76267528,7,76267528,NA,NA,NA,NA
S2_175628976,2,175628976,NA,NA,NA,NA
S7_136331965,7,136331965,NA,NA,NA,NA
S10_139505125,10,139505125,NA,NA,NA,NA
S4_10214560,4,10214560,NA,NA,NA,NA
S9_4115419,9,4115419,NA,NA,NA,NA
S5_76116871,5,76116871,NA,NA,NA,NA
S1_82024957,1,82024957,NA,NA,NA,NA
S1_246201260,1,246201260,NA,NA,NA,NA
S2_218845349,2,218845349,NA,NA,NA,NA
S7_136571149,7,136571149,NA,NA,NA,NA
S3_17286865,3,17286865,NA,NA,NA,NA
S7_13578720,7,13578720,NA,NA,NA,NA
S3_20533880,3,20533880,NA,NA,NA,NA
S3_230659036,3,230659036,NA,NA,NA,NA
S3_230659048,3,230659048,NA,NA,NA,NA
S3_213548529,3,213548529,NA,NA,NA,NA
S8_156469296,8,156469296,NA,NA,NA,NA
S9_103687963,9,103687963,NA,NA,NA,NA
S6_122892469,6,122892469,NA,NA,NA,NA
S6_122892473,6,122892473,NA,NA,NA,NA
S6_122892492,6,122892492,NA,NA,NA,NA
S8_159489182,8,159489182,NA,NA,NA,NA
S2_28301343,2,28301343,NA,NA,NA,NA
S4_173800787,4,173800787,NA,NA,NA,NA
S7_153852717,7,153852717,NA,NA,NA,NA
S3_12422232,3,12422232,NA,NA,NA,NA
S2_198854903,2,198854903,NA,NA,NA,NA
S1_119413335,1,119413335,NA,NA,NA,NA
S6_97857404,6,97857404,NA,NA,NA,NA
S6_97857411,6,97857411,NA,NA,NA,NA
S5_77436162,5,77436162,NA,NA,NA,NA
S2_205904802,2,205904802,NA,NA,NA,NA
S7_170877577,7,170877577,NA,NA,NA,NA
S8_173864235,8,173864235,NA,NA,NA,NA
S6_39371783,6,39371783,NA,NA,NA,NA
S7_172158282,7,172158282,NA,NA,NA,NA
S7_157875969,7,157875969,NA,NA,NA,NA
S7_157875974,7,157875974,NA,NA,NA,NA
S10_135801262,10,135801262,NA,NA,NA,NA
S2_212408487,2,212408487,NA,NA,NA,NA
S1_25414647,1,25414647,NA,NA,NA,NA
S1_199107461,1,199107461,NA,NA,NA,NA
S2_204467808,2,204467808,NA,NA,NA,NA
S8_156256057,8,156256057,NA,NA,NA,NA
S4_39544121,4,39544121,NA,NA,NA,NA
S9_41673075,9,41673075,NA,NA,NA,NA
S1_253314526,1,253314526,NA,NA,NA,NA
S6_153784458,6,153784458,NA,NA,NA,NA
S2_5866406,2,5866406,NA,NA,NA,NA
S1_188032196,1,188032196,NA,NA,NA,NA
S2_23737305,2,23737305,NA,NA,NA,NA
S2_62290816,2,62290816,NA,NA,NA,NA
S3_185257124,3,185257124,NA,NA,NA,NA
S1_298965319,1,298965319,NA,NA,NA,NA
S9_94515942,9,94515942,NA,NA,NA,NA
S9_33450104,9,33450104,NA,NA,NA,NA
S1_11761592,1,11761592,NA,NA,NA,NA
S5_197606987,5,197606987,NA,NA,NA,NA
S8_73738006,8,73738006,NA,NA,NA,NA
S1_157234554,1,157234554,NA,NA,NA,NA
S1_223034772,1,223034772,NA,NA,NA,NA
S1_223034773,1,223034773,NA,NA,NA,NA
S5_65208588,5,65208588,NA,NA,NA,NA
S2_5685730,2,5685730,NA,NA,NA,NA
S7_8901997,7,8901997,NA,NA,NA,NA
S1_41279108,1,41279108,NA,NA,NA,NA
S4_231043398,4,231043398,NA,NA,NA,NA
S1_5045896,1,5045896,NA,NA,NA,NA
S1_26037580,1,26037580,NA,NA,NA,NA
S1_179646473,1,179646473,NA,NA,NA,NA
S1_2784234,1,2784234,NA,NA,NA,NA
S3_199250961,3,199250961,NA,NA,NA,NA
S10_147902241,10,147902241,NA,NA,NA,NA
S2_157235338,2,157235338,NA,NA,NA,NA
S9_6997971,9,6997971,NA,NA,NA,NA
S6_150076025,6,150076025,NA,NA,NA,NA
S6_3045211,6,3045211,NA,NA,NA,NA
S7_176128473,7,176128473,NA,NA,NA,NA
S8_138510293,8,138510293,NA,NA,NA,NA
S9_80168877,9,80168877,NA,NA,NA,NA
S4_6601767,4,6601767,NA,NA,NA,NA
S1_11476389,1,11476389,NA,NA,NA,NA
S6_154173295,6,154173295,NA,NA,NA,NA
S1_37132648,1,37132648,NA,NA,NA,NA
S1_273036576,1,273036576,NA,NA,NA,NA
S4_199730034,4,199730034,NA,NA,NA,NA
S9_142051997,9,142051997,NA,NA,NA,NA
S8_165596593,8,165596593,NA,NA,NA,NA
S3_38439419,3,38439419,NA,NA,NA,NA
S6_37026970,6,37026970,NA,NA,NA,NA
S5_212647848,5,212647848,NA,NA,NA,NA
S5_19886644,5,19886644,NA,NA,NA,NA
S7_99205850,7,99205850,NA,NA,NA,NA
S10_140995216,10,140995216,NA,NA,NA,NA
S5_156970773,5,156970773,NA,NA,NA,NA
S1_295589209,1,295589209,NA,NA,NA,NA
S6_107757122,6,107757122,NA,NA,NA,NA
S5_1544026,5,1544026,NA,NA,NA,NA
S10_6070513,10,6070513,NA,NA,NA,NA
S10_6070515,10,6070515,NA,NA,NA,NA
S2_54962529,2,54962529,NA,NA,NA,NA
S10_84230546,10,84230546,NA,NA,NA,NA
S8_14843299,8,14843299,NA,NA,NA,NA
S5_11798137,5,11798137,NA,NA,NA,NA
S9_6999750,9,6999750,NA,NA,NA,NA
S1_220057551,1,220057551,NA,NA,NA,NA
S4_15688696,4,15688696,NA,NA,NA,NA
S9_26549551,9,26549551,NA,NA,NA,NA
S4_689412,4,689412,NA,NA,NA,NA
S10_63481560,10,63481560,NA,NA,NA,NA
S8_123614741,8,123614741,NA,NA,NA,NA
S3_205348763,3,205348763,NA,NA,NA,NA
S2_4465536,2,4465536,NA,NA,NA,NA
S5_151715886,5,151715886,NA,NA,NA,NA
S9_41673533,9,41673533,NA,NA,NA,NA
S2_1959287,2,1959287,NA,NA,NA,NA
S7_27027661,7,27027661,NA,NA,NA,NA
S2_225537885,2,225537885,NA,NA,NA,NA
S1_14165903,1,14165903,NA,NA,NA,NA
S1_14165907,1,14165907,NA,NA,NA,NA
S4_166926309,4,166926309,NA,NA,NA,NA
S4_16984985,4,16984985,NA,NA,NA,NA
S5_204605170,5,204605170,NA,NA,NA,NA
S8_74681876,8,74681876,NA,NA,NA,NA
S8_74681878,8,74681878,NA,NA,NA,NA
S2_187816927,2,187816927,NA,NA,NA,NA
S7_159131968,7,159131968,NA,NA,NA,NA
S3_187654870,3,187654870,NA,NA,NA,NA
S5_14138466,5,14138466,NA,NA,NA,NA
S2_189831411,2,189831411,NA,NA,NA,NA
S3_93364680,3,93364680,NA,NA,NA,NA
S3_93364686,3,93364686,NA,NA,NA,NA
S3_2156050,3,2156050,NA,NA,NA,NA
S5_203547859,5,203547859,NA,NA,NA,NA
S4_227273180,4,227273180,NA,NA,NA,NA
S6_128560685,6,128560685,NA,NA,NA,NA
S3_4148357,3,4148357,NA,NA,NA,NA
S7_19490999,7,19490999,NA,NA,NA,NA
S1_240893351,1,240893351,NA,NA,NA,NA
S7_5564454,7,5564454,NA,NA,NA,NA
S7_121192002,7,121192002,NA,NA,NA,NA
S1_274409606,1,274409606,NA,NA,NA,NA
S8_175187466,8,175187466,NA,NA,NA,NA
S3_168486898,3,168486898,NA,NA,NA,NA
S3_172332632,3,172332632,NA,NA,NA,NA
S3_12533905,3,12533905,NA,NA,NA,NA
S5_211160763,5,211160763,NA,NA,NA,NA
S1_64888984,1,64888984,NA,NA,NA,NA
S5_4278140,5,4278140,NA,NA,NA,NA
S4_169556908,4,169556908,NA,NA,NA,NA
S6_164803745,6,164803745,NA,NA,NA,NA
S1_2801538,1,2801538,NA,NA,NA,NA
S1_61949114,1,61949114,NA,NA,NA,NA
S3_188664113,3,188664113,NA,NA,NA,NA
S5_7261134,5,7261134,NA,NA,NA,NA
S3_110188146,3,110188146,NA,NA,NA,NA
S4_167039566,4,167039566,NA,NA,NA,NA
S3_189936685,3,189936685,NA,NA,NA,NA
S8_6805584,8,6805584,NA,NA,NA,NA
S3_90693436,3,90693436,NA,NA,NA,NA
S7_100524520,7,100524520,NA,NA,NA,NA
S7_100524534,7,100524534,NA,NA,NA,NA
S1_281334214,1,281334214,NA,NA,NA,NA
S8_165411196,8,165411196,NA,NA,NA,NA
S1_3197144,1,3197144,NA,NA,NA,NA
S3_17182159,3,17182159,NA,NA,NA,NA
S1_150179767,1,150179767,NA,NA,NA,NA
S1_51757099,1,51757099,NA,NA,NA,NA
S9_148206799,9,148206799,NA,NA,NA,NA
S1_2307001,1,2307001,NA,NA,NA,NA
S9_124666527,9,124666527,NA,NA,NA,NA
S3_227129563,3,227129563,NA,NA,NA,NA
S8_164577549,8,164577549,NA,NA,NA,NA
S2_31924560,2,31924560,NA,NA,NA,NA
S6_59883366,6,59883366,NA,NA,NA,NA
S5_13137993,5,13137993,NA,NA,NA,NA
S5_167671610,5,167671610,NA,NA,NA,NA
S2_41246458,2,41246458,NA,NA,NA,NA
S6_149124658,6,149124658,NA,NA,NA,NA
S1_264986678,1,264986678,NA,NA,NA,NA
S1_5532588,1,5532588,NA,NA,NA,NA
S1_5532590,1,5532590,NA,NA,NA,NA
S2_62291369,2,62291369,NA,NA,NA,NA
S5_51357806,5,51357806,NA,NA,NA,NA
S10_139035926,10,139035926,NA,NA,NA,NA
S3_147292637,3,147292637,NA,NA,NA,NA
S2_232837977,2,232837977,NA,NA,NA,NA
S2_9588145,2,9588145,NA,NA,NA,NA
S3_63144165,3,63144165,NA,NA,NA,NA
S2_6177529,2,6177529,NA,NA,NA,NA
S3_126171888,3,126171888,NA,NA,NA,NA
S3_15233226,3,15233226,NA,NA,NA,NA
S2_49512788,2,49512788,NA,NA,NA,NA
S8_90578591,8,90578591,NA,NA,NA,NA
S6_87519592,6,87519592,NA,NA,NA,NA
S10_106313759,10,106313759,NA,NA,NA,NA
S8_143454648,8,143454648,NA,NA,NA,NA
S8_143454649,8,143454649,NA,NA,NA,NA
S6_39373976,6,39373976,NA,NA,NA,NA
S6_39373981,6,39373981,NA,NA,NA,NA
S6_39373982,6,39373982,NA,NA,NA,NA
S10_5531906,10,5531906,NA,NA,NA,NA
S6_166052120,6,166052120,NA,NA,NA,NA
S5_16464684,5,16464684,NA,NA,NA,NA
S5_55216474,5,55216474,NA,NA,NA,NA
S7_141827025,7,141827025,NA,NA,NA,NA
S1_228664993,1,228664993,NA,NA,NA,NA
S5_208173520,5,208173520,NA,NA,NA,NA
S5_62110009,5,62110009,NA,NA,NA,NA
S7_121183412,7,121183412,NA,NA,NA,NA
S6_96337843,6,96337843,NA,NA,NA,NA
S1_274881521,1,274881521,NA,NA,NA,NA
S1_196053428,1,196053428,NA,NA,NA,NA
S5_214905230,5,214905230,NA,NA,NA,NA
S2_22194599,2,22194599,NA,NA,NA,NA
S8_4232623,8,4232623,NA,NA,NA,NA
S2_235063783,2,235063783,NA,NA,NA,NA
S9_152826262,9,152826262,NA,NA,NA,NA
S4_126474032,4,126474032,NA,NA,NA,NA
S9_147966092,9,147966092,NA,NA,NA,NA
S2_4166839,2,4166839,NA,NA,NA,NA
S8_90189499,8,90189499,NA,NA,NA,NA
S8_168953051,8,168953051,NA,NA,NA,NA
S3_187742521,3,187742521,NA,NA,NA,NA
S5_13179321,5,13179321,NA,NA,NA,NA
S2_175094729,2,175094729,NA,NA,NA,NA
S5_214412313,5,214412313,NA,NA,NA,NA
S3_119698950,3,119698950,NA,NA,NA,NA
S5_29918479,5,29918479,NA,NA,NA,NA
S5_44720218,5,44720218,NA,NA,NA,NA
S10_148229118,10,148229118,NA,NA,NA,NA
S4_834030,4,834030,NA,NA,NA,NA
S9_23212098,9,23212098,NA,NA,NA,NA
S5_59974806,5,59974806,NA,NA,NA,NA
S4_240524556,4,240524556,NA,NA,NA,NA
S9_100310649,9,100310649,NA,NA,NA,NA
S7_6067984,7,6067984,NA,NA,NA,NA
S1_179643252,1,179643252,NA,NA,NA,NA
S1_3356400,1,3356400,NA,NA,NA,NA
S8_16353268,8,16353268,NA,NA,NA,NA
S2_13299880,2,13299880,NA,NA,NA,NA
S6_26150477,6,26150477,NA,NA,NA,NA
S2_139644347,2,139644347,NA,NA,NA,NA
S5_157496819,5,157496819,NA,NA,NA,NA
S6_82813955,6,82813955,NA,NA,NA,NA
S3_221923284,3,221923284,NA,NA,NA,NA
S8_167089656,8,167089656,NA,NA,NA,NA
S8_167089657,8,167089657,NA,NA,NA,NA
S8_167089658,8,167089658,NA,NA,NA,NA
S8_167089661,8,167089661,NA,NA,NA,NA
S2_218844082,2,218844082,NA,NA,NA,NA
S1_46580932,1,46580932,NA,NA,NA,NA
S1_292521131,1,292521131,NA,NA,NA,NA
S2_21627439,2,21627439,NA,NA,NA,NA
S2_211722498,2,211722498,NA,NA,NA,NA
S2_211722499,2,211722499,NA,NA,NA,NA
S2_184946029,2,184946029,NA,NA,NA,NA
S4_200318953,4,200318953,NA,NA,NA,NA
S4_200318968,4,200318968,NA,NA,NA,NA
S3_63177996,3,63177996,NA,NA,NA,NA
S1_5634438,1,5634438,NA,NA,NA,NA
S7_1955434,7,1955434,NA,NA,NA,NA
S3_135306974,3,135306974,NA,NA,NA,NA
S1_274237192,1,274237192,NA,NA,NA,NA
S8_165715577,8,165715577,NA,NA,NA,NA
S9_58451118,9,58451118,NA,NA,NA,NA
S2_152503566,2,152503566,NA,NA,NA,NA
S6_163818814,6,163818814,NA,NA,NA,NA
S6_98030592,6,98030592,NA,NA,NA,NA
S6_2446126,6,2446126,NA,NA,NA,NA
S10_117829367,10,117829367,NA,NA,NA,NA
S9_152858997,9,152858997,NA,NA,NA,NA
S10_27646077,10,27646077,NA,NA,NA,NA
S7_3170855,7,3170855,NA,NA,NA,NA
S6_158471325,6,158471325,NA,NA,NA,NA
S3_141572404,3,141572404,NA,NA,NA,NA
S7_129264812,7,129264812,NA,NA,NA,NA
S1_252150796,1,252150796,NA,NA,NA,NA
S1_230200799,1,230200799,NA,NA,NA,NA
S8_152322518,8,152322518,NA,NA,NA,NA
S5_30221006,5,30221006,NA,NA,NA,NA
S2_218748431,2,218748431,NA,NA,NA,NA
S1_248735475,1,248735475,NA,NA,NA,NA
S6_78820956,6,78820956,NA,NA,NA,NA
S2_3188211,2,3188211,NA,NA,NA,NA
S6_154840262,6,154840262,NA,NA,NA,NA
S8_113570619,8,113570619,NA,NA,NA,NA
S1_198541547,1,198541547,NA,NA,NA,NA
S10_39185051,10,39185051,NA,NA,NA,NA
S10_98689007,10,98689007,NA,NA,NA,NA
S2_234229490,2,234229490,NA,NA,NA,NA
S2_17875639,2,17875639,NA,NA,NA,NA
S3_199402209,3,199402209,NA,NA,NA,NA
S9_107720548,9,107720548,NA,NA,NA,NA
S1_38871910,1,38871910,NA,NA,NA,NA
S1_188073838,1,188073838,NA,NA,NA,NA
S1_80964123,1,80964123,NA,NA,NA,NA
S9_7177176,9,7177176,NA,NA,NA,NA
S9_17395987,9,17395987,NA,NA,NA,NA
S7_162309343,7,162309343,NA,NA,NA,NA
S2_196866172,2,196866172,NA,NA,NA,NA
S3_21856403,3,21856403,NA,NA,NA,NA
S5_194560176,5,194560176,NA,NA,NA,NA
S5_194560177,5,194560177,NA,NA,NA,NA
S5_194560179,5,194560179,NA,NA,NA,NA
S3_11397762,3,11397762,NA,NA,NA,NA
S3_11397763,3,11397763,NA,NA,NA,NA
S7_163058880,7,163058880,NA,NA,NA,NA
S8_17420688,8,17420688,NA,NA,NA,NA
S6_162153489,6,162153489,NA,NA,NA,NA
S5_53533965,5,53533965,NA,NA,NA,NA
S1_196051701,1,196051701,NA,NA,NA,NA
S10_131743951,10,131743951,NA,NA,NA,NA
S3_22250415,3,22250415,NA,NA,NA,NA
S1_288856064,1,288856064,NA,NA,NA,NA
S5_193555382,5,193555382,NA,NA,NA,NA
S5_179024804,5,179024804,NA,NA,NA,NA
S10_109804242,10,109804242,NA,NA,NA,NA
S2_233598186,2,233598186,NA,NA,NA,NA
S2_233598189,2,233598189,NA,NA,NA,NA
S2_233598195,2,233598195,NA,NA,NA,NA
S9_7177167,9,7177167,NA,NA,NA,NA
S5_174359278,5,174359278,NA,NA,NA,NA
S1_53075660,1,53075660,NA,NA,NA,NA
S9_26831939,9,26831939,NA,NA,NA,NA
S7_154741603,7,154741603,NA,NA,NA,NA
S1_230827059,1,230827059,NA,NA,NA,NA
S1_107893712,1,107893712,NA,NA,NA,NA
S3_228551529,3,228551529,NA,NA,NA,NA
S5_167587029,5,167587029,NA,NA,NA,NA
S6_37901408,6,37901408,NA,NA,NA,NA
S6_37901414,6,37901414,NA,NA,NA,NA
S9_25042153,9,25042153,NA,NA,NA,NA
S6_105752875,6,105752875,NA,NA,NA,NA
S3_230967208,3,230967208,NA,NA,NA,NA
S5_182137992,5,182137992,NA,NA,NA,NA
S1_193590487,1,193590487,NA,NA,NA,NA
S1_10396079,1,10396079,NA,NA,NA,NA
S8_137757371,8,137757371,NA,NA,NA,NA
S2_104175230,2,104175230,NA,NA,NA,NA
S4_38724605,4,38724605,NA,NA,NA,NA
S3_21553134,3,21553134,NA,NA,NA,NA
S7_155342303,7,155342303,NA,NA,NA,NA
S10_127812494,10,127812494,NA,NA,NA,NA
S3_206752259,3,206752259,NA,NA,NA,NA
S3_56324774,3,56324774,NA,NA,NA,NA
S4_83198068,4,83198068,NA,NA,NA,NA
S1_274991212,1,274991212,NA,NA,NA,NA
S3_38438912,3,38438912,NA,NA,NA,NA
S5_150510222,5,150510222,NA,NA,NA,NA
S4_240106408,4,240106408,NA,NA,NA,NA
S6_141511163,6,141511163,NA,NA,NA,NA
S3_43222766,3,43222766,NA,NA,NA,NA
S5_7140398,5,7140398,NA,NA,NA,NA
S8_150561301,8,150561301,NA,NA,NA,NA
S3_22250501,3,22250501,NA,NA,NA,NA
S3_214273571,3,214273571,NA,NA,NA,NA
S7_100689583,7,100689583,NA,NA,NA,NA
S4_236184863,4,236184863,NA,NA,NA,NA
S9_154378231,9,154378231,NA,NA,NA,NA
S6_123777565,6,123777565,NA,NA,NA,NA
S6_123777598,6,123777598,NA,NA,NA,NA
S1_54534423,1,54534423,NA,NA,NA,NA
S5_3056674,5,3056674,NA,NA,NA,NA
S1_255545020,1,255545020,NA,NA,NA,NA
S5_53534362,5,53534362,NA,NA,NA,NA
S5_53534390,5,53534390,NA,NA,NA,NA
S5_53534391,5,53534391,NA,NA,NA,NA
S5_53534397,5,53534397,NA,NA,NA,NA
S5_17498395,5,17498395,NA,NA,NA,NA
S3_201069047,3,201069047,NA,NA,NA,NA
S1_292403115,1,292403115,NA,NA,NA,NA
S6_164143184,6,164143184,NA,NA,NA,NA
S4_181890725,4,181890725,NA,NA,NA,NA
S8_171875672,8,171875672,NA,NA,NA,NA
S7_103876950,7,103876950,NA,NA,NA,NA
S5_151314742,5,151314742,NA,NA,NA,NA
S3_174827521,3,174827521,NA,NA,NA,NA
S8_160105372,8,160105372,NA,NA,NA,NA
S3_20306101,3,20306101,NA,NA,NA,NA
S5_180407655,5,180407655,NA,NA,NA,NA
S2_3055483,2,3055483,NA,NA,NA,NA
S8_64707267,8,64707267,NA,NA,NA,NA
S2_45420090,2,45420090,NA,NA,NA,NA
S1_6922850,1,6922850,NA,NA,NA,NA
S7_25506600,7,25506600,NA,NA,NA,NA
S3_226971392,3,226971392,NA,NA,NA,NA
S3_226971393,3,226971393,NA,NA,NA,NA
S3_226971395,3,226971395,NA,NA,NA,NA
S1_215908691,1,215908691,NA,NA,NA,NA
S6_164869966,6,164869966,NA,NA,NA,NA
S5_56424337,5,56424337,NA,NA,NA,NA
S3_221953364,3,221953364,NA,NA,NA,NA
S10_13470769,10,13470769,NA,NA,NA,NA
S7_165420770,7,165420770,NA,NA,NA,NA
S6_111368386,6,111368386,NA,NA,NA,NA
S9_145512371,9,145512371,NA,NA,NA,NA
S1_271191575,1,271191575,NA,NA,NA,NA
S6_113110404,6,113110404,NA,NA,NA,NA
S3_127500237,3,127500237,NA,NA,NA,NA
S3_22571436,3,22571436,NA,NA,NA,NA
S3_32541482,3,32541482,NA,NA,NA,NA
S5_15701325,5,15701325,NA,NA,NA,NA
S1_77532950,1,77532950,NA,NA,NA,NA
S1_115219005,1,115219005,NA,NA,NA,NA
S3_156936844,3,156936844,NA,NA,NA,NA
S9_8470741,9,8470741,NA,NA,NA,NA
S8_132372389,8,132372389,NA,NA,NA,NA
S8_170275703,8,170275703,NA,NA,NA,NA
S1_194492802,1,194492802,NA,NA,NA,NA
S9_141479733,9,141479733,NA,NA,NA,NA
S9_141479759,9,141479759,NA,NA,NA,NA
S2_216005119,2,216005119,NA,NA,NA,NA
S3_185033990,3,185033990,NA,NA,NA,NA
S3_33776584,3,33776584,NA,NA,NA,NA
S8_24523683,8,24523683,NA,NA,NA,NA
S8_21615671,8,21615671,NA,NA,NA,NA
S4_40348572,4,40348572,NA,NA,NA,NA
S7_172738783,7,172738783,NA,NA,NA,NA
S9_88927057,9,88927057,NA,NA,NA,NA
S9_2456617,9,2456617,NA,NA,NA,NA
S1_275382135,1,275382135,NA,NA,NA,NA
S4_19250515,4,19250515,NA,NA,NA,NA
S6_38792262,6,38792262,NA,NA,NA,NA
S1_217134390,1,217134390,NA,NA,NA,NA
S3_154592805,3,154592805,NA,NA,NA,NA
S3_154592811,3,154592811,NA,NA,NA,NA
S1_56443107,1,56443107,NA,NA,NA,NA
S3_209022768,3,209022768,NA,NA,NA,NA
S3_209022774,3,209022774,NA,NA,NA,NA
S9_62257710,9,62257710,NA,NA,NA,NA
S1_35212791,1,35212791,NA,NA,NA,NA
S7_137334933,7,137334933,NA,NA,NA,NA
S5_193547797,5,193547797,NA,NA,NA,NA
S9_9644852,9,9644852,NA,NA,NA,NA
S5_212157493,5,212157493,NA,NA,NA,NA
S2_5682698,2,5682698,NA,NA,NA,NA
S4_234403281,4,234403281,NA,NA,NA,NA
S7_14609044,7,14609044,NA,NA,NA,NA
S9_141321686,9,141321686,NA,NA,NA,NA
S1_17715375,1,17715375,NA,NA,NA,NA
S1_290953310,1,290953310,NA,NA,NA,NA
S5_19299109,5,19299109,NA,NA,NA,NA
S5_8334554,5,8334554,NA,NA,NA,NA
S3_14930440,3,14930440,NA,NA,NA,NA
S7_50368042,7,50368042,NA,NA,NA,NA
S7_50368081,7,50368081,NA,NA,NA,NA
S5_14757136,5,14757136,NA,NA,NA,NA
S5_91356805,5,91356805,NA,NA,NA,NA
S3_5786359,3,5786359,NA,NA,NA,NA
S5_20921794,5,20921794,NA,NA,NA,NA
S3_16568612,3,16568612,NA,NA,NA,NA
S6_120136063,6,120136063,NA,NA,NA,NA
S1_35055311,1,35055311,NA,NA,NA,NA
S4_173558098,4,173558098,NA,NA,NA,NA
S6_141277799,6,141277799,NA,NA,NA,NA
S6_141277805,6,141277805,NA,NA,NA,NA
S2_26881468,2,26881468,NA,NA,NA,NA
S2_221313560,2,221313560,NA,NA,NA,NA
S6_164309159,6,164309159,NA,NA,NA,NA
S6_100126220,6,100126220,NA,NA,NA,NA
S10_142718449,10,142718449,NA,NA,NA,NA
S8_148008434,8,148008434,NA,NA,NA,NA
S3_217561370,3,217561370,NA,NA,NA,NA
S9_150979338,9,150979338,NA,NA,NA,NA
S9_144449102,9,144449102,NA,NA,NA,NA
S6_117452575,6,117452575,NA,NA,NA,NA
S3_212022860,3,212022860,NA,NA,NA,NA
S3_212022864,3,212022864,NA,NA,NA,NA
S1_228415652,1,228415652,NA,NA,NA,NA
S4_67652653,4,67652653,NA,NA,NA,NA
S1_274991268,1,274991268,NA,NA,NA,NA
S1_157250884,1,157250884,NA,NA,NA,NA
S3_156638192,3,156638192,NA,NA,NA,NA
S1_32582490,1,32582490,NA,NA,NA,NA
S10_116894577,10,116894577,NA,NA,NA,NA
S6_17958279,6,17958279,NA,NA,NA,NA
S7_161620348,7,161620348,NA,NA,NA,NA
S9_45849939,9,45849939,NA,NA,NA,NA
S2_10718931,2,10718931,NA,NA,NA,NA
S3_11397767,3,11397767,NA,NA,NA,NA
S6_135656741,6,135656741,NA,NA,NA,NA
S3_46177572,3,46177572,NA,NA,NA,NA
S10_148426769,10,148426769,NA,NA,NA,NA
S5_13180634,5,13180634,NA,NA,NA,NA
S6_161450649,6,161450649,NA,NA,NA,NA
S10_4749661,10,4749661,NA,NA,NA,NA
S2_170772319,2,170772319,NA,NA,NA,NA
S3_204285523,3,204285523,NA,NA,NA,NA
S5_198777211,5,198777211,NA,NA,NA,NA
S6_46775186,6,46775186,NA,NA,NA,NA
S2_213185523,2,213185523,NA,NA,NA,NA
S9_51042416,9,51042416,NA,NA,NA,NA
S9_51042425,9,51042425,NA,NA,NA,NA
S9_146709218,9,146709218,NA,NA,NA,NA
S9_146709220,9,146709220,NA,NA,NA,NA
S9_146709224,9,146709224,NA,NA,NA,NA
S3_201937607,3,201937607,NA,NA,NA,NA
S2_16224692,2,16224692,NA,NA,NA,NA
S6_31541058,6,31541058,NA,NA,NA,NA
S2_233677669,2,233677669,NA,NA,NA,NA
S6_82765386,6,82765386,NA,NA,NA,NA
S6_167030927,6,167030927,NA,NA,NA,NA
S2_139644345,2,139644345,NA,NA,NA,NA
S2_139644348,2,139644348,NA,NA,NA,NA
S1_268956350,1,268956350,NA,NA,NA,NA
S4_188030905,4,188030905,NA,NA,NA,NA
S4_158196279,4,158196279,NA,NA,NA,NA
S6_167594874,6,167594874,NA,NA,NA,NA
S2_210633833,2,210633833,NA,NA,NA,NA
S5_142579539,5,142579539,NA,NA,NA,NA
S9_98944543,9,98944543,NA,NA,NA,NA
S1_201489898,1,201489898,NA,NA,NA,NA
S5_43738831,5,43738831,NA,NA,NA,NA
S2_6983726,2,6983726,NA,NA,NA,NA
S1_27126824,1,27126824,NA,NA,NA,NA
S2_49060814,2,49060814,NA,NA,NA,NA
S1_191586117,1,191586117,NA,NA,NA,NA
S8_173839537,8,173839537,NA,NA,NA,NA
S10_133368535,10,133368535,NA,NA,NA,NA
S7_7573524,7,7573524,NA,NA,NA,NA
S5_63828438,5,63828438,NA,NA,NA,NA
S9_147970438,9,147970438,NA,NA,NA,NA
S1_162160376,1,162160376,NA,NA,NA,NA
S1_274408145,1,274408145,NA,NA,NA,NA
S3_162800553,3,162800553,NA,NA,NA,NA
S3_162800565,3,162800565,NA,NA,NA,NA
S3_127101202,3,127101202,NA,NA,NA,NA
S7_60945448,7,60945448,NA,NA,NA,NA
S2_51235088,2,51235088,NA,NA,NA,NA
S6_115901733,6,115901733,NA,NA,NA,NA
S5_22102892,5,22102892,NA,NA,NA,NA
S2_12890048,2,12890048,NA,NA,NA,NA
S3_7524700,3,7524700,NA,NA,NA,NA
S1_41278067,1,41278067,NA,NA,NA,NA
S1_25411005,1,25411005,NA,NA,NA,NA
S8_137752039,8,137752039,NA,NA,NA,NA
S8_157883141,8,157883141,NA,NA,NA,NA
S9_142918933,9,142918933,NA,NA,NA,NA
S1_285340252,1,285340252,NA,NA,NA,NA
S8_136286193,8,136286193,NA,NA,NA,NA
S5_83023523,5,83023523,NA,NA,NA,NA
S3_216987551,3,216987551,NA,NA,NA,NA
S1_189400955,1,189400955,NA,NA,NA,NA
S1_64150037,1,64150037,NA,NA,NA,NA
S5_2923678,5,2923678,NA,NA,NA,NA
S8_3195697,8,3195697,NA,NA,NA,NA
S7_99090220,7,99090220,NA,NA,NA,NA
S2_18072928,2,18072928,NA,NA,NA,NA
S6_107036635,6,107036635,NA,NA,NA,NA
S5_20188217,5,20188217,NA,NA,NA,NA
S5_211179403,5,211179403,NA,NA,NA,NA
S2_5692184,2,5692184,NA,NA,NA,NA
S3_219195200,3,219195200,NA,NA,NA,NA
S1_62701201,1,62701201,NA,NA,NA,NA
S1_22656076,1,22656076,NA,NA,NA,NA
S10_135610340,10,135610340,NA,NA,NA,NA
S5_206267084,5,206267084,NA,NA,NA,NA
S1_224101705,1,224101705,NA,NA,NA,NA
S7_161684225,7,161684225,NA,NA,NA,NA
S4_74411112,4,74411112,NA,NA,NA,NA
S4_180429750,4,180429750,NA,NA,NA,NA
S6_159829367,6,159829367,NA,NA,NA,NA
S8_40787092,8,40787092,NA,NA,NA,NA
S2_2491974,2,2491974,NA,NA,NA,NA
S10_142369516,10,142369516,NA,NA,NA,NA
S1_273036571,1,273036571,NA,NA,NA,NA
S1_272349353,1,272349353,NA,NA,NA,NA
S8_167192651,8,167192651,NA,NA,NA,NA
S3_184269923,3,184269923,NA,NA,NA,NA
S10_9598167,10,9598167,NA,NA,NA,NA
S10_139081560,10,139081560,NA,NA,NA,NA
S2_234229130,2,234229130,NA,NA,NA,NA
S6_6546157,6,6546157,NA,NA,NA,NA
S3_170535863,3,170535863,NA,NA,NA,NA
S1_2469093,1,2469093,NA,NA,NA,NA
S3_34681046,3,34681046,NA,NA,NA,NA
S7_131394545,7,131394545,NA,NA,NA,NA
S5_208429451,5,208429451,NA,NA,NA,NA
S3_86355805,3,86355805,NA,NA,NA,NA
S7_25506608,7,25506608,NA,NA,NA,NA
S7_25506612,7,25506612,NA,NA,NA,NA
S5_17321655,5,17321655,NA,NA,NA,NA
S4_236965943,4,236965943,NA,NA,NA,NA
S1_164640216,1,164640216,NA,NA,NA,NA
S3_4757723,3,4757723,NA,NA,NA,NA
S9_59453974,9,59453974,NA,NA,NA,NA
S6_6545889,6,6545889,NA,NA,NA,NA
S2_36588870,2,36588870,NA,NA,NA,NA
S9_116955640,9,116955640,NA,NA,NA,NA
S2_233749060,2,233749060,NA,NA,NA,NA
S8_127720975,8,127720975,NA,NA,NA,NA
S5_22356639,5,22356639,NA,NA,NA,NA
S9_141477690,9,141477690,NA,NA,NA,NA
S8_123614746,8,123614746,NA,NA,NA,NA
S2_45967761,2,45967761,NA,NA,NA,NA
S2_45967764,2,45967764,NA,NA,NA,NA
S2_45967766,2,45967766,NA,NA,NA,NA
S2_45967767,2,45967767,NA,NA,NA,NA
S2_45967769,2,45967769,NA,NA,NA,NA
S2_45967773,2,45967773,NA,NA,NA,NA
S4_238463502,4,238463502,NA,NA,NA,NA
S9_31910827,9,31910827,NA,NA,NA,NA
S4_5238028,4,5238028,NA,NA,NA,NA
S6_57574283,6,57574283,NA,NA,NA,NA
S6_156255174,6,156255174,NA,NA,NA,NA
S6_67259792,6,67259792,NA,NA,NA,NA
S7_173441882,7,173441882,NA,NA,NA,NA
S7_86025159,7,86025159,NA,NA,NA,NA
S2_96341776,2,96341776,NA,NA,NA,NA
S2_41306887,2,41306887,NA,NA,NA,NA
S2_184763232,2,184763232,NA,NA,NA,NA
S8_111630011,8,111630011,NA,NA,NA,NA
S1_155425751,1,155425751,NA,NA,NA,NA
S2_3974950,2,3974950,NA,NA,NA,NA
S4_176654055,4,176654055,NA,NA,NA,NA
S8_161560128,8,161560128,NA,NA,NA,NA
S3_188539926,3,188539926,NA,NA,NA,NA
S9_88734963,9,88734963,NA,NA,NA,NA
S1_30259081,1,30259081,NA,NA,NA,NA
S1_296662411,1,296662411,NA,NA,NA,NA
S5_85074924,5,85074924,NA,NA,NA,NA
S8_102533583,8,102533583,NA,NA,NA,NA
S5_141258729,5,141258729,NA,NA,NA,NA
S4_56859404,4,56859404,NA,NA,NA,NA
S5_20921923,5,20921923,NA,NA,NA,NA
S3_1477391,3,1477391,NA,NA,NA,NA
S7_159759966,7,159759966,NA,NA,NA,NA
S1_199730706,1,199730706,NA,NA,NA,NA
S7_154455315,7,154455315,NA,NA,NA,NA
S4_28116897,4,28116897,NA,NA,NA,NA
S10_4585972,10,4585972,NA,NA,NA,NA
S3_174361770,3,174361770,NA,NA,NA,NA
S2_17904479,2,17904479,NA,NA,NA,NA
S8_94697096,8,94697096,NA,NA,NA,NA
S1_276436919,1,276436919,NA,NA,NA,NA
S3_145178515,3,145178515,NA,NA,NA,NA
S10_71810400,10,71810400,NA,NA,NA,NA
S10_1321333,10,1321333,NA,NA,NA,NA
S9_24599545,9,24599545,NA,NA,NA,NA
S8_157419571,8,157419571,NA,NA,NA,NA
S8_125739765,8,125739765,NA,NA,NA,NA
S5_1546459,5,1546459,NA,NA,NA,NA
S6_161658343,6,161658343,NA,NA,NA,NA
S6_39373946,6,39373946,NA,NA,NA,NA
S6_39373974,6,39373974,NA,NA,NA,NA
S1_9123511,1,9123511,NA,NA,NA,NA
S9_100190808,9,100190808,NA,NA,NA,NA
S2_235443580,2,235443580,NA,NA,NA,NA
S1_223688082,1,223688082,NA,NA,NA,NA
S3_184121170,3,184121170,NA,NA,NA,NA
S1_200162853,1,200162853,NA,NA,NA,NA
S6_7137046,6,7137046,NA,NA,NA,NA
S6_7137049,6,7137049,NA,NA,NA,NA
S1_263752970,1,263752970,NA,NA,NA,NA
S7_142114220,7,142114220,NA,NA,NA,NA
S3_217007803,3,217007803,NA,NA,NA,NA
S1_6424100,1,6424100,NA,NA,NA,NA
S7_155836712,7,155836712,NA,NA,NA,NA
S7_40412965,7,40412965,NA,NA,NA,NA
S5_208098757,5,208098757,NA,NA,NA,NA
S7_168218278,7,168218278,NA,NA,NA,NA
S3_191060966,3,191060966,NA,NA,NA,NA
S1_166667432,1,166667432,NA,NA,NA,NA
S6_34635473,6,34635473,NA,NA,NA,NA
S6_168436228,6,168436228,NA,NA,NA,NA
S1_224068006,1,224068006,NA,NA,NA,NA
S1_170574485,1,170574485,NA,NA,NA,NA
S3_5989982,3,5989982,NA,NA,NA,NA
S3_5989983,3,5989983,NA,NA,NA,NA
S3_179992801,3,179992801,NA,NA,NA,NA
S2_1438040,2,1438040,NA,NA,NA,NA
S8_66143414,8,66143414,NA,NA,NA,NA
S5_215002973,5,215002973,NA,NA,NA,NA
S5_215002984,5,215002984,NA,NA,NA,NA
S5_215002988,5,215002988,NA,NA,NA,NA
S8_159489184,8,159489184,NA,NA,NA,NA
S8_163382510,8,163382510,NA,NA,NA,NA
S4_201363827,4,201363827,NA,NA,NA,NA
S10_114237321,10,114237321,NA,NA,NA,NA
S8_138658943,8,138658943,NA,NA,NA,NA
S8_138658953,8,138658953,NA,NA,NA,NA
S4_177150234,4,177150234,NA,NA,NA,NA
S3_212009990,3,212009990,NA,NA,NA,NA
S3_212009994,3,212009994,NA,NA,NA,NA
S10_135911650,10,135911650,NA,NA,NA,NA
S3_150049510,3,150049510,NA,NA,NA,NA
S10_2031776,10,2031776,NA,NA,NA,NA
S1_199492151,1,199492151,NA,NA,NA,NA
S9_12878120,9,12878120,NA,NA,NA,NA
S9_45707339,9,45707339,NA,NA,NA,NA
S4_172999549,4,172999549,NA,NA,NA,NA
S3_35554763,3,35554763,NA,NA,NA,NA
S2_22494611,2,22494611,NA,NA,NA,NA
S2_111581192,2,111581192,NA,NA,NA,NA
S9_7266912,9,7266912,NA,NA,NA,NA
S2_1654030,2,1654030,NA,NA,NA,NA
S9_100684425,9,100684425,NA,NA,NA,NA
S1_62500889,1,62500889,NA,NA,NA,NA
S4_184783218,4,184783218,NA,NA,NA,NA
S1_51041320,1,51041320,NA,NA,NA,NA
S3_197416866,3,197416866,NA,NA,NA,NA
S2_164980732,2,164980732,NA,NA,NA,NA
S7_9199277,7,9199277,NA,NA,NA,NA
S10_141612076,10,141612076,NA,NA,NA,NA
S6_166812300,6,166812300,NA,NA,NA,NA
S3_213778610,3,213778610,NA,NA,NA,NA
S9_23060806,9,23060806,NA,NA,NA,NA
S8_47307917,8,47307917,NA,NA,NA,NA
S6_56452451,6,56452451,NA,NA,NA,NA
S2_232975926,2,232975926,NA,NA,NA,NA
S8_174377833,8,174377833,NA,NA,NA,NA
S8_13912391,8,13912391,NA,NA,NA,NA
S6_45276880,6,45276880,NA,NA,NA,NA
S5_14138453,5,14138453,NA,NA,NA,NA
S5_14138493,5,14138493,NA,NA,NA,NA
S3_169733958,3,169733958,NA,NA,NA,NA
S4_159561913,4,159561913,NA,NA,NA,NA
S5_208900736,5,208900736,NA,NA,NA,NA
S5_208900737,5,208900737,NA,NA,NA,NA
S6_34221367,6,34221367,NA,NA,NA,NA
S5_19441435,5,19441435,NA,NA,NA,NA
S8_65982313,8,65982313,NA,NA,NA,NA
S8_169912289,8,169912289,NA,NA,NA,NA
S10_1349096,10,1349096,NA,NA,NA,NA
S3_192021575,3,192021575,NA,NA,NA,NA
S9_132045385,9,132045385,NA,NA,NA,NA
S1_276818314,1,276818314,NA,NA,NA,NA
S9_33547534,9,33547534,NA,NA,NA,NA
S3_216523199,3,216523199,NA,NA,NA,NA
S9_49309527,9,49309527,NA,NA,NA,NA
S5_188455745,5,188455745,NA,NA,NA,NA
S9_112940495,9,112940495,NA,NA,NA,NA
S1_102584579,1,102584579,NA,NA,NA,NA
S3_41601417,3,41601417,NA,NA,NA,NA
S2_178270426,2,178270426,NA,NA,NA,NA
S5_23573562,5,23573562,NA,NA,NA,NA
S1_216697720,1,216697720,NA,NA,NA,NA
S1_216697750,1,216697750,NA,NA,NA,NA
S3_213331476,3,213331476,NA,NA,NA,NA
S7_173822490,7,173822490,NA,NA,NA,NA
S4_180429831,4,180429831,NA,NA,NA,NA
S3_210263780,3,210263780,NA,NA,NA,NA
S1_166801426,1,166801426,NA,NA,NA,NA
S2_192802845,2,192802845,NA,NA,NA,NA
S10_137830803,10,137830803,NA,NA,NA,NA
S1_22744823,1,22744823,NA,NA,NA,NA
S7_137488857,7,137488857,NA,NA,NA,NA
S10_63618909,10,63618909,NA,NA,NA,NA
S10_63618933,10,63618933,NA,NA,NA,NA
S7_153573814,7,153573814,NA,NA,NA,NA
S8_156887676,8,156887676,NA,NA,NA,NA
S8_156887679,8,156887679,NA,NA,NA,NA
S9_27018026,9,27018026,NA,NA,NA,NA
S9_27018039,9,27018039,NA,NA,NA,NA
S9_27018040,9,27018040,NA,NA,NA,NA
S9_4115422,9,4115422,NA,NA,NA,NA
S1_9217135,1,9217135,NA,NA,NA,NA
S4_2382825,4,2382825,NA,NA,NA,NA
S1_262392557,1,262392557,NA,NA,NA,NA
S1_262392559,1,262392559,NA,NA,NA,NA
S9_6312301,9,6312301,NA,NA,NA,NA
S8_169996693,8,169996693,NA,NA,NA,NA
S5_201665063,5,201665063,NA,NA,NA,NA
S1_228056876,1,228056876,NA,NA,NA,NA
S1_279565922,1,279565922,NA,NA,NA,NA
S1_279565923,1,279565923,NA,NA,NA,NA
S8_145619854,8,145619854,NA,NA,NA,NA
S9_123001483,9,123001483,NA,NA,NA,NA
S4_214912863,4,214912863,NA,NA,NA,NA
S1_2091497,1,2091497,NA,NA,NA,NA
S3_127931323,3,127931323,NA,NA,NA,NA
S2_225307021,2,225307021,NA,NA,NA,NA
S5_153888474,5,153888474,NA,NA,NA,NA
S5_153888496,5,153888496,NA,NA,NA,NA
S5_160656672,5,160656672,NA,NA,NA,NA
S4_240113300,4,240113300,NA,NA,NA,NA
S7_28319915,7,28319915,NA,NA,NA,NA
S10_95916223,10,95916223,NA,NA,NA,NA
S6_87519566,6,87519566,NA,NA,NA,NA
S2_232715206,2,232715206,NA,NA,NA,NA
S2_232715214,2,232715214,NA,NA,NA,NA
S7_172975579,7,172975579,NA,NA,NA,NA
S7_169202528,7,169202528,NA,NA,NA,NA
S3_184268703,3,184268703,NA,NA,NA,NA
S7_104759735,7,104759735,NA,NA,NA,NA
S10_118699077,10,118699077,NA,NA,NA,NA
S2_10013960,2,10013960,NA,NA,NA,NA
S5_190677159,5,190677159,NA,NA,NA,NA
S7_138372014,7,138372014,NA,NA,NA,NA
S4_182008372,4,182008372,NA,NA,NA,NA
S3_159865108,3,159865108,NA,NA,NA,NA
S8_160099279,8,160099279,NA,NA,NA,NA
S1_246219331,1,246219331,NA,NA,NA,NA
S1_12256156,1,12256156,NA,NA,NA,NA
S8_169191382,8,169191382,NA,NA,NA,NA
S8_159954040,8,159954040,NA,NA,NA,NA
S2_10653253,2,10653253,NA,NA,NA,NA
S5_2784684,5,2784684,NA,NA,NA,NA
S5_174317639,5,174317639,NA,NA,NA,NA
S5_174317649,5,174317649,NA,NA,NA,NA
S10_8805537,10,8805537,NA,NA,NA,NA
S1_8975847,1,8975847,NA,NA,NA,NA
S10_13554993,10,13554993,NA,NA,NA,NA
S7_995700,7,995700,NA,NA,NA,NA
S4_41890714,4,41890714,NA,NA,NA,NA
S2_86001817,2,86001817,NA,NA,NA,NA
S7_14465080,7,14465080,NA,NA,NA,NA
S6_97913253,6,97913253,NA,NA,NA,NA
S10_25557038,10,25557038,NA,NA,NA,NA
S9_116262770,9,116262770,NA,NA,NA,NA
S9_116262771,9,116262771,NA,NA,NA,NA
S3_172332637,3,172332637,NA,NA,NA,NA
S5_179836953,5,179836953,NA,NA,NA,NA
S5_182091386,5,182091386,NA,NA,NA,NA
S2_51286743,2,51286743,NA,NA,NA,NA
S3_92980630,3,92980630,NA,NA,NA,NA
S3_92980636,3,92980636,NA,NA,NA,NA
S9_115771058,9,115771058,NA,NA,NA,NA
S1_253798778,1,253798778,NA,NA,NA,NA
S1_248141877,1,248141877,NA,NA,NA,NA
S1_248141929,1,248141929,NA,NA,NA,NA
S2_188053402,2,188053402,NA,NA,NA,NA
S2_201971203,2,201971203,NA,NA,NA,NA
S1_12852920,1,12852920,NA,NA,NA,NA
S4_234621748,4,234621748,NA,NA,NA,NA
S3_122058805,3,122058805,NA,NA,NA,NA
S1_39241384,1,39241384,NA,NA,NA,NA
S4_195326632,4,195326632,NA,NA,NA,NA
S10_146422689,10,146422689,NA,NA,NA,NA
S10_139314701,10,139314701,NA,NA,NA,NA
S5_176611275,5,176611275,NA,NA,NA,NA
S6_80634499,6,80634499,NA,NA,NA,NA
S5_13051376,5,13051376,NA,NA,NA,NA
S5_75935777,5,75935777,NA,NA,NA,NA
S8_75470839,8,75470839,NA,NA,NA,NA
S10_136116216,10,136116216,NA,NA,NA,NA
S7_4802858,7,4802858,NA,NA,NA,NA
S7_4802847,7,4802847,NA,NA,NA,NA
S7_4802861,7,4802861,NA,NA,NA,NA
S8_51064895,8,51064895,NA,NA,NA,NA
S6_123371622,6,123371622,NA,NA,NA,NA
S2_22607342,2,22607342,NA,NA,NA,NA
S3_166796198,3,166796198,NA,NA,NA,NA
S1_77855250,1,77855250,NA,NA,NA,NA
S8_163903758,8,163903758,NA,NA,NA,NA
S9_17396018,9,17396018,NA,NA,NA,NA
S4_156997115,4,156997115,NA,NA,NA,NA
S10_106051104,10,106051104,NA,NA,NA,NA
S7_168660755,7,168660755,NA,NA,NA,NA
S5_10541117,5,10541117,NA,NA,NA,NA
S7_3904607,7,3904607,NA,NA,NA,NA
S5_19890320,5,19890320,NA,NA,NA,NA
S4_219518704,4,219518704,NA,NA,NA,NA
S2_128298706,2,128298706,NA,NA,NA,NA
S6_161864149,6,161864149,NA,NA,NA,NA
S1_121399553,1,121399553,NA,NA,NA,NA
S1_281071286,1,281071286,NA,NA,NA,NA
S3_124731501,3,124731501,NA,NA,NA,NA
S5_51667882,5,51667882,NA,NA,NA,NA
S8_106144297,8,106144297,NA,NA,NA,NA
S3_20399823,3,20399823,NA,NA,NA,NA
S10_121535619,10,121535619,NA,NA,NA,NA
S1_8945309,1,8945309,NA,NA,NA,NA
S1_8945314,1,8945314,NA,NA,NA,NA
S2_182657517,2,182657517,NA,NA,NA,NA
S3_214861224,3,214861224,NA,NA,NA,NA
S2_175541041,2,175541041,NA,NA,NA,NA
S4_52095751,4,52095751,NA,NA,NA,NA
S2_47111414,2,47111414,NA,NA,NA,NA
S2_3106510,2,3106510,NA,NA,NA,NA
S3_21635360,3,21635360,NA,NA,NA,NA
S3_21635379,3,21635379,NA,NA,NA,NA
S10_47315320,10,47315320,NA,NA,NA,NA
S1_174374479,1,174374479,NA,NA,NA,NA
S8_124646585,8,124646585,NA,NA,NA,NA
S6_167031816,6,167031816,NA,NA,NA,NA
S10_80582011,10,80582011,NA,NA,NA,NA
S1_195558014,1,195558014,NA,NA,NA,NA
S6_164260511,6,164260511,NA,NA,NA,NA
S1_200469247,1,200469247,NA,NA,NA,NA
S9_136888517,9,136888517,NA,NA,NA,NA
S2_222708091,2,222708091,NA,NA,NA,NA
S8_157723865,8,157723865,NA,NA,NA,NA
S2_206368981,2,206368981,NA,NA,NA,NA
S9_8742530,9,8742530,NA,NA,NA,NA
S7_13571935,7,13571935,NA,NA,NA,NA
S5_174366445,5,174366445,NA,NA,NA,NA
S3_181005673,3,181005673,NA,NA,NA,NA
S5_3088770,5,3088770,NA,NA,NA,NA
S6_150800753,6,150800753,NA,NA,NA,NA
S10_148812062,10,148812062,NA,NA,NA,NA
S6_159016797,6,159016797,NA,NA,NA,NA
S8_5997815,8,5997815,NA,NA,NA,NA
S2_1435515,2,1435515,NA,NA,NA,NA
S6_150802438,6,150802438,NA,NA,NA,NA
S2_209634976,2,209634976,NA,NA,NA,NA
S4_166870455,4,166870455,NA,NA,NA,NA
S4_35552145,4,35552145,NA,NA,NA,NA
S4_35552181,4,35552181,NA,NA,NA,NA
S9_20868661,9,20868661,NA,NA,NA,NA
S10_132345136,10,132345136,NA,NA,NA,NA
S10_132345137,10,132345137,NA,NA,NA,NA
S10_132345144,10,132345144,NA,NA,NA,NA
S10_132345145,10,132345145,NA,NA,NA,NA
S4_169617255,4,169617255,NA,NA,NA,NA
S9_147961807,9,147961807,NA,NA,NA,NA
S5_74891682,5,74891682,NA,NA,NA,NA
S5_213077650,5,213077650,NA,NA,NA,NA
S4_233761931,4,233761931,NA,NA,NA,NA
S1_187979160,1,187979160,NA,NA,NA,NA
S3_3923466,3,3923466,NA,NA,NA,NA
S6_157167897,6,157167897,NA,NA,NA,NA
S7_140008038,7,140008038,NA,NA,NA,NA
S1_27916879,1,27916879,NA,NA,NA,NA
S1_252165438,1,252165438,NA,NA,NA,NA
S8_90577843,8,90577843,NA,NA,NA,NA
S2_3859543,2,3859543,NA,NA,NA,NA
S7_5976081,7,5976081,NA,NA,NA,NA
S5_182051186,5,182051186,NA,NA,NA,NA
S4_94857947,4,94857947,NA,NA,NA,NA
S1_81920738,1,81920738,NA,NA,NA,NA
S3_9234619,3,9234619,NA,NA,NA,NA
S5_60775356,5,60775356,NA,NA,NA,NA
S10_2839534,10,2839534,NA,NA,NA,NA
S6_159468906,6,159468906,NA,NA,NA,NA
S6_88583714,6,88583714,NA,NA,NA,NA
S3_10517917,3,10517917,NA,NA,NA,NA
S9_12878158,9,12878158,NA,NA,NA,NA
S1_287064692,1,287064692,NA,NA,NA,NA
S9_142994748,9,142994748,NA,NA,NA,NA
S4_233990052,4,233990052,NA,NA,NA,NA
S7_125320837,7,125320837,NA,NA,NA,NA
S3_210791114,3,210791114,NA,NA,NA,NA
S4_171545037,4,171545037,NA,NA,NA,NA
S3_203463415,3,203463415,NA,NA,NA,NA
S4_4749844,4,4749844,NA,NA,NA,NA
S1_23566797,1,23566797,NA,NA,NA,NA
S10_4166379,10,4166379,NA,NA,NA,NA
S2_12258140,2,12258140,NA,NA,NA,NA
S1_21473210,1,21473210,NA,NA,NA,NA
S1_190695978,1,190695978,NA,NA,NA,NA
S5_61428812,5,61428812,NA,NA,NA,NA
S3_5573968,3,5573968,NA,NA,NA,NA
S1_165404737,1,165404737,NA,NA,NA,NA
S10_149558048,10,149558048,NA,NA,NA,NA
S5_18276959,5,18276959,NA,NA,NA,NA
S5_18276960,5,18276960,NA,NA,NA,NA
S5_18276965,5,18276965,NA,NA,NA,NA
S5_29809784,5,29809784,NA,NA,NA,NA
S8_172895275,8,172895275,NA,NA,NA,NA
S6_160349529,6,160349529,NA,NA,NA,NA
S4_239488760,4,239488760,NA,NA,NA,NA
S1_83009819,1,83009819,NA,NA,NA,NA
S1_174007751,1,174007751,NA,NA,NA,NA
S3_2076737,3,2076737,NA,NA,NA,NA
S1_293055726,1,293055726,NA,NA,NA,NA
S5_205534548,5,205534548,NA,NA,NA,NA
S5_205534549,5,205534549,NA,NA,NA,NA
S10_139321468,10,139321468,NA,NA,NA,NA
S5_209009974,5,209009974,NA,NA,NA,NA
S8_118769448,8,118769448,NA,NA,NA,NA
S2_211345779,2,211345779,NA,NA,NA,NA
S2_211345780,2,211345780,NA,NA,NA,NA
S3_200220437,3,200220437,NA,NA,NA,NA
S3_2066996,3,2066996,NA,NA,NA,NA
S2_45196555,2,45196555,NA,NA,NA,NA
S2_45196556,2,45196556,NA,NA,NA,NA
S2_45196558,2,45196558,NA,NA,NA,NA
S1_64718455,1,64718455,NA,NA,NA,NA
S10_101870059,10,101870059,NA,NA,NA,NA
S5_44715938,5,44715938,NA,NA,NA,NA
S3_184674671,3,184674671,NA,NA,NA,NA
S3_126237306,3,126237306,NA,NA,NA,NA
S5_108641385,5,108641385,NA,NA,NA,NA
S5_159962170,5,159962170,NA,NA,NA,NA
S2_51329578,2,51329578,NA,NA,NA,NA
S7_160615034,7,160615034,NA,NA,NA,NA
S7_31769828,7,31769828,NA,NA,NA,NA
S2_41483174,2,41483174,NA,NA,NA,NA
S3_22387034,3,22387034,NA,NA,NA,NA
S3_32410687,3,32410687,NA,NA,NA,NA
S10_1916509,10,1916509,NA,NA,NA,NA
S5_1552118,5,1552118,NA,NA,NA,NA
S10_142036157,10,142036157,NA,NA,NA,NA
S2_189500322,2,189500322,NA,NA,NA,NA
S1_56307590,1,56307590,NA,NA,NA,NA
S9_147962532,9,147962532,NA,NA,NA,NA
S9_154097300,9,154097300,NA,NA,NA,NA
S2_208132412,2,208132412,NA,NA,NA,NA
S5_211179376,5,211179376,NA,NA,NA,NA
S5_211179414,5,211179414,NA,NA,NA,NA
S1_30279181,1,30279181,NA,NA,NA,NA
S5_10213603,5,10213603,NA,NA,NA,NA
S9_113061876,9,113061876,NA,NA,NA,NA
S1_283864475,1,283864475,NA,NA,NA,NA
S5_15462096,5,15462096,NA,NA,NA,NA
S4_235826564,4,235826564,NA,NA,NA,NA
S2_6190871,2,6190871,NA,NA,NA,NA
S5_214337517,5,214337517,NA,NA,NA,NA
S4_229902280,4,229902280,NA,NA,NA,NA
S3_225343077,3,225343077,NA,NA,NA,NA
S1_9812115,1,9812115,NA,NA,NA,NA
S2_211511657,2,211511657,NA,NA,NA,NA
S2_215022402,2,215022402,NA,NA,NA,NA
S1_243814378,1,243814378,NA,NA,NA,NA
S5_47817656,5,47817656,NA,NA,NA,NA
S4_200736476,4,200736476,NA,NA,NA,NA
S5_17977568,5,17977568,NA,NA,NA,NA
S7_161438882,7,161438882,NA,NA,NA,NA
S2_26296077,2,26296077,NA,NA,NA,NA
S2_26296079,2,26296079,NA,NA,NA,NA
S4_205977715,4,205977715,NA,NA,NA,NA
S2_16472379,2,16472379,NA,NA,NA,NA
S4_2855395,4,2855395,NA,NA,NA,NA
S1_5349626,1,5349626,NA,NA,NA,NA
S6_147868314,6,147868314,NA,NA,NA,NA
S5_14474054,5,14474054,NA,NA,NA,NA
S2_120234266,2,120234266,NA,NA,NA,NA
S8_149982612,8,149982612,NA,NA,NA,NA
S6_87674294,6,87674294,NA,NA,NA,NA
S8_168431264,8,168431264,NA,NA,NA,NA
S3_185272099,3,185272099,NA,NA,NA,NA
S2_189722387,2,189722387,NA,NA,NA,NA
S10_148426739,10,148426739,NA,NA,NA,NA
S2_5866650,2,5866650,NA,NA,NA,NA
S1_188067476,1,188067476,NA,NA,NA,NA
S6_148780849,6,148780849,NA,NA,NA,NA
S6_132237825,6,132237825,NA,NA,NA,NA
S8_966927,8,966927,NA,NA,NA,NA
S1_102949656,1,102949656,NA,NA,NA,NA
S5_77995135,5,77995135,NA,NA,NA,NA
S4_2654351,4,2654351,NA,NA,NA,NA
S2_15013090,2,15013090,NA,NA,NA,NA
S8_129496558,8,129496558,NA,NA,NA,NA
S6_158471331,6,158471331,NA,NA,NA,NA
S5_145864010,5,145864010,NA,NA,NA,NA
S2_46160282,2,46160282,NA,NA,NA,NA
S9_24599538,9,24599538,NA,NA,NA,NA
S5_155030562,5,155030562,NA,NA,NA,NA
S2_203937213,2,203937213,NA,NA,NA,NA
S1_52922140,1,52922140,NA,NA,NA,NA
S1_274881483,1,274881483,NA,NA,NA,NA
S7_173952035,7,173952035,NA,NA,NA,NA
S1_188032255,1,188032255,NA,NA,NA,NA
S10_133312614,10,133312614,NA,NA,NA,NA
S6_115580615,6,115580615,NA,NA,NA,NA
S4_226458668,4,226458668,NA,NA,NA,NA
S5_56842806,5,56842806,NA,NA,NA,NA
S9_124666523,9,124666523,NA,NA,NA,NA
S8_152705221,8,152705221,NA,NA,NA,NA
S2_193621825,2,193621825,NA,NA,NA,NA
S5_139078316,5,139078316,NA,NA,NA,NA
S3_3836300,3,3836300,NA,NA,NA,NA
S5_169680561,5,169680561,NA,NA,NA,NA
S10_99206506,10,99206506,NA,NA,NA,NA
S2_70285749,2,70285749,NA,NA,NA,NA
S2_70285767,2,70285767,NA,NA,NA,NA
S2_18001340,2,18001340,NA,NA,NA,NA
S10_132255612,10,132255612,NA,NA,NA,NA
S10_142413167,10,142413167,NA,NA,NA,NA
S3_63779650,3,63779650,NA,NA,NA,NA
S1_291901672,1,291901672,NA,NA,NA,NA
S1_219275899,1,219275899,NA,NA,NA,NA
S1_2693998,1,2693998,NA,NA,NA,NA
S5_32920437,5,32920437,NA,NA,NA,NA
S5_209722089,5,209722089,NA,NA,NA,NA
S1_15474742,1,15474742,NA,NA,NA,NA
S2_128044746,2,128044746,NA,NA,NA,NA
S5_197708920,5,197708920,NA,NA,NA,NA
S6_143026152,6,143026152,NA,NA,NA,NA
S5_2276493,5,2276493,NA,NA,NA,NA
S1_290820544,1,290820544,NA,NA,NA,NA
S2_144073710,2,144073710,NA,NA,NA,NA
S2_144073719,2,144073719,NA,NA,NA,NA
S1_25705040,1,25705040,NA,NA,NA,NA
S1_274982683,1,274982683,NA,NA,NA,NA
S2_61872375,2,61872375,NA,NA,NA,NA
S2_9414239,2,9414239,NA,NA,NA,NA
S9_143165984,9,143165984,NA,NA,NA,NA
S6_21007547,6,21007547,NA,NA,NA,NA
S2_175628877,2,175628877,NA,NA,NA,NA
S3_133176040,3,133176040,NA,NA,NA,NA
S10_60153727,10,60153727,NA,NA,NA,NA
S5_214340295,5,214340295,NA,NA,NA,NA
S7_121681240,7,121681240,NA,NA,NA,NA
S7_121681247,7,121681247,NA,NA,NA,NA
S3_199961766,3,199961766,NA,NA,NA,NA
S5_2363518,5,2363518,NA,NA,NA,NA
S5_2363520,5,2363520,NA,NA,NA,NA
S1_17673506,1,17673506,NA,NA,NA,NA
S1_154953399,1,154953399,NA,NA,NA,NA
S5_119455993,5,119455993,NA,NA,NA,NA
S9_135864414,9,135864414,NA,NA,NA,NA
S2_10561215,2,10561215,NA,NA,NA,NA
S1_10436215,1,10436215,NA,NA,NA,NA
S5_207127680,5,207127680,NA,NA,NA,NA
S4_195010454,4,195010454,NA,NA,NA,NA
S9_116948038,9,116948038,NA,NA,NA,NA
S2_143521332,2,143521332,NA,NA,NA,NA
S4_157471412,4,157471412,NA,NA,NA,NA
S5_2255222,5,2255222,NA,NA,NA,NA
S1_257736917,1,257736917,NA,NA,NA,NA
S2_51235101,2,51235101,NA,NA,NA,NA
S3_140125009,3,140125009,NA,NA,NA,NA
S5_158822728,5,158822728,NA,NA,NA,NA
S1_50951691,1,50951691,NA,NA,NA,NA
S7_99090212,7,99090212,NA,NA,NA,NA
S3_187261741,3,187261741,NA,NA,NA,NA
S3_141359601,3,141359601,NA,NA,NA,NA
S6_86346189,6,86346189,NA,NA,NA,NA
S5_212506628,5,212506628,NA,NA,NA,NA
S7_30677786,7,30677786,NA,NA,NA,NA
S5_191386215,5,191386215,NA,NA,NA,NA
S1_155676601,1,155676601,NA,NA,NA,NA
S5_84104987,5,84104987,NA,NA,NA,NA
S1_32582474,1,32582474,NA,NA,NA,NA
S1_32582492,1,32582492,NA,NA,NA,NA
S5_212653116,5,212653116,NA,NA,NA,NA
S5_42297924,5,42297924,NA,NA,NA,NA
S2_200456587,2,200456587,NA,NA,NA,NA
S7_29562558,7,29562558,NA,NA,NA,NA
S5_14653848,5,14653848,NA,NA,NA,NA
S9_25258513,9,25258513,NA,NA,NA,NA
S5_87114207,5,87114207,NA,NA,NA,NA
S1_102584211,1,102584211,NA,NA,NA,NA
S6_98010327,6,98010327,NA,NA,NA,NA
S1_270560067,1,270560067,NA,NA,NA,NA
S10_138193002,10,138193002,NA,NA,NA,NA
S4_233629615,4,233629615,NA,NA,NA,NA
S1_231186265,1,231186265,NA,NA,NA,NA
S3_195268527,3,195268527,NA,NA,NA,NA
S8_29828868,8,29828868,NA,NA,NA,NA
S8_125294937,8,125294937,NA,NA,NA,NA
S4_89864578,4,89864578,NA,NA,NA,NA
S1_61623769,1,61623769,NA,NA,NA,NA
S5_20772773,5,20772773,NA,NA,NA,NA
S7_27418792,7,27418792,NA,NA,NA,NA
S5_70082588,5,70082588,NA,NA,NA,NA
S8_167988091,8,167988091,NA,NA,NA,NA
S7_103307925,7,103307925,NA,NA,NA,NA
S7_26858794,7,26858794,NA,NA,NA,NA
S3_39294271,3,39294271,NA,NA,NA,NA
S3_169733984,3,169733984,NA,NA,NA,NA
S1_228056852,1,228056852,NA,NA,NA,NA
S8_145279276,8,145279276,NA,NA,NA,NA
S4_115974669,4,115974669,NA,NA,NA,NA
S4_115974696,4,115974696,NA,NA,NA,NA
S7_129476755,7,129476755,NA,NA,NA,NA
S8_27643649,8,27643649,NA,NA,NA,NA
S8_173438,8,173438,NA,NA,NA,NA
S1_257404625,1,257404625,NA,NA,NA,NA
S1_257404627,1,257404627,NA,NA,NA,NA
S1_235982875,1,235982875,NA,NA,NA,NA
S9_47759922,9,47759922,NA,NA,NA,NA
S9_120079882,9,120079882,NA,NA,NA,NA
S9_120079885,9,120079885,NA,NA,NA,NA
S2_34017366,2,34017366,NA,NA,NA,NA
S1_275693645,1,275693645,NA,NA,NA,NA
S7_97623158,7,97623158,NA,NA,NA,NA
S9_140024045,9,140024045,NA,NA,NA,NA
S4_240225751,4,240225751,NA,NA,NA,NA
S6_149330878,6,149330878,NA,NA,NA,NA
S8_166675259,8,166675259,NA,NA,NA,NA
S2_184967820,2,184967820,NA,NA,NA,NA
S2_223644255,2,223644255,NA,NA,NA,NA
S7_106654221,7,106654221,NA,NA,NA,NA
S5_9818272,5,9818272,NA,NA,NA,NA
S2_235446886,2,235446886,NA,NA,NA,NA
S2_235446895,2,235446895,NA,NA,NA,NA
S2_160151430,2,160151430,NA,NA,NA,NA
S1_248287728,1,248287728,NA,NA,NA,NA
S6_62187966,6,62187966,NA,NA,NA,NA
S7_2614868,7,2614868,NA,NA,NA,NA
S6_91855195,6,91855195,NA,NA,NA,NA
S10_125108907,10,125108907,NA,NA,NA,NA
S3_175540687,3,175540687,NA,NA,NA,NA
S1_16783620,1,16783620,NA,NA,NA,NA
S4_200185422,4,200185422,NA,NA,NA,NA
S1_151258121,1,151258121,NA,NA,NA,NA
S3_45202301,3,45202301,NA,NA,NA,NA
S4_154171459,4,154171459,NA,NA,NA,NA
S1_37842905,1,37842905,NA,NA,NA,NA
S2_172703774,2,172703774,NA,NA,NA,NA
S2_172703793,2,172703793,NA,NA,NA,NA
S1_39215874,1,39215874,NA,NA,NA,NA
S9_141437915,9,141437915,NA,NA,NA,NA
S9_151501430,9,151501430,NA,NA,NA,NA
S4_4271267,4,4271267,NA,NA,NA,NA
S5_24969801,5,24969801,NA,NA,NA,NA
S8_168828138,8,168828138,NA,NA,NA,NA
S2_11443993,2,11443993,NA,NA,NA,NA
S8_20555691,8,20555691,NA,NA,NA,NA
S3_153262849,3,153262849,NA,NA,NA,NA
S7_115184700,7,115184700,NA,NA,NA,NA
S8_171886056,8,171886056,NA,NA,NA,NA
S4_228805500,4,228805500,NA,NA,NA,NA
S3_166597940,3,166597940,NA,NA,NA,NA
S6_149125024,6,149125024,NA,NA,NA,NA
S1_162266538,1,162266538,NA,NA,NA,NA
S9_136770328,9,136770328,NA,NA,NA,NA
S4_198812901,4,198812901,NA,NA,NA,NA
S10_39184041,10,39184041,NA,NA,NA,NA
S2_160799208,2,160799208,NA,NA,NA,NA
S6_140787268,6,140787268,NA,NA,NA,NA
S4_231613094,4,231613094,NA,NA,NA,NA
S1_193591297,1,193591297,NA,NA,NA,NA
S5_76635552,5,76635552,NA,NA,NA,NA
S4_199278392,4,199278392,NA,NA,NA,NA
S6_3045600,6,3045600,NA,NA,NA,NA
S7_166701935,7,166701935,NA,NA,NA,NA
S1_3702520,1,3702520,NA,NA,NA,NA
S7_28319914,7,28319914,NA,NA,NA,NA
S1_166863873,1,166863873,NA,NA,NA,NA
S8_164363076,8,164363076,NA,NA,NA,NA
S3_219184259,3,219184259,NA,NA,NA,NA
S7_145718035,7,145718035,NA,NA,NA,NA
S6_155067556,6,155067556,NA,NA,NA,NA
S5_214536767,5,214536767,NA,NA,NA,NA
S8_166483931,8,166483931,NA,NA,NA,NA
S7_9097914,7,9097914,NA,NA,NA,NA
S2_131349762,2,131349762,NA,NA,NA,NA
S10_146186045,10,146186045,NA,NA,NA,NA
S7_163575302,7,163575302,NA,NA,NA,NA
S5_33298247,5,33298247,NA,NA,NA,NA
S1_93907902,1,93907902,NA,NA,NA,NA
S6_158653269,6,158653269,NA,NA,NA,NA
S5_199161302,5,199161302,NA,NA,NA,NA
S7_24673923,7,24673923,NA,NA,NA,NA
S8_10651462,8,10651462,NA,NA,NA,NA
S1_41276851,1,41276851,NA,NA,NA,NA
S2_195524117,2,195524117,NA,NA,NA,NA
S8_164011980,8,164011980,NA,NA,NA,NA
S2_195525984,2,195525984,NA,NA,NA,NA
S1_227510345,1,227510345,NA,NA,NA,NA
S1_227510346,1,227510346,NA,NA,NA,NA
S1_227510357,1,227510357,NA,NA,NA,NA
S1_227510364,1,227510364,NA,NA,NA,NA
S1_227510371,1,227510371,NA,NA,NA,NA
S1_227510380,1,227510380,NA,NA,NA,NA
S1_227510381,1,227510381,NA,NA,NA,NA
S1_227510382,1,227510382,NA,NA,NA,NA
S4_239683672,4,239683672,NA,NA,NA,NA
S7_35695618,7,35695618,NA,NA,NA,NA
S3_221237818,3,221237818,NA,NA,NA,NA
S5_28211364,5,28211364,NA,NA,NA,NA
S9_2212085,9,2212085,NA,NA,NA,NA
S9_2212122,9,2212122,NA,NA,NA,NA
S8_168923447,8,168923447,NA,NA,NA,NA
S8_168923457,8,168923457,NA,NA,NA,NA
S1_64014376,1,64014376,NA,NA,NA,NA
S3_199622412,3,199622412,NA,NA,NA,NA
S1_212353797,1,212353797,NA,NA,NA,NA
S9_35483948,9,35483948,NA,NA,NA,NA
S2_36588867,2,36588867,NA,NA,NA,NA
S7_130495196,7,130495196,NA,NA,NA,NA
S7_165246253,7,165246253,NA,NA,NA,NA
S1_253135198,1,253135198,NA,NA,NA,NA
S5_176876597,5,176876597,NA,NA,NA,NA
S3_153298590,3,153298590,NA,NA,NA,NA
S5_18704390,5,18704390,NA,NA,NA,NA
S5_207137213,5,207137213,NA,NA,NA,NA
S2_232374162,2,232374162,NA,NA,NA,NA
S1_228644251,1,228644251,NA,NA,NA,NA
S10_136010570,10,136010570,NA,NA,NA,NA
S3_148231562,3,148231562,NA,NA,NA,NA
S9_60954374,9,60954374,NA,NA,NA,NA
S9_60954377,9,60954377,NA,NA,NA,NA
S7_84845742,7,84845742,NA,NA,NA,NA
S10_122816647,10,122816647,NA,NA,NA,NA
S2_203057699,2,203057699,NA,NA,NA,NA
S8_18428996,8,18428996,NA,NA,NA,NA
S2_223638976,2,223638976,NA,NA,NA,NA
S10_148533425,10,148533425,NA,NA,NA,NA
S3_32231327,3,32231327,NA,NA,NA,NA
S1_3878526,1,3878526,NA,NA,NA,NA
S2_186186424,2,186186424,NA,NA,NA,NA
S2_186186426,2,186186426,NA,NA,NA,NA
S8_67972548,8,67972548,NA,NA,NA,NA
S10_128814996,10,128814996,NA,NA,NA,NA
S8_142354744,8,142354744,NA,NA,NA,NA
S2_184391723,2,184391723,NA,NA,NA,NA
S2_184391746,2,184391746,NA,NA,NA,NA
S2_184391750,2,184391750,NA,NA,NA,NA
S2_184391753,2,184391753,NA,NA,NA,NA
S2_184391756,2,184391756,NA,NA,NA,NA
S2_184391757,2,184391757,NA,NA,NA,NA
S3_176798729,3,176798729,NA,NA,NA,NA
S1_3197164,1,3197164,NA,NA,NA,NA
S2_211509708,2,211509708,NA,NA,NA,NA
S7_103946658,7,103946658,NA,NA,NA,NA
S7_122330253,7,122330253,NA,NA,NA,NA
S6_62735946,6,62735946,NA,NA,NA,NA
S5_61527250,5,61527250,NA,NA,NA,NA
S9_145906524,9,145906524,NA,NA,NA,NA
S8_174421497,8,174421497,NA,NA,NA,NA
S7_85639185,7,85639185,NA,NA,NA,NA
S10_144529462,10,144529462,NA,NA,NA,NA
S6_162917221,6,162917221,NA,NA,NA,NA
S8_139452704,8,139452704,NA,NA,NA,NA
S3_56477050,3,56477050,NA,NA,NA,NA
S8_132535792,8,132535792,NA,NA,NA,NA
S2_109577790,2,109577790,NA,NA,NA,NA
S2_41479996,2,41479996,NA,NA,NA,NA
S10_19475312,10,19475312,NA,NA,NA,NA
S10_19475341,10,19475341,NA,NA,NA,NA
S10_19475347,10,19475347,NA,NA,NA,NA
S2_193576117,2,193576117,NA,NA,NA,NA
S2_224236844,2,224236844,NA,NA,NA,NA
S7_85882206,7,85882206,NA,NA,NA,NA
S5_18694893,5,18694893,NA,NA,NA,NA
S6_124299651,6,124299651,NA,NA,NA,NA
S2_147324585,2,147324585,NA,NA,NA,NA
S3_177445546,3,177445546,NA,NA,NA,NA
S2_15013069,2,15013069,NA,NA,NA,NA
S4_237522159,4,237522159,NA,NA,NA,NA
S5_168673209,5,168673209,NA,NA,NA,NA
S4_178571842,4,178571842,NA,NA,NA,NA
S9_114965709,9,114965709,NA,NA,NA,NA
S2_17581257,2,17581257,NA,NA,NA,NA
S2_171738958,2,171738958,NA,NA,NA,NA
S10_136939324,10,136939324,NA,NA,NA,NA
S10_106435594,10,106435594,NA,NA,NA,NA
S1_200863368,1,200863368,NA,NA,NA,NA
S2_203613655,2,203613655,NA,NA,NA,NA
S4_14722385,4,14722385,NA,NA,NA,NA
S9_77700799,9,77700799,NA,NA,NA,NA
S5_6443372,5,6443372,NA,NA,NA,NA
S5_3088814,5,3088814,NA,NA,NA,NA
S5_194560178,5,194560178,NA,NA,NA,NA
S9_148911303,9,148911303,NA,NA,NA,NA
S4_22613884,4,22613884,NA,NA,NA,NA
S6_128062292,6,128062292,NA,NA,NA,NA
S6_164307980,6,164307980,NA,NA,NA,NA
S8_158112769,8,158112769,NA,NA,NA,NA
S3_217293300,3,217293300,NA,NA,NA,NA
S4_179648189,4,179648189,NA,NA,NA,NA
S5_127768871,5,127768871,NA,NA,NA,NA
S4_2045645,4,2045645,NA,NA,NA,NA
S5_16217959,5,16217959,NA,NA,NA,NA
S2_107767802,2,107767802,NA,NA,NA,NA
S8_68087117,8,68087117,NA,NA,NA,NA
S5_27683709,5,27683709,NA,NA,NA,NA
S2_44379461,2,44379461,NA,NA,NA,NA
S1_7356400,1,7356400,NA,NA,NA,NA
S1_7356403,1,7356403,NA,NA,NA,NA
S2_234031247,2,234031247,NA,NA,NA,NA
S10_135687058,10,135687058,NA,NA,NA,NA
S3_5990001,3,5990001,NA,NA,NA,NA
S2_1717344,2,1717344,NA,NA,NA,NA
S4_213998594,4,213998594,NA,NA,NA,NA
S4_213998595,4,213998595,NA,NA,NA,NA
S4_213998596,4,213998596,NA,NA,NA,NA
S4_213998597,4,213998597,NA,NA,NA,NA
S10_132620325,10,132620325,NA,NA,NA,NA
S8_101176626,8,101176626,NA,NA,NA,NA
S8_8280150,8,8280150,NA,NA,NA,NA
S3_28639269,3,28639269,NA,NA,NA,NA
S3_28639275,3,28639275,NA,NA,NA,NA
S3_28639286,3,28639286,NA,NA,NA,NA
S1_266032087,1,266032087,NA,NA,NA,NA
S8_120609444,8,120609444,NA,NA,NA,NA
S8_27633857,8,27633857,NA,NA,NA,NA
S5_150934301,5,150934301,NA,NA,NA,NA
S5_100695700,5,100695700,NA,NA,NA,NA
S1_16783679,1,16783679,NA,NA,NA,NA
S4_2411219,4,2411219,NA,NA,NA,NA
S4_2411236,4,2411236,NA,NA,NA,NA
S10_81959051,10,81959051,NA,NA,NA,NA
S3_21429893,3,21429893,NA,NA,NA,NA
S3_121437430,3,121437430,NA,NA,NA,NA
S8_15436202,8,15436202,NA,NA,NA,NA
S6_137291514,6,137291514,NA,NA,NA,NA
S3_83690498,3,83690498,NA,NA,NA,NA
S3_83690499,3,83690499,NA,NA,NA,NA
S6_67259408,6,67259408,NA,NA,NA,NA
S1_255545750,1,255545750,NA,NA,NA,NA
S5_127768874,5,127768874,NA,NA,NA,NA
S3_227396144,3,227396144,NA,NA,NA,NA
S6_163830262,6,163830262,NA,NA,NA,NA
S3_133179718,3,133179718,NA,NA,NA,NA
S3_221915036,3,221915036,NA,NA,NA,NA
S3_92980731,3,92980731,NA,NA,NA,NA
S9_1306459,9,1306459,NA,NA,NA,NA
S6_149469587,6,149469587,NA,NA,NA,NA
S5_2365007,5,2365007,NA,NA,NA,NA
S1_58711695,1,58711695,NA,NA,NA,NA
S4_173792892,4,173792892,NA,NA,NA,NA
S3_181616797,3,181616797,NA,NA,NA,NA
S5_201614422,5,201614422,NA,NA,NA,NA
S3_9070283,3,9070283,NA,NA,NA,NA
S6_150804440,6,150804440,NA,NA,NA,NA
S8_66989449,8,66989449,NA,NA,NA,NA
S8_159901065,8,159901065,NA,NA,NA,NA
S2_23877263,2,23877263,NA,NA,NA,NA
S5_1042689,5,1042689,NA,NA,NA,NA
S1_65417297,1,65417297,NA,NA,NA,NA
S3_212462029,3,212462029,NA,NA,NA,NA
S2_4052712,2,4052712,NA,NA,NA,NA
S1_171534939,1,171534939,NA,NA,NA,NA
S5_205037828,5,205037828,NA,NA,NA,NA
S8_79142489,8,79142489,NA,NA,NA,NA
S4_25789779,4,25789779,NA,NA,NA,NA
S7_132165383,7,132165383,NA,NA,NA,NA
S2_23719708,2,23719708,NA,NA,NA,NA
S3_113067080,3,113067080,NA,NA,NA,NA
S3_22876256,3,22876256,NA,NA,NA,NA
S10_144306778,10,144306778,NA,NA,NA,NA
S9_15617179,9,15617179,NA,NA,NA,NA
S1_71001736,1,71001736,NA,NA,NA,NA
S3_63696472,3,63696472,NA,NA,NA,NA
S10_6377477,10,6377477,NA,NA,NA,NA
S3_170124453,3,170124453,NA,NA,NA,NA
S5_21877155,5,21877155,NA,NA,NA,NA
S1_280579678,1,280579678,NA,NA,NA,NA
S1_280579684,1,280579684,NA,NA,NA,NA
S9_152205416,9,152205416,NA,NA,NA,NA
S9_26826741,9,26826741,NA,NA,NA,NA
S8_153407546,8,153407546,NA,NA,NA,NA
S1_81516143,1,81516143,NA,NA,NA,NA
S5_212653111,5,212653111,NA,NA,NA,NA
S8_161865033,8,161865033,NA,NA,NA,NA
S1_29082656,1,29082656,NA,NA,NA,NA
S1_29082658,1,29082658,NA,NA,NA,NA
S6_154783014,6,154783014,NA,NA,NA,NA
S9_7581605,9,7581605,NA,NA,NA,NA
S3_22320452,3,22320452,NA,NA,NA,NA
S1_15995431,1,15995431,NA,NA,NA,NA
S5_86143465,5,86143465,NA,NA,NA,NA
S9_14114157,9,14114157,NA,NA,NA,NA
S1_175897772,1,175897772,NA,NA,NA,NA
S7_131196827,7,131196827,NA,NA,NA,NA
S6_165982058,6,165982058,NA,NA,NA,NA
S2_226394195,2,226394195,NA,NA,NA,NA
S6_140908274,6,140908274,NA,NA,NA,NA
S10_121850356,10,121850356,NA,NA,NA,NA
S1_266046651,1,266046651,NA,NA,NA,NA
S1_266046691,1,266046691,NA,NA,NA,NA
S2_17690154,2,17690154,NA,NA,NA,NA
S10_133991851,10,133991851,NA,NA,NA,NA
S10_70537727,10,70537727,NA,NA,NA,NA
S7_73521965,7,73521965,NA,NA,NA,NA
S1_206424465,1,206424465,NA,NA,NA,NA
S9_120748379,9,120748379,NA,NA,NA,NA
S5_176988562,5,176988562,NA,NA,NA,NA
S2_215016002,2,215016002,NA,NA,NA,NA
S3_11221329,3,11221329,NA,NA,NA,NA
S3_89606930,3,89606930,NA,NA,NA,NA
S4_200826474,4,200826474,NA,NA,NA,NA
S5_171917845,5,171917845,NA,NA,NA,NA
S10_144854181,10,144854181,NA,NA,NA,NA
S5_201943724,5,201943724,NA,NA,NA,NA
S9_136379106,9,136379106,NA,NA,NA,NA
S2_38757449,2,38757449,NA,NA,NA,NA
S3_178992544,3,178992544,NA,NA,NA,NA
S7_167983071,7,167983071,NA,NA,NA,NA
S1_88014314,1,88014314,NA,NA,NA,NA
S2_235929844,2,235929844,NA,NA,NA,NA
S3_44412263,3,44412263,NA,NA,NA,NA
S1_278909038,1,278909038,NA,NA,NA,NA
S6_164307998,6,164307998,NA,NA,NA,NA
S1_2306736,1,2306736,NA,NA,NA,NA
S6_38116812,6,38116812,NA,NA,NA,NA
S7_121192418,7,121192418,NA,NA,NA,NA
S7_166197539,7,166197539,NA,NA,NA,NA
S8_8731110,8,8731110,NA,NA,NA,NA
S5_148700768,5,148700768,NA,NA,NA,NA
S2_195524126,2,195524126,NA,NA,NA,NA
S1_160858096,1,160858096,NA,NA,NA,NA
S4_2488290,4,2488290,NA,NA,NA,NA
S10_25555760,10,25555760,NA,NA,NA,NA
S3_215087825,3,215087825,NA,NA,NA,NA
S8_149891726,8,149891726,NA,NA,NA,NA
S2_203945187,2,203945187,NA,NA,NA,NA
S6_2385933,6,2385933,NA,NA,NA,NA
S2_28000875,2,28000875,NA,NA,NA,NA
S1_10978348,1,10978348,NA,NA,NA,NA
S5_199983864,5,199983864,NA,NA,NA,NA
S3_145479930,3,145479930,NA,NA,NA,NA
S6_123156656,6,123156656,NA,NA,NA,NA
S2_232369862,2,232369862,NA,NA,NA,NA
S4_6998510,4,6998510,NA,NA,NA,NA
S5_20923858,5,20923858,NA,NA,NA,NA
S7_100404245,7,100404245,NA,NA,NA,NA
S10_94590165,10,94590165,NA,NA,NA,NA
S1_276818287,1,276818287,NA,NA,NA,NA
S7_2957441,7,2957441,NA,NA,NA,NA
S4_234358306,4,234358306,NA,NA,NA,NA
S1_218716952,1,218716952,NA,NA,NA,NA
S4_157503410,4,157503410,NA,NA,NA,NA
S7_8257849,7,8257849,NA,NA,NA,NA
S9_62777501,9,62777501,NA,NA,NA,NA
S1_167030028,1,167030028,NA,NA,NA,NA
S3_195964379,3,195964379,NA,NA,NA,NA
S3_195964392,3,195964392,NA,NA,NA,NA
S8_22842753,8,22842753,NA,NA,NA,NA
S2_1435518,2,1435518,NA,NA,NA,NA
S2_1435522,2,1435522,NA,NA,NA,NA
S2_1959081,2,1959081,NA,NA,NA,NA
S5_198208428,5,198208428,NA,NA,NA,NA
S5_208173502,5,208173502,NA,NA,NA,NA
S5_150934308,5,150934308,NA,NA,NA,NA
S1_173416073,1,173416073,NA,NA,NA,NA
S6_134656463,6,134656463,NA,NA,NA,NA
S6_70013704,6,70013704,NA,NA,NA,NA
S9_19286687,9,19286687,NA,NA,NA,NA
S8_17305918,8,17305918,NA,NA,NA,NA
S3_201256164,3,201256164,NA,NA,NA,NA
S5_60246799,5,60246799,NA,NA,NA,NA
S7_118678090,7,118678090,NA,NA,NA,NA
S10_135135383,10,135135383,NA,NA,NA,NA
S6_43908560,6,43908560,NA,NA,NA,NA
S6_43908586,6,43908586,NA,NA,NA,NA
S6_43908587,6,43908587,NA,NA,NA,NA
S2_222731275,2,222731275,NA,NA,NA,NA
S1_72842625,1,72842625,NA,NA,NA,NA
S1_164504517,1,164504517,NA,NA,NA,NA
S2_8915262,2,8915262,NA,NA,NA,NA
S5_82423678,5,82423678,NA,NA,NA,NA
S5_39400566,5,39400566,NA,NA,NA,NA
S4_191045422,4,191045422,NA,NA,NA,NA
S7_76650117,7,76650117,NA,NA,NA,NA
S1_179724425,1,179724425,NA,NA,NA,NA
S4_239436880,4,239436880,NA,NA,NA,NA
S5_170814806,5,170814806,NA,NA,NA,NA
S1_257972190,1,257972190,NA,NA,NA,NA
S1_42520422,1,42520422,NA,NA,NA,NA
S5_60993133,5,60993133,NA,NA,NA,NA
S5_6568953,5,6568953,NA,NA,NA,NA
S8_167783045,8,167783045,NA,NA,NA,NA
S7_105364626,7,105364626,NA,NA,NA,NA
S9_86530609,9,86530609,NA,NA,NA,NA
S3_153262846,3,153262846,NA,NA,NA,NA
S6_121213729,6,121213729,NA,NA,NA,NA
S1_231704071,1,231704071,NA,NA,NA,NA
S9_21679946,9,21679946,NA,NA,NA,NA
S10_125541273,10,125541273,NA,NA,NA,NA
S2_208975212,2,208975212,NA,NA,NA,NA
S4_224880671,4,224880671,NA,NA,NA,NA
S9_13463047,9,13463047,NA,NA,NA,NA
S1_259778269,1,259778269,NA,NA,NA,NA
S5_12385587,5,12385587,NA,NA,NA,NA
S9_149382027,9,149382027,NA,NA,NA,NA
S7_123505289,7,123505289,NA,NA,NA,NA
S6_102226238,6,102226238,NA,NA,NA,NA
S9_128120539,9,128120539,NA,NA,NA,NA
S5_4502870,5,4502870,NA,NA,NA,NA
S9_19229897,9,19229897,NA,NA,NA,NA
S10_145284847,10,145284847,NA,NA,NA,NA
S5_17352785,5,17352785,NA,NA,NA,NA
S7_7257505,7,7257505,NA,NA,NA,NA
S5_139810633,5,139810633,NA,NA,NA,NA
S5_211320471,5,211320471,NA,NA,NA,NA
S4_764590,4,764590,NA,NA,NA,NA
S3_59325546,3,59325546,NA,NA,NA,NA
S1_292403119,1,292403119,NA,NA,NA,NA
S8_73731713,8,73731713,NA,NA,NA,NA
S2_232583884,2,232583884,NA,NA,NA,NA
S5_4473342,5,4473342,NA,NA,NA,NA
S6_63919457,6,63919457,NA,NA,NA,NA
S2_213770822,2,213770822,NA,NA,NA,NA
S9_128313117,9,128313117,NA,NA,NA,NA
S6_156926690,6,156926690,NA,NA,NA,NA
S8_164895985,8,164895985,NA,NA,NA,NA
S8_164896012,8,164896012,NA,NA,NA,NA
S8_13289434,8,13289434,NA,NA,NA,NA
S10_140984700,10,140984700,NA,NA,NA,NA
S8_131905060,8,131905060,NA,NA,NA,NA
S3_22563275,3,22563275,NA,NA,NA,NA
S6_3677859,6,3677859,NA,NA,NA,NA
S5_214163664,5,214163664,NA,NA,NA,NA
S5_208173506,5,208173506,NA,NA,NA,NA
S2_169541928,2,169541928,NA,NA,NA,NA
S6_88569420,6,88569420,NA,NA,NA,NA
S6_88569405,6,88569405,NA,NA,NA,NA
S6_31540739,6,31540739,NA,NA,NA,NA
S7_121013955,7,121013955,NA,NA,NA,NA
S5_15332138,5,15332138,NA,NA,NA,NA
S5_162849517,5,162849517,NA,NA,NA,NA
S3_131331415,3,131331415,NA,NA,NA,NA
S7_123601271,7,123601271,NA,NA,NA,NA
S3_221581555,3,221581555,NA,NA,NA,NA
S2_42688424,2,42688424,NA,NA,NA,NA
S2_42688431,2,42688431,NA,NA,NA,NA
S3_167009221,3,167009221,NA,NA,NA,NA
S8_152130815,8,152130815,NA,NA,NA,NA
S5_89003905,5,89003905,NA,NA,NA,NA
S5_74657076,5,74657076,NA,NA,NA,NA
S8_14844336,8,14844336,NA,NA,NA,NA
S2_175086183,2,175086183,NA,NA,NA,NA
S9_22327981,9,22327981,NA,NA,NA,NA
S8_145083139,8,145083139,NA,NA,NA,NA
S4_174012540,4,174012540,NA,NA,NA,NA
S1_174996646,1,174996646,NA,NA,NA,NA
S9_138709525,9,138709525,NA,NA,NA,NA
S10_114853329,10,114853329,NA,NA,NA,NA
S4_237611655,4,237611655,NA,NA,NA,NA
S2_7950068,2,7950068,NA,NA,NA,NA
S2_17904482,2,17904482,NA,NA,NA,NA
S4_195760139,4,195760139,NA,NA,NA,NA
S6_9195031,6,9195031,NA,NA,NA,NA
S5_215289463,5,215289463,NA,NA,NA,NA
S1_170574506,1,170574506,NA,NA,NA,NA
S3_166796168,3,166796168,NA,NA,NA,NA
S4_4395352,4,4395352,NA,NA,NA,NA
S1_225039358,1,225039358,NA,NA,NA,NA
S8_157376444,8,157376444,NA,NA,NA,NA
S8_157376445,8,157376445,NA,NA,NA,NA
S8_157376446,8,157376446,NA,NA,NA,NA
S2_214207803,2,214207803,NA,NA,NA,NA
S5_16897518,5,16897518,NA,NA,NA,NA
S3_2218652,3,2218652,NA,NA,NA,NA
S2_213848604,2,213848604,NA,NA,NA,NA
S9_108296473,9,108296473,NA,NA,NA,NA
S1_85051713,1,85051713,NA,NA,NA,NA
S3_15439964,3,15439964,NA,NA,NA,NA
S4_171215058,4,171215058,NA,NA,NA,NA
S9_146911301,9,146911301,NA,NA,NA,NA
S7_170620210,7,170620210,NA,NA,NA,NA
S4_185870953,4,185870953,NA,NA,NA,NA
S3_130093610,3,130093610,NA,NA,NA,NA
S3_130093628,3,130093628,NA,NA,NA,NA
S3_228066573,3,228066573,NA,NA,NA,NA
S1_191587556,1,191587556,NA,NA,NA,NA
S8_8885785,8,8885785,NA,NA,NA,NA
S4_218287109,4,218287109,NA,NA,NA,NA
S2_206628838,2,206628838,NA,NA,NA,NA
S9_7701398,9,7701398,NA,NA,NA,NA
S10_146422688,10,146422688,NA,NA,NA,NA
S9_2825568,9,2825568,NA,NA,NA,NA
S10_124732322,10,124732322,NA,NA,NA,NA
S5_155097867,5,155097867,NA,NA,NA,NA
S9_86866661,9,86866661,NA,NA,NA,NA
S6_3234623,6,3234623,NA,NA,NA,NA
S3_86916426,3,86916426,NA,NA,NA,NA
S5_155537895,5,155537895,NA,NA,NA,NA
S5_155537897,5,155537897,NA,NA,NA,NA
S9_41048983,9,41048983,NA,NA,NA,NA
S8_165241399,8,165241399,NA,NA,NA,NA
S9_134292257,9,134292257,NA,NA,NA,NA
S3_211534107,3,211534107,NA,NA,NA,NA
S2_6031737,2,6031737,NA,NA,NA,NA
S7_170990637,7,170990637,NA,NA,NA,NA
S7_166701932,7,166701932,NA,NA,NA,NA
S8_165596512,8,165596512,NA,NA,NA,NA
S5_40834837,5,40834837,NA,NA,NA,NA
S9_108350089,9,108350089,NA,NA,NA,NA
S4_180428881,4,180428881,NA,NA,NA,NA
S10_9376109,10,9376109,NA,NA,NA,NA
S2_224907531,2,224907531,NA,NA,NA,NA
S5_201226824,5,201226824,NA,NA,NA,NA
S8_167089653,8,167089653,NA,NA,NA,NA
S1_253108783,1,253108783,NA,NA,NA,NA
S7_1793985,7,1793985,NA,NA,NA,NA
S3_194256006,3,194256006,NA,NA,NA,NA
S3_212547647,3,212547647,NA,NA,NA,NA
S3_176805416,3,176805416,NA,NA,NA,NA
S3_176805422,3,176805422,NA,NA,NA,NA
S8_142236800,8,142236800,NA,NA,NA,NA
S8_144669283,8,144669283,NA,NA,NA,NA
S8_144669296,8,144669296,NA,NA,NA,NA
S8_144669324,8,144669324,NA,NA,NA,NA
S1_222170057,1,222170057,NA,NA,NA,NA
S8_130326112,8,130326112,NA,NA,NA,NA
S8_130326141,8,130326141,NA,NA,NA,NA
S2_209278340,2,209278340,NA,NA,NA,NA
S5_74916413,5,74916413,NA,NA,NA,NA
S5_74916431,5,74916431,NA,NA,NA,NA
S3_28335123,3,28335123,NA,NA,NA,NA
S2_205035273,2,205035273,NA,NA,NA,NA
S9_114066095,9,114066095,NA,NA,NA,NA
S4_83198104,4,83198104,NA,NA,NA,NA
S2_14438993,2,14438993,NA,NA,NA,NA
S7_129899124,7,129899124,NA,NA,NA,NA
S9_26831902,9,26831902,NA,NA,NA,NA
S8_130483976,8,130483976,NA,NA,NA,NA
S2_144984470,2,144984470,NA,NA,NA,NA
S8_166900935,8,166900935,NA,NA,NA,NA
S7_16098535,7,16098535,NA,NA,NA,NA
S2_182252984,2,182252984,NA,NA,NA,NA
S6_153770502,6,153770502,NA,NA,NA,NA
S3_172333536,3,172333536,NA,NA,NA,NA
S4_188487326,4,188487326,NA,NA,NA,NA
S5_176038412,5,176038412,NA,NA,NA,NA
S2_73533725,2,73533725,NA,NA,NA,NA
S8_169087636,8,169087636,NA,NA,NA,NA
S7_167505166,7,167505166,NA,NA,NA,NA
S8_170062423,8,170062423,NA,NA,NA,NA
S8_15046125,8,15046125,NA,NA,NA,NA
S8_5532316,8,5532316,NA,NA,NA,NA
S2_179439761,2,179439761,NA,NA,NA,NA
S6_118694622,6,118694622,NA,NA,NA,NA
S7_5976083,7,5976083,NA,NA,NA,NA
S4_200538812,4,200538812,NA,NA,NA,NA
S8_122934380,8,122934380,NA,NA,NA,NA
S3_7937918,3,7937918,NA,NA,NA,NA
S1_155927125,1,155927125,NA,NA,NA,NA
S1_155927131,1,155927131,NA,NA,NA,NA
S1_155927132,1,155927132,NA,NA,NA,NA
S1_155927135,1,155927135,NA,NA,NA,NA
S3_223682093,3,223682093,NA,NA,NA,NA
S4_159668205,4,159668205,NA,NA,NA,NA
S10_148762741,10,148762741,NA,NA,NA,NA
S10_148762744,10,148762744,NA,NA,NA,NA
S5_42728891,5,42728891,NA,NA,NA,NA
S5_42728892,5,42728892,NA,NA,NA,NA
S4_37324723,4,37324723,NA,NA,NA,NA
S6_157771629,6,157771629,NA,NA,NA,NA
S1_72842677,1,72842677,NA,NA,NA,NA
S1_79321994,1,79321994,NA,NA,NA,NA
S4_141413145,4,141413145,NA,NA,NA,NA
S2_14805987,2,14805987,NA,NA,NA,NA
S5_27682604,5,27682604,NA,NA,NA,NA
S3_129970419,3,129970419,NA,NA,NA,NA
S8_162965030,8,162965030,NA,NA,NA,NA
S8_26070902,8,26070902,NA,NA,NA,NA
S2_14835177,2,14835177,NA,NA,NA,NA
S1_61257607,1,61257607,NA,NA,NA,NA
S8_171957839,8,171957839,NA,NA,NA,NA
S1_9396313,1,9396313,NA,NA,NA,NA
S5_1761509,5,1761509,NA,NA,NA,NA
S8_136396421,8,136396421,NA,NA,NA,NA
S1_42521119,1,42521119,NA,NA,NA,NA
S9_148448414,9,148448414,NA,NA,NA,NA
S10_132098747,10,132098747,NA,NA,NA,NA
S9_145774368,9,145774368,NA,NA,NA,NA
S6_150886714,6,150886714,NA,NA,NA,NA
S1_275690558,1,275690558,NA,NA,NA,NA
S3_213559752,3,213559752,NA,NA,NA,NA
S3_20704047,3,20704047,NA,NA,NA,NA
S9_136511071,9,136511071,NA,NA,NA,NA
S8_168923475,8,168923475,NA,NA,NA,NA
S8_18231840,8,18231840,NA,NA,NA,NA
S5_191681745,5,191681745,NA,NA,NA,NA
S6_35681182,6,35681182,NA,NA,NA,NA
S6_34524163,6,34524163,NA,NA,NA,NA
S2_179438095,2,179438095,NA,NA,NA,NA
S8_156469320,8,156469320,NA,NA,NA,NA
S1_112607431,1,112607431,NA,NA,NA,NA
S1_3409375,1,3409375,NA,NA,NA,NA
S1_235441582,1,235441582,NA,NA,NA,NA
S2_211499093,2,211499093,NA,NA,NA,NA
S10_145949383,10,145949383,NA,NA,NA,NA
S10_145949384,10,145949384,NA,NA,NA,NA
S3_194824065,3,194824065,NA,NA,NA,NA
S1_253378345,1,253378345,NA,NA,NA,NA
S1_253378362,1,253378362,NA,NA,NA,NA
S5_211894169,5,211894169,NA,NA,NA,NA
S3_224597542,3,224597542,NA,NA,NA,NA
S9_137786043,9,137786043,NA,NA,NA,NA
S9_137786045,9,137786045,NA,NA,NA,NA
S8_12195453,8,12195453,NA,NA,NA,NA
S7_165246801,7,165246801,NA,NA,NA,NA
S2_71310310,2,71310310,NA,NA,NA,NA
S3_174827539,3,174827539,NA,NA,NA,NA
S4_240117378,4,240117378,NA,NA,NA,NA
S1_61016648,1,61016648,NA,NA,NA,NA
S7_10560072,7,10560072,NA,NA,NA,NA
S7_36259106,7,36259106,NA,NA,NA,NA
S7_172502963,7,172502963,NA,NA,NA,NA
S6_153742114,6,153742114,NA,NA,NA,NA
S4_119829508,4,119829508,NA,NA,NA,NA
S6_107382234,6,107382234,NA,NA,NA,NA
S6_107382235,6,107382235,NA,NA,NA,NA
S3_1883278,3,1883278,NA,NA,NA,NA
S1_298437725,1,298437725,NA,NA,NA,NA
S3_122075801,3,122075801,NA,NA,NA,NA
S7_161684220,7,161684220,NA,NA,NA,NA
S5_208195193,5,208195193,NA,NA,NA,NA
S6_110007844,6,110007844,NA,NA,NA,NA
S4_226621108,4,226621108,NA,NA,NA,NA
S9_139513939,9,139513939,NA,NA,NA,NA
S8_154753971,8,154753971,NA,NA,NA,NA
S1_157251218,1,157251218,NA,NA,NA,NA
S6_34826265,6,34826265,NA,NA,NA,NA
S9_90843405,9,90843405,NA,NA,NA,NA
S10_9214843,10,9214843,NA,NA,NA,NA
S10_9214870,10,9214870,NA,NA,NA,NA
S10_9214872,10,9214872,NA,NA,NA,NA
S1_227510275,1,227510275,NA,NA,NA,NA
S1_227510277,1,227510277,NA,NA,NA,NA
S1_7389862,1,7389862,NA,NA,NA,NA
S10_146569706,10,146569706,NA,NA,NA,NA
S3_145434236,3,145434236,NA,NA,NA,NA
S2_41895113,2,41895113,NA,NA,NA,NA
S9_147961856,9,147961856,NA,NA,NA,NA
S9_137344568,9,137344568,NA,NA,NA,NA
S2_14836583,2,14836583,NA,NA,NA,NA
S1_202919552,1,202919552,NA,NA,NA,NA
S6_158007652,6,158007652,NA,NA,NA,NA
S8_17189117,8,17189117,NA,NA,NA,NA
S4_2887920,4,2887920,NA,NA,NA,NA
S7_11572195,7,11572195,NA,NA,NA,NA
S9_89811830,9,89811830,NA,NA,NA,NA
S2_187053225,2,187053225,NA,NA,NA,NA
S2_16342291,2,16342291,NA,NA,NA,NA
S9_101477308,9,101477308,NA,NA,NA,NA
S7_22519937,7,22519937,NA,NA,NA,NA
S3_60571220,3,60571220,NA,NA,NA,NA
S3_220678247,3,220678247,NA,NA,NA,NA
S1_58503721,1,58503721,NA,NA,NA,NA
S3_19655117,3,19655117,NA,NA,NA,NA
S3_19655118,3,19655118,NA,NA,NA,NA
S3_19655120,3,19655120,NA,NA,NA,NA
S3_19655130,3,19655130,NA,NA,NA,NA
S1_297605903,1,297605903,NA,NA,NA,NA
S10_139118267,10,139118267,NA,NA,NA,NA
S2_235930920,2,235930920,NA,NA,NA,NA
S2_235930959,2,235930959,NA,NA,NA,NA
S2_235930960,2,235930960,NA,NA,NA,NA
S2_22948421,2,22948421,NA,NA,NA,NA
S5_1726959,5,1726959,NA,NA,NA,NA
S2_49060826,2,49060826,NA,NA,NA,NA
S1_287488884,1,287488884,NA,NA,NA,NA
S10_138469950,10,138469950,NA,NA,NA,NA
S7_19623747,7,19623747,NA,NA,NA,NA
S1_234965905,1,234965905,NA,NA,NA,NA
S1_251103143,1,251103143,NA,NA,NA,NA
S4_98723158,4,98723158,NA,NA,NA,NA
S9_36038514,9,36038514,NA,NA,NA,NA
S1_19346625,1,19346625,NA,NA,NA,NA
S8_27220886,8,27220886,NA,NA,NA,NA
S2_51329645,2,51329645,NA,NA,NA,NA
S1_279571268,1,279571268,NA,NA,NA,NA
S6_156036143,6,156036143,NA,NA,NA,NA
S3_7407752,3,7407752,NA,NA,NA,NA
S2_224908942,2,224908942,NA,NA,NA,NA
S5_2267978,5,2267978,NA,NA,NA,NA
S1_269038066,1,269038066,NA,NA,NA,NA
S1_2544018,1,2544018,NA,NA,NA,NA
S5_178800210,5,178800210,NA,NA,NA,NA
S5_25877929,5,25877929,NA,NA,NA,NA
S4_233125714,4,233125714,NA,NA,NA,NA
S10_137656365,10,137656365,NA,NA,NA,NA
S5_71701793,5,71701793,NA,NA,NA,NA
S3_135695615,3,135695615,NA,NA,NA,NA
S10_143442518,10,143442518,NA,NA,NA,NA
S6_137397546,6,137397546,NA,NA,NA,NA
S3_215663602,3,215663602,NA,NA,NA,NA
S1_177052429,1,177052429,NA,NA,NA,NA
S7_131085108,7,131085108,NA,NA,NA,NA
S6_120913237,6,120913237,NA,NA,NA,NA
S8_67202080,8,67202080,NA,NA,NA,NA
S7_161950677,7,161950677,NA,NA,NA,NA
S5_211729075,5,211729075,NA,NA,NA,NA
S8_40678767,8,40678767,NA,NA,NA,NA
S6_105886157,6,105886157,NA,NA,NA,NA
S2_4512894,2,4512894,NA,NA,NA,NA
S7_174758925,7,174758925,NA,NA,NA,NA
S5_200110191,5,200110191,NA,NA,NA,NA
S7_121013780,7,121013780,NA,NA,NA,NA
S3_217637708,3,217637708,NA,NA,NA,NA
S3_217637712,3,217637712,NA,NA,NA,NA
S5_213348829,5,213348829,NA,NA,NA,NA
S6_159726430,6,159726430,NA,NA,NA,NA
S7_13960093,7,13960093,NA,NA,NA,NA
S2_163564609,2,163564609,NA,NA,NA,NA
S6_161726136,6,161726136,NA,NA,NA,NA
S7_17180596,7,17180596,NA,NA,NA,NA
S6_113110719,6,113110719,NA,NA,NA,NA
S1_244517114,1,244517114,NA,NA,NA,NA
S4_238428722,4,238428722,NA,NA,NA,NA
S8_141996642,8,141996642,NA,NA,NA,NA
S5_6443387,5,6443387,NA,NA,NA,NA
S1_288014744,1,288014744,NA,NA,NA,NA
S9_106788056,9,106788056,NA,NA,NA,NA
S4_197370628,4,197370628,NA,NA,NA,NA
S3_92980564,3,92980564,NA,NA,NA,NA
S2_203257259,2,203257259,NA,NA,NA,NA
S5_170971425,5,170971425,NA,NA,NA,NA
S6_39092514,6,39092514,NA,NA,NA,NA
S10_3061785,10,3061785,NA,NA,NA,NA
S4_157115411,4,157115411,NA,NA,NA,NA
S4_157115414,4,157115414,NA,NA,NA,NA
S2_148878577,2,148878577,NA,NA,NA,NA
S6_88910982,6,88910982,NA,NA,NA,NA
S4_68796591,4,68796591,NA,NA,NA,NA
S3_184366538,3,184366538,NA,NA,NA,NA
S5_168667019,5,168667019,NA,NA,NA,NA
S2_176452209,2,176452209,NA,NA,NA,NA
S9_151979648,9,151979648,NA,NA,NA,NA
S8_35643901,8,35643901,NA,NA,NA,NA
S5_172096945,5,172096945,NA,NA,NA,NA
S5_2250755,5,2250755,NA,NA,NA,NA
S1_4606320,1,4606320,NA,NA,NA,NA
S5_13814507,5,13814507,NA,NA,NA,NA
S5_13814508,5,13814508,NA,NA,NA,NA
S2_12799922,2,12799922,NA,NA,NA,NA
S5_186796471,5,186796471,NA,NA,NA,NA
S6_150666471,6,150666471,NA,NA,NA,NA
S5_199288373,5,199288373,NA,NA,NA,NA
S5_199288386,5,199288386,NA,NA,NA,NA
S1_198739541,1,198739541,NA,NA,NA,NA
S10_5480718,10,5480718,NA,NA,NA,NA
S3_2124404,3,2124404,NA,NA,NA,NA
S5_175592302,5,175592302,NA,NA,NA,NA
S3_132330357,3,132330357,NA,NA,NA,NA
S2_18072895,2,18072895,NA,NA,NA,NA
S2_18072923,2,18072923,NA,NA,NA,NA
S2_18072924,2,18072924,NA,NA,NA,NA
S2_197381415,2,197381415,NA,NA,NA,NA
S5_161171301,5,161171301,NA,NA,NA,NA
S5_161171304,5,161171304,NA,NA,NA,NA
S2_203605177,2,203605177,NA,NA,NA,NA
S8_169087633,8,169087633,NA,NA,NA,NA
S4_36516147,4,36516147,NA,NA,NA,NA
S1_154315115,1,154315115,NA,NA,NA,NA
S1_179185184,1,179185184,NA,NA,NA,NA
S1_179185190,1,179185190,NA,NA,NA,NA
S2_224467260,2,224467260,NA,NA,NA,NA
S5_7243094,5,7243094,NA,NA,NA,NA
S3_198605890,3,198605890,NA,NA,NA,NA
S10_9406264,10,9406264,NA,NA,NA,NA
S4_196808216,4,196808216,NA,NA,NA,NA
S4_1221243,4,1221243,NA,NA,NA,NA
S7_13571984,7,13571984,NA,NA,NA,NA
S7_118311295,7,118311295,NA,NA,NA,NA
S4_25786859,4,25786859,NA,NA,NA,NA
S7_19055755,7,19055755,NA,NA,NA,NA
S2_18072929,2,18072929,NA,NA,NA,NA
S1_35055205,1,35055205,NA,NA,NA,NA
S2_214208353,2,214208353,NA,NA,NA,NA
S4_16302124,4,16302124,NA,NA,NA,NA
S4_175138284,4,175138284,NA,NA,NA,NA
S9_146208004,9,146208004,NA,NA,NA,NA
S1_166863870,1,166863870,NA,NA,NA,NA
S2_143450894,2,143450894,NA,NA,NA,NA
S2_143450922,2,143450922,NA,NA,NA,NA
S1_195776382,1,195776382,NA,NA,NA,NA
S5_192404780,5,192404780,NA,NA,NA,NA
S5_192404783,5,192404783,NA,NA,NA,NA
S8_170136474,8,170136474,NA,NA,NA,NA
S1_208097508,1,208097508,NA,NA,NA,NA
S6_106978882,6,106978882,NA,NA,NA,NA
S9_149245961,9,149245961,NA,NA,NA,NA
S9_149245966,9,149245966,NA,NA,NA,NA
S5_210870190,5,210870190,NA,NA,NA,NA
S8_62836668,8,62836668,NA,NA,NA,NA
S7_11572232,7,11572232,NA,NA,NA,NA
S6_34221348,6,34221348,NA,NA,NA,NA
S3_226763975,3,226763975,NA,NA,NA,NA
S3_226763989,3,226763989,NA,NA,NA,NA
S6_143760816,6,143760816,NA,NA,NA,NA
S8_168284905,8,168284905,NA,NA,NA,NA
S2_16546497,2,16546497,NA,NA,NA,NA
S1_276690418,1,276690418,NA,NA,NA,NA
S6_161709015,6,161709015,NA,NA,NA,NA
S4_164088079,4,164088079,NA,NA,NA,NA
S7_166701928,7,166701928,NA,NA,NA,NA
S7_166701934,7,166701934,NA,NA,NA,NA
S6_117823495,6,117823495,NA,NA,NA,NA
S6_117823500,6,117823500,NA,NA,NA,NA
S6_117823522,6,117823522,NA,NA,NA,NA
S6_160330857,6,160330857,NA,NA,NA,NA
S2_235383152,2,235383152,NA,NA,NA,NA
S4_240037488,4,240037488,NA,NA,NA,NA
S7_82570331,7,82570331,NA,NA,NA,NA
S4_172833586,4,172833586,NA,NA,NA,NA
S10_148826886,10,148826886,NA,NA,NA,NA
S3_37360132,3,37360132,NA,NA,NA,NA
S6_147897439,6,147897439,NA,NA,NA,NA
S1_262508818,1,262508818,NA,NA,NA,NA
S8_149375017,8,149375017,NA,NA,NA,NA
S1_279475479,1,279475479,NA,NA,NA,NA
S4_17375404,4,17375404,NA,NA,NA,NA
S1_290306123,1,290306123,NA,NA,NA,NA
S6_83224596,6,83224596,NA,NA,NA,NA
S9_99759551,9,99759551,NA,NA,NA,NA
S2_215947349,2,215947349,NA,NA,NA,NA
S5_17316232,5,17316232,NA,NA,NA,NA
S7_134127466,7,134127466,NA,NA,NA,NA
S1_278606317,1,278606317,NA,NA,NA,NA
S1_278606320,1,278606320,NA,NA,NA,NA
S3_175965541,3,175965541,NA,NA,NA,NA
S1_140888476,1,140888476,NA,NA,NA,NA
S6_3040759,6,3040759,NA,NA,NA,NA
S5_5229440,5,5229440,NA,NA,NA,NA
S5_3842072,5,3842072,NA,NA,NA,NA
S10_134203746,10,134203746,NA,NA,NA,NA
S8_19514229,8,19514229,NA,NA,NA,NA
S1_285340424,1,285340424,NA,NA,NA,NA
S5_2363524,5,2363524,NA,NA,NA,NA
S3_179641399,3,179641399,NA,NA,NA,NA
S2_203263315,2,203263315,NA,NA,NA,NA
S10_119949319,10,119949319,NA,NA,NA,NA
S2_187687832,2,187687832,NA,NA,NA,NA
S2_173832400,2,173832400,NA,NA,NA,NA
S1_9956452,1,9956452,NA,NA,NA,NA
S7_168388048,7,168388048,NA,NA,NA,NA
S10_145175387,10,145175387,NA,NA,NA,NA
S1_31206056,1,31206056,NA,NA,NA,NA
S3_202111432,3,202111432,NA,NA,NA,NA
S6_126151112,6,126151112,NA,NA,NA,NA
S4_233209580,4,233209580,NA,NA,NA,NA
S5_168088987,5,168088987,NA,NA,NA,NA
S1_9058931,1,9058931,NA,NA,NA,NA
S8_17389230,8,17389230,NA,NA,NA,NA
S6_164146005,6,164146005,NA,NA,NA,NA
S7_2615934,7,2615934,NA,NA,NA,NA
S7_2615969,7,2615969,NA,NA,NA,NA
S5_82423668,5,82423668,NA,NA,NA,NA
S5_82423681,5,82423681,NA,NA,NA,NA
S8_62515221,8,62515221,NA,NA,NA,NA
S5_206249622,5,206249622,NA,NA,NA,NA
S1_182627191,1,182627191,NA,NA,NA,NA
S5_159330115,5,159330115,NA,NA,NA,NA
S9_149457614,9,149457614,NA,NA,NA,NA
S10_90815324,10,90815324,NA,NA,NA,NA
S1_246219334,1,246219334,NA,NA,NA,NA
S10_70537744,10,70537744,NA,NA,NA,NA
S3_114430402,3,114430402,NA,NA,NA,NA
S3_56287082,3,56287082,NA,NA,NA,NA
S3_12530382,3,12530382,NA,NA,NA,NA
S9_147377525,9,147377525,NA,NA,NA,NA
S1_10436226,1,10436226,NA,NA,NA,NA
S2_32492706,2,32492706,NA,NA,NA,NA
S5_10091304,5,10091304,NA,NA,NA,NA
S6_91856005,6,91856005,NA,NA,NA,NA
S5_213280287,5,213280287,NA,NA,NA,NA
S7_160616946,7,160616946,NA,NA,NA,NA
S1_295997462,1,295997462,NA,NA,NA,NA
S5_17352780,5,17352780,NA,NA,NA,NA
S3_209724332,3,209724332,NA,NA,NA,NA
S5_54416024,5,54416024,NA,NA,NA,NA
S4_85296701,4,85296701,NA,NA,NA,NA
S2_48824143,2,48824143,NA,NA,NA,NA
S10_85746448,10,85746448,NA,NA,NA,NA
S3_1848316,3,1848316,NA,NA,NA,NA
S3_156634872,3,156634872,NA,NA,NA,NA
S5_168224010,5,168224010,NA,NA,NA,NA
S9_141408265,9,141408265,NA,NA,NA,NA
S7_50591521,7,50591521,NA,NA,NA,NA
S1_64392057,1,64392057,NA,NA,NA,NA
S5_2323692,5,2323692,NA,NA,NA,NA
S10_138192855,10,138192855,NA,NA,NA,NA
S10_141940927,10,141940927,NA,NA,NA,NA
S1_292891821,1,292891821,NA,NA,NA,NA
S10_146965573,10,146965573,NA,NA,NA,NA
S1_143879032,1,143879032,NA,NA,NA,NA
S7_157459642,7,157459642,NA,NA,NA,NA
S7_67707568,7,67707568,NA,NA,NA,NA
S10_136840485,10,136840485,NA,NA,NA,NA
S1_15995473,1,15995473,NA,NA,NA,NA
S5_203402644,5,203402644,NA,NA,NA,NA
S9_20743249,9,20743249,NA,NA,NA,NA
S1_25814486,1,25814486,NA,NA,NA,NA
S10_1916666,10,1916666,NA,NA,NA,NA
S1_23065749,1,23065749,NA,NA,NA,NA
S9_138709542,9,138709542,NA,NA,NA,NA
S6_33623233,6,33623233,NA,NA,NA,NA
S3_155961960,3,155961960,NA,NA,NA,NA
S3_221238205,3,221238205,NA,NA,NA,NA
S5_19590483,5,19590483,NA,NA,NA,NA
S7_161434918,7,161434918,NA,NA,NA,NA
S7_79010504,7,79010504,NA,NA,NA,NA
S8_129070838,8,129070838,NA,NA,NA,NA
S9_151302660,9,151302660,NA,NA,NA,NA
S7_66710305,7,66710305,NA,NA,NA,NA
S1_55503972,1,55503972,NA,NA,NA,NA
S4_189815152,4,189815152,NA,NA,NA,NA
S6_39373970,6,39373970,NA,NA,NA,NA
S5_208257736,5,208257736,NA,NA,NA,NA
S2_148879645,2,148879645,NA,NA,NA,NA
S2_55483219,2,55483219,NA,NA,NA,NA
S7_13960040,7,13960040,NA,NA,NA,NA
S2_8809018,2,8809018,NA,NA,NA,NA
S7_173963049,7,173963049,NA,NA,NA,NA
S5_176588493,5,176588493,NA,NA,NA,NA
S6_3776345,6,3776345,NA,NA,NA,NA
S2_2225570,2,2225570,NA,NA,NA,NA
S2_211285140,2,211285140,NA,NA,NA,NA
S6_100105005,6,100105005,NA,NA,NA,NA
S7_28817922,7,28817922,NA,NA,NA,NA
S7_28817923,7,28817923,NA,NA,NA,NA
S5_26444391,5,26444391,NA,NA,NA,NA
S1_273100200,1,273100200,NA,NA,NA,NA
S1_32580170,1,32580170,NA,NA,NA,NA
S7_145971011,7,145971011,NA,NA,NA,NA
S3_142253006,3,142253006,NA,NA,NA,NA
S1_223688064,1,223688064,NA,NA,NA,NA
S10_1135796,10,1135796,NA,NA,NA,NA
S6_60608912,6,60608912,NA,NA,NA,NA
S6_60608914,6,60608914,NA,NA,NA,NA
S9_141452249,9,141452249,NA,NA,NA,NA
S1_27804092,1,27804092,NA,NA,NA,NA
S1_48681400,1,48681400,NA,NA,NA,NA
S8_116022699,8,116022699,NA,NA,NA,NA
S1_67985049,1,67985049,NA,NA,NA,NA
S9_130093254,9,130093254,NA,NA,NA,NA
S7_175290829,7,175290829,NA,NA,NA,NA
S1_282527860,1,282527860,NA,NA,NA,NA
S4_56859627,4,56859627,NA,NA,NA,NA
S8_152591120,8,152591120,NA,NA,NA,NA
S2_143450864,2,143450864,NA,NA,NA,NA
S2_143450868,2,143450868,NA,NA,NA,NA
S1_252321503,1,252321503,NA,NA,NA,NA
S3_186189893,3,186189893,NA,NA,NA,NA
S7_152255506,7,152255506,NA,NA,NA,NA
S7_152255509,7,152255509,NA,NA,NA,NA
S2_120131759,2,120131759,NA,NA,NA,NA
S8_8860232,8,8860232,NA,NA,NA,NA
S1_287336573,1,287336573,NA,NA,NA,NA
S1_188904443,1,188904443,NA,NA,NA,NA
S4_5379105,4,5379105,NA,NA,NA,NA
S8_1523939,8,1523939,NA,NA,NA,NA
S8_22676846,8,22676846,NA,NA,NA,NA
S9_141537846,9,141537846,NA,NA,NA,NA
S3_160933890,3,160933890,NA,NA,NA,NA
S1_10960811,1,10960811,NA,NA,NA,NA
S10_135634545,10,135634545,NA,NA,NA,NA
S4_37390512,4,37390512,NA,NA,NA,NA
S5_206194669,5,206194669,NA,NA,NA,NA
S8_81247714,8,81247714,NA,NA,NA,NA
S9_120748383,9,120748383,NA,NA,NA,NA
S3_93312666,3,93312666,NA,NA,NA,NA
S6_60182842,6,60182842,NA,NA,NA,NA
S6_60182868,6,60182868,NA,NA,NA,NA
S9_149745455,9,149745455,NA,NA,NA,NA
S3_34497548,3,34497548,NA,NA,NA,NA
S4_17367007,4,17367007,NA,NA,NA,NA
S1_35133649,1,35133649,NA,NA,NA,NA
S9_141472677,9,141472677,NA,NA,NA,NA
S9_141472688,9,141472688,NA,NA,NA,NA
S6_165586852,6,165586852,NA,NA,NA,NA
S6_165586885,6,165586885,NA,NA,NA,NA
S8_150561317,8,150561317,NA,NA,NA,NA
S4_39543066,4,39543066,NA,NA,NA,NA
S6_70293213,6,70293213,NA,NA,NA,NA
S2_43379184,2,43379184,NA,NA,NA,NA
S5_90343409,5,90343409,NA,NA,NA,NA
S9_151306698,9,151306698,NA,NA,NA,NA
S10_8786300,10,8786300,NA,NA,NA,NA
S2_17904412,2,17904412,NA,NA,NA,NA
S8_3482427,8,3482427,NA,NA,NA,NA
S5_170164180,5,170164180,NA,NA,NA,NA
S9_23054434,9,23054434,NA,NA,NA,NA
S1_52761462,1,52761462,NA,NA,NA,NA
S9_23212068,9,23212068,NA,NA,NA,NA
S8_160087090,8,160087090,NA,NA,NA,NA
S8_88438999,8,88438999,NA,NA,NA,NA
S5_100701747,5,100701747,NA,NA,NA,NA
S9_59402186,9,59402186,NA,NA,NA,NA
S7_176139963,7,176139963,NA,NA,NA,NA
S9_116948083,9,116948083,NA,NA,NA,NA
S6_74033234,6,74033234,NA,NA,NA,NA
S10_60480392,10,60480392,NA,NA,NA,NA
S3_21368942,3,21368942,NA,NA,NA,NA
S8_173506594,8,173506594,NA,NA,NA,NA
S1_84744467,1,84744467,NA,NA,NA,NA
S8_75379033,8,75379033,NA,NA,NA,NA
S2_36763373,2,36763373,NA,NA,NA,NA
S7_132517783,7,132517783,NA,NA,NA,NA
S2_44991478,2,44991478,NA,NA,NA,NA
S2_181884430,2,181884430,NA,NA,NA,NA
S6_132024805,6,132024805,NA,NA,NA,NA
S9_146228070,9,146228070,NA,NA,NA,NA
S4_2647078,4,2647078,NA,NA,NA,NA
S10_68725713,10,68725713,NA,NA,NA,NA
S7_9903926,7,9903926,NA,NA,NA,NA
S6_4885095,6,4885095,NA,NA,NA,NA
S8_163215195,8,163215195,NA,NA,NA,NA
S5_171187179,5,171187179,NA,NA,NA,NA
S1_233633174,1,233633174,NA,NA,NA,NA
S5_77526795,5,77526795,NA,NA,NA,NA
S5_75939116,5,75939116,NA,NA,NA,NA
S8_166082936,8,166082936,NA,NA,NA,NA
S10_132612571,10,132612571,NA,NA,NA,NA
S4_180429813,4,180429813,NA,NA,NA,NA
S10_138027068,10,138027068,NA,NA,NA,NA
S8_101959097,8,101959097,NA,NA,NA,NA
S1_205502413,1,205502413,NA,NA,NA,NA
S7_132085878,7,132085878,NA,NA,NA,NA
S7_166667191,7,166667191,NA,NA,NA,NA
S4_96325830,4,96325830,NA,NA,NA,NA
S3_219197847,3,219197847,NA,NA,NA,NA
S7_136373622,7,136373622,NA,NA,NA,NA
S5_208919459,5,208919459,NA,NA,NA,NA
S3_176794932,3,176794932,NA,NA,NA,NA
S2_6015116,2,6015116,NA,NA,NA,NA
S2_6015131,2,6015131,NA,NA,NA,NA
S9_136770318,9,136770318,NA,NA,NA,NA
S9_136770325,9,136770325,NA,NA,NA,NA
S6_120678665,6,120678665,NA,NA,NA,NA
S2_191973038,2,191973038,NA,NA,NA,NA
S10_17609998,10,17609998,NA,NA,NA,NA
S1_31850441,1,31850441,NA,NA,NA,NA
S5_2336519,5,2336519,NA,NA,NA,NA
S8_169418818,8,169418818,NA,NA,NA,NA
S4_192376161,4,192376161,NA,NA,NA,NA
S3_148974425,3,148974425,NA,NA,NA,NA
S2_44202071,2,44202071,NA,NA,NA,NA
S3_155244690,3,155244690,NA,NA,NA,NA
S2_230888738,2,230888738,NA,NA,NA,NA
S2_230888739,2,230888739,NA,NA,NA,NA
S6_2038806,6,2038806,NA,NA,NA,NA
S5_159330933,5,159330933,NA,NA,NA,NA
S2_195525979,2,195525979,NA,NA,NA,NA
S1_72224033,1,72224033,NA,NA,NA,NA
S3_216794852,3,216794852,NA,NA,NA,NA
S2_201966646,2,201966646,NA,NA,NA,NA
S3_176805421,3,176805421,NA,NA,NA,NA
S5_18152836,5,18152836,NA,NA,NA,NA
S2_173640932,2,173640932,NA,NA,NA,NA
S5_178352543,5,178352543,NA,NA,NA,NA
S10_91956484,10,91956484,NA,NA,NA,NA
S1_170192426,1,170192426,NA,NA,NA,NA
S2_57612751,2,57612751,NA,NA,NA,NA
S2_43559017,2,43559017,NA,NA,NA,NA
S6_22002859,6,22002859,NA,NA,NA,NA
S7_80015056,7,80015056,NA,NA,NA,NA
S9_24487220,9,24487220,NA,NA,NA,NA
S10_133877058,10,133877058,NA,NA,NA,NA
S10_133877075,10,133877075,NA,NA,NA,NA
S5_6328148,5,6328148,NA,NA,NA,NA
S7_2175891,7,2175891,NA,NA,NA,NA
S1_12852755,1,12852755,NA,NA,NA,NA
S7_160149793,7,160149793,NA,NA,NA,NA
S1_15068740,1,15068740,NA,NA,NA,NA
S3_47356454,3,47356454,NA,NA,NA,NA
S9_58143264,9,58143264,NA,NA,NA,NA
S1_33121953,1,33121953,NA,NA,NA,NA
S1_225495950,1,225495950,NA,NA,NA,NA
S2_185833022,2,185833022,NA,NA,NA,NA
S2_208936200,2,208936200,NA,NA,NA,NA
S1_56158933,1,56158933,NA,NA,NA,NA
S6_159210958,6,159210958,NA,NA,NA,NA
S3_88388226,3,88388226,NA,NA,NA,NA
S7_153730006,7,153730006,NA,NA,NA,NA
S7_130238676,7,130238676,NA,NA,NA,NA
S7_10549837,7,10549837,NA,NA,NA,NA
S4_194316824,4,194316824,NA,NA,NA,NA
S5_108641404,5,108641404,NA,NA,NA,NA
S4_38724566,4,38724566,NA,NA,NA,NA
S9_101477038,9,101477038,NA,NA,NA,NA
S5_5619557,5,5619557,NA,NA,NA,NA
S3_41261598,3,41261598,NA,NA,NA,NA
S8_143564041,8,143564041,NA,NA,NA,NA
S7_127268347,7,127268347,NA,NA,NA,NA
S5_32798050,5,32798050,NA,NA,NA,NA
S10_89542176,10,89542176,NA,NA,NA,NA
S5_39898295,5,39898295,NA,NA,NA,NA
S6_165635660,6,165635660,NA,NA,NA,NA
S2_10388579,2,10388579,NA,NA,NA,NA
S8_167381122,8,167381122,NA,NA,NA,NA
S8_167381149,8,167381149,NA,NA,NA,NA
S4_239145514,4,239145514,NA,NA,NA,NA
S2_191440032,2,191440032,NA,NA,NA,NA
S4_240471956,4,240471956,NA,NA,NA,NA
S4_240471957,4,240471957,NA,NA,NA,NA
S2_222731340,2,222731340,NA,NA,NA,NA
S2_195834355,2,195834355,NA,NA,NA,NA
S10_62157196,10,62157196,NA,NA,NA,NA
S3_3478103,3,3478103,NA,NA,NA,NA
S2_206701874,2,206701874,NA,NA,NA,NA
S7_100404338,7,100404338,NA,NA,NA,NA
S6_162662697,6,162662697,NA,NA,NA,NA
S8_103405295,8,103405295,NA,NA,NA,NA
S8_119829452,8,119829452,NA,NA,NA,NA
S8_119829453,8,119829453,NA,NA,NA,NA
S8_119829455,8,119829455,NA,NA,NA,NA
S8_119829460,8,119829460,NA,NA,NA,NA
S5_205339596,5,205339596,NA,NA,NA,NA
S5_205339598,5,205339598,NA,NA,NA,NA
S5_205339599,5,205339599,NA,NA,NA,NA
S5_205339600,5,205339600,NA,NA,NA,NA
S5_205339602,5,205339602,NA,NA,NA,NA
S7_152064248,7,152064248,NA,NA,NA,NA
S1_294100237,1,294100237,NA,NA,NA,NA
S7_162309349,7,162309349,NA,NA,NA,NA
S9_101390003,9,101390003,NA,NA,NA,NA
S4_181685088,4,181685088,NA,NA,NA,NA
S2_214506830,2,214506830,NA,NA,NA,NA
S3_208331031,3,208331031,NA,NA,NA,NA
S8_113714982,8,113714982,NA,NA,NA,NA
S5_205147989,5,205147989,NA,NA,NA,NA
S5_23874180,5,23874180,NA,NA,NA,NA
S1_32091973,1,32091973,NA,NA,NA,NA
S3_92980740,3,92980740,NA,NA,NA,NA
S5_191219156,5,191219156,NA,NA,NA,NA
S8_66990351,8,66990351,NA,NA,NA,NA
S1_100903193,1,100903193,NA,NA,NA,NA
S1_100903194,1,100903194,NA,NA,NA,NA
S8_156023373,8,156023373,NA,NA,NA,NA
S8_83051073,8,83051073,NA,NA,NA,NA
S6_117855160,6,117855160,NA,NA,NA,NA
S7_109057300,7,109057300,NA,NA,NA,NA
S3_187712464,3,187712464,NA,NA,NA,NA
S2_192700697,2,192700697,NA,NA,NA,NA
S1_246540730,1,246540730,NA,NA,NA,NA
S10_89420443,10,89420443,NA,NA,NA,NA
S10_89420444,10,89420444,NA,NA,NA,NA
S10_89420451,10,89420451,NA,NA,NA,NA
S8_152767948,8,152767948,NA,NA,NA,NA
S2_16541018,2,16541018,NA,NA,NA,NA
S2_16541024,2,16541024,NA,NA,NA,NA
S8_141377618,8,141377618,NA,NA,NA,NA
S1_256286634,1,256286634,NA,NA,NA,NA
S8_170628175,8,170628175,NA,NA,NA,NA
S1_167889728,1,167889728,NA,NA,NA,NA
S5_215003303,5,215003303,NA,NA,NA,NA
S2_208196194,2,208196194,NA,NA,NA,NA
S2_27999505,2,27999505,NA,NA,NA,NA
S5_145107231,5,145107231,NA,NA,NA,NA
S3_228071846,3,228071846,NA,NA,NA,NA
S6_131491768,6,131491768,NA,NA,NA,NA
S5_93580125,5,93580125,NA,NA,NA,NA
S9_151704864,9,151704864,NA,NA,NA,NA
S4_26400082,4,26400082,NA,NA,NA,NA
S5_210776757,5,210776757,NA,NA,NA,NA
S1_98355169,1,98355169,NA,NA,NA,NA
S9_23528742,9,23528742,NA,NA,NA,NA
S5_90763722,5,90763722,NA,NA,NA,NA
S1_3712929,1,3712929,NA,NA,NA,NA
S3_127222811,3,127222811,NA,NA,NA,NA
S4_172835208,4,172835208,NA,NA,NA,NA
S4_25071528,4,25071528,NA,NA,NA,NA
S10_146472200,10,146472200,NA,NA,NA,NA
S9_115380341,9,115380341,NA,NA,NA,NA
S2_7664265,2,7664265,NA,NA,NA,NA
S1_285526841,1,285526841,NA,NA,NA,NA
S1_285526849,1,285526849,NA,NA,NA,NA
S2_105418253,2,105418253,NA,NA,NA,NA
S5_88791716,5,88791716,NA,NA,NA,NA
S3_150034077,3,150034077,NA,NA,NA,NA
S3_150034126,3,150034126,NA,NA,NA,NA
S4_173309239,4,173309239,NA,NA,NA,NA
S3_172569888,3,172569888,NA,NA,NA,NA
S9_145774359,9,145774359,NA,NA,NA,NA
S6_35059861,6,35059861,NA,NA,NA,NA
S6_35059893,6,35059893,NA,NA,NA,NA
S4_185486389,4,185486389,NA,NA,NA,NA
S8_137303443,8,137303443,NA,NA,NA,NA
S9_1447896,9,1447896,NA,NA,NA,NA
S9_1447905,9,1447905,NA,NA,NA,NA
S9_1447906,9,1447906,NA,NA,NA,NA
S4_180371195,4,180371195,NA,NA,NA,NA
S1_250188561,1,250188561,NA,NA,NA,NA
S7_123505279,7,123505279,NA,NA,NA,NA
S4_201108957,4,201108957,NA,NA,NA,NA
S6_63434838,6,63434838,NA,NA,NA,NA
S10_125950739,10,125950739,NA,NA,NA,NA
S9_98680889,9,98680889,NA,NA,NA,NA
S3_197321339,3,197321339,NA,NA,NA,NA
S6_162110537,6,162110537,NA,NA,NA,NA
S9_154097276,9,154097276,NA,NA,NA,NA
S3_204466230,3,204466230,NA,NA,NA,NA
S1_56558633,1,56558633,NA,NA,NA,NA
S8_124588396,8,124588396,NA,NA,NA,NA
S6_168690721,6,168690721,NA,NA,NA,NA
S4_15938015,4,15938015,NA,NA,NA,NA
S1_228318146,1,228318146,NA,NA,NA,NA
S7_143003914,7,143003914,NA,NA,NA,NA
S7_143003915,7,143003915,NA,NA,NA,NA
S7_143003916,7,143003916,NA,NA,NA,NA
S1_174846118,1,174846118,NA,NA,NA,NA
S6_69394475,6,69394475,NA,NA,NA,NA
S4_173792898,4,173792898,NA,NA,NA,NA
S3_89434136,3,89434136,NA,NA,NA,NA
S1_154083821,1,154083821,NA,NA,NA,NA
S8_157452823,8,157452823,NA,NA,NA,NA
S5_150802317,5,150802317,NA,NA,NA,NA
S5_150802343,5,150802343,NA,NA,NA,NA
S2_17090460,2,17090460,NA,NA,NA,NA
S8_121485385,8,121485385,NA,NA,NA,NA
S2_134310443,2,134310443,NA,NA,NA,NA
S9_13448587,9,13448587,NA,NA,NA,NA
S6_116892829,6,116892829,NA,NA,NA,NA
S5_2333282,5,2333282,NA,NA,NA,NA
S1_52253716,1,52253716,NA,NA,NA,NA
S1_2784178,1,2784178,NA,NA,NA,NA
S8_23889253,8,23889253,NA,NA,NA,NA
S1_182851610,1,182851610,NA,NA,NA,NA
S2_233677684,2,233677684,NA,NA,NA,NA
S4_17855193,4,17855193,NA,NA,NA,NA
S1_30042906,1,30042906,NA,NA,NA,NA
S1_12169688,1,12169688,NA,NA,NA,NA
S10_83669153,10,83669153,NA,NA,NA,NA
S8_159798709,8,159798709,NA,NA,NA,NA
S6_150886679,6,150886679,NA,NA,NA,NA
S7_10157511,7,10157511,NA,NA,NA,NA
S1_3439069,1,3439069,NA,NA,NA,NA
S3_115007274,3,115007274,NA,NA,NA,NA
S3_7204675,3,7204675,NA,NA,NA,NA
S3_197364631,3,197364631,NA,NA,NA,NA
S6_115192231,6,115192231,NA,NA,NA,NA
S6_1540161,6,1540161,NA,NA,NA,NA
S3_184272915,3,184272915,NA,NA,NA,NA
S7_158240586,7,158240586,NA,NA,NA,NA
S9_126935915,9,126935915,NA,NA,NA,NA
S9_124758561,9,124758561,NA,NA,NA,NA
S7_103305222,7,103305222,NA,NA,NA,NA
S10_134399688,10,134399688,NA,NA,NA,NA
S7_133892823,7,133892823,NA,NA,NA,NA
S2_198436715,2,198436715,NA,NA,NA,NA
S7_172658574,7,172658574,NA,NA,NA,NA
S5_6857767,5,6857767,NA,NA,NA,NA
S3_15233227,3,15233227,NA,NA,NA,NA
S2_222447181,2,222447181,NA,NA,NA,NA
S3_49566003,3,49566003,NA,NA,NA,NA
S10_146939958,10,146939958,NA,NA,NA,NA
S10_146939962,10,146939962,NA,NA,NA,NA
S7_167347764,7,167347764,NA,NA,NA,NA
S5_156969778,5,156969778,NA,NA,NA,NA
S1_273299112,1,273299112,NA,NA,NA,NA
S7_99205948,7,99205948,NA,NA,NA,NA
S7_155561809,7,155561809,NA,NA,NA,NA
S6_4015621,6,4015621,NA,NA,NA,NA
S2_5682723,2,5682723,NA,NA,NA,NA
S2_69914083,2,69914083,NA,NA,NA,NA
S1_3439048,1,3439048,NA,NA,NA,NA
S1_3439049,1,3439049,NA,NA,NA,NA
S1_3439054,1,3439054,NA,NA,NA,NA
S5_16848811,5,16848811,NA,NA,NA,NA
S5_16848821,5,16848821,NA,NA,NA,NA
S5_16848822,5,16848822,NA,NA,NA,NA
S3_164968584,3,164968584,NA,NA,NA,NA
S9_23010347,9,23010347,NA,NA,NA,NA
S8_142237307,8,142237307,NA,NA,NA,NA
S1_239534440,1,239534440,NA,NA,NA,NA
S8_15244005,8,15244005,NA,NA,NA,NA
S2_67845437,2,67845437,NA,NA,NA,NA
S7_4110713,7,4110713,NA,NA,NA,NA
S10_87186746,10,87186746,NA,NA,NA,NA
S7_45171033,7,45171033,NA,NA,NA,NA
S6_162692994,6,162692994,NA,NA,NA,NA
S7_134131999,7,134131999,NA,NA,NA,NA
S4_173598324,4,173598324,NA,NA,NA,NA
S10_135135343,10,135135343,NA,NA,NA,NA
S1_254981598,1,254981598,NA,NA,NA,NA
S3_145364265,3,145364265,NA,NA,NA,NA
S4_6544767,4,6544767,NA,NA,NA,NA
S2_184391759,2,184391759,NA,NA,NA,NA
S4_164095276,4,164095276,NA,NA,NA,NA
S2_233400998,2,233400998,NA,NA,NA,NA
S4_84017229,4,84017229,NA,NA,NA,NA
S3_167430771,3,167430771,NA,NA,NA,NA
S10_4585981,10,4585981,NA,NA,NA,NA
S6_99884579,6,99884579,NA,NA,NA,NA
S8_172812044,8,172812044,NA,NA,NA,NA
S3_156963609,3,156963609,NA,NA,NA,NA
S2_4162830,2,4162830,NA,NA,NA,NA
S10_5642026,10,5642026,NA,NA,NA,NA
S3_171749238,3,171749238,NA,NA,NA,NA
S5_161171286,5,161171286,NA,NA,NA,NA
S7_171925199,7,171925199,NA,NA,NA,NA
S5_957375,5,957375,NA,NA,NA,NA
S2_233677652,2,233677652,NA,NA,NA,NA
S10_14522387,10,14522387,NA,NA,NA,NA
S9_154564943,9,154564943,NA,NA,NA,NA
S3_142953741,3,142953741,NA,NA,NA,NA
S1_87877075,1,87877075,NA,NA,NA,NA
S4_237322925,4,237322925,NA,NA,NA,NA
S8_153708856,8,153708856,NA,NA,NA,NA
S1_253391071,1,253391071,NA,NA,NA,NA
S1_233231557,1,233231557,NA,NA,NA,NA
S4_58469273,4,58469273,NA,NA,NA,NA
S3_226764099,3,226764099,NA,NA,NA,NA
S10_129586184,10,129586184,NA,NA,NA,NA
S7_2062531,7,2062531,NA,NA,NA,NA
S4_218287243,4,218287243,NA,NA,NA,NA
S9_18330715,9,18330715,NA,NA,NA,NA
S9_64623611,9,64623611,NA,NA,NA,NA
S9_64623619,9,64623619,NA,NA,NA,NA
S9_64623650,9,64623650,NA,NA,NA,NA
S9_64623651,9,64623651,NA,NA,NA,NA
S9_64623652,9,64623652,NA,NA,NA,NA
S9_64623658,9,64623658,NA,NA,NA,NA
S9_64623661,9,64623661,NA,NA,NA,NA
S9_64623665,9,64623665,NA,NA,NA,NA
S1_227510383,1,227510383,NA,NA,NA,NA
S3_132611467,3,132611467,NA,NA,NA,NA
S3_132611468,3,132611468,NA,NA,NA,NA
S1_162586861,1,162586861,NA,NA,NA,NA
S5_34753459,5,34753459,NA,NA,NA,NA
S4_152525128,4,152525128,NA,NA,NA,NA
S5_51357829,5,51357829,NA,NA,NA,NA
S1_190696023,1,190696023,NA,NA,NA,NA
S1_265746853,1,265746853,NA,NA,NA,NA
S2_193622327,2,193622327,NA,NA,NA,NA
S2_105418238,2,105418238,NA,NA,NA,NA
S2_105418239,2,105418239,NA,NA,NA,NA
S2_105418240,2,105418240,NA,NA,NA,NA
S2_105418241,2,105418241,NA,NA,NA,NA
S2_105418243,2,105418243,NA,NA,NA,NA
S2_105418245,2,105418245,NA,NA,NA,NA
S2_105418246,2,105418246,NA,NA,NA,NA
S2_105418248,2,105418248,NA,NA,NA,NA
S2_105418249,2,105418249,NA,NA,NA,NA
S2_105418250,2,105418250,NA,NA,NA,NA
S2_105418254,2,105418254,NA,NA,NA,NA
S2_105418256,2,105418256,NA,NA,NA,NA
S2_105418258,2,105418258,NA,NA,NA,NA
S8_164937315,8,164937315,NA,NA,NA,NA
S1_184700858,1,184700858,NA,NA,NA,NA
S9_48270710,9,48270710,NA,NA,NA,NA
S1_27916882,1,27916882,NA,NA,NA,NA
S6_149469557,6,149469557,NA,NA,NA,NA
S4_152790903,4,152790903,NA,NA,NA,NA
S5_5254173,5,5254173,NA,NA,NA,NA
S9_147168184,9,147168184,NA,NA,NA,NA
S3_229130927,3,229130927,NA,NA,NA,NA
S6_164558149,6,164558149,NA,NA,NA,NA
S4_17419095,4,17419095,NA,NA,NA,NA
S2_140661574,2,140661574,NA,NA,NA,NA
S2_229983880,2,229983880,NA,NA,NA,NA
S10_136479769,10,136479769,NA,NA,NA,NA
S1_26827287,1,26827287,NA,NA,NA,NA
S2_124107343,2,124107343,NA,NA,NA,NA
S3_156963625,3,156963625,NA,NA,NA,NA
S3_156963627,3,156963627,NA,NA,NA,NA
S10_132093970,10,132093970,NA,NA,NA,NA
S4_237142623,4,237142623,NA,NA,NA,NA
S1_258807359,1,258807359,NA,NA,NA,NA
S3_221608226,3,221608226,NA,NA,NA,NA
S8_36553679,8,36553679,NA,NA,NA,NA
S2_215553035,2,215553035,NA,NA,NA,NA
S1_283602673,1,283602673,NA,NA,NA,NA
S3_188021540,3,188021540,NA,NA,NA,NA
S3_175540678,3,175540678,NA,NA,NA,NA
S8_25726334,8,25726334,NA,NA,NA,NA
S4_831122,4,831122,NA,NA,NA,NA
S7_173186109,7,173186109,NA,NA,NA,NA
S3_208971229,3,208971229,NA,NA,NA,NA
S1_94208288,1,94208288,NA,NA,NA,NA
S4_224880699,4,224880699,NA,NA,NA,NA
S7_10368480,7,10368480,NA,NA,NA,NA
S2_223030328,2,223030328,NA,NA,NA,NA
S4_3108954,4,3108954,NA,NA,NA,NA
S6_74999462,6,74999462,NA,NA,NA,NA
S10_132612598,10,132612598,NA,NA,NA,NA
S5_3403491,5,3403491,NA,NA,NA,NA
S7_157440864,7,157440864,NA,NA,NA,NA
S9_45195950,9,45195950,NA,NA,NA,NA
S4_73367184,4,73367184,NA,NA,NA,NA
S10_85581567,10,85581567,NA,NA,NA,NA
S1_285310061,1,285310061,NA,NA,NA,NA
S7_157440875,7,157440875,NA,NA,NA,NA
S7_157440876,7,157440876,NA,NA,NA,NA
S5_59718641,5,59718641,NA,NA,NA,NA
S8_45915393,8,45915393,NA,NA,NA,NA
S3_37091115,3,37091115,NA,NA,NA,NA
S3_37091116,3,37091116,NA,NA,NA,NA
S9_145063355,9,145063355,NA,NA,NA,NA
S2_230866929,2,230866929,NA,NA,NA,NA
S6_147692492,6,147692492,NA,NA,NA,NA
S5_4876730,5,4876730,NA,NA,NA,NA
S3_17182147,3,17182147,NA,NA,NA,NA
S5_206466076,5,206466076,NA,NA,NA,NA
S6_155453153,6,155453153,NA,NA,NA,NA
S7_1140031,7,1140031,NA,NA,NA,NA
S3_26022906,3,26022906,NA,NA,NA,NA
S5_210635353,5,210635353,NA,NA,NA,NA
S5_210635358,5,210635358,NA,NA,NA,NA
S5_210635359,5,210635359,NA,NA,NA,NA
S5_68651186,5,68651186,NA,NA,NA,NA
S5_68651217,5,68651217,NA,NA,NA,NA
S5_61671706,5,61671706,NA,NA,NA,NA
S7_65902028,7,65902028,NA,NA,NA,NA
S1_31747010,1,31747010,NA,NA,NA,NA
S1_266044177,1,266044177,NA,NA,NA,NA
S8_132328869,8,132328869,NA,NA,NA,NA
S7_13842392,7,13842392,NA,NA,NA,NA
S5_1897029,5,1897029,NA,NA,NA,NA
S9_121589817,9,121589817,NA,NA,NA,NA
S10_25667900,10,25667900,NA,NA,NA,NA
S7_6126922,7,6126922,NA,NA,NA,NA
S4_224624101,4,224624101,NA,NA,NA,NA
S7_107841656,7,107841656,NA,NA,NA,NA
S3_2156034,3,2156034,NA,NA,NA,NA
S7_108845890,7,108845890,NA,NA,NA,NA
S2_16232975,2,16232975,NA,NA,NA,NA
S1_170717491,1,170717491,NA,NA,NA,NA
S1_72805236,1,72805236,NA,NA,NA,NA
S1_251712050,1,251712050,NA,NA,NA,NA
S3_156052896,3,156052896,NA,NA,NA,NA
S3_184272901,3,184272901,NA,NA,NA,NA
S1_29614110,1,29614110,NA,NA,NA,NA
S1_29614113,1,29614113,NA,NA,NA,NA
S3_226822458,3,226822458,NA,NA,NA,NA
S6_168794880,6,168794880,NA,NA,NA,NA
S6_168794886,6,168794886,NA,NA,NA,NA
S6_168794883,6,168794883,NA,NA,NA,NA
S1_285077081,1,285077081,NA,NA,NA,NA
S8_13370322,8,13370322,NA,NA,NA,NA
S8_38429197,8,38429197,NA,NA,NA,NA
S6_81546210,6,81546210,NA,NA,NA,NA
S6_132003633,6,132003633,NA,NA,NA,NA
S10_23402407,10,23402407,NA,NA,NA,NA
S10_23402408,10,23402408,NA,NA,NA,NA
S8_156729249,8,156729249,NA,NA,NA,NA
S7_131379306,7,131379306,NA,NA,NA,NA
S3_2066674,3,2066674,NA,NA,NA,NA
S1_14961384,1,14961384,NA,NA,NA,NA
S3_160933873,3,160933873,NA,NA,NA,NA
S3_160933885,3,160933885,NA,NA,NA,NA
S3_160933906,3,160933906,NA,NA,NA,NA
S5_179270099,5,179270099,NA,NA,NA,NA
S5_61755289,5,61755289,NA,NA,NA,NA
S3_225342467,3,225342467,NA,NA,NA,NA
S5_194560548,5,194560548,NA,NA,NA,NA
S1_119429732,1,119429732,NA,NA,NA,NA
S6_9494055,6,9494055,NA,NA,NA,NA
S1_276328023,1,276328023,NA,NA,NA,NA
S9_24599540,9,24599540,NA,NA,NA,NA
S7_131085089,7,131085089,NA,NA,NA,NA
S3_128798570,3,128798570,NA,NA,NA,NA
S5_60993128,5,60993128,NA,NA,NA,NA
S9_103235564,9,103235564,NA,NA,NA,NA
S7_88915799,7,88915799,NA,NA,NA,NA
S10_97735723,10,97735723,NA,NA,NA,NA
S6_137514938,6,137514938,NA,NA,NA,NA
S1_4242047,1,4242047,NA,NA,NA,NA
S9_152487483,9,152487483,NA,NA,NA,NA
S6_9195036,6,9195036,NA,NA,NA,NA
S4_17981763,4,17981763,NA,NA,NA,NA
S8_966784,8,966784,NA,NA,NA,NA
S5_19129190,5,19129190,NA,NA,NA,NA
S9_108351916,9,108351916,NA,NA,NA,NA
S5_169456568,5,169456568,NA,NA,NA,NA
S9_147374382,9,147374382,NA,NA,NA,NA
S6_88569400,6,88569400,NA,NA,NA,NA
S8_52206460,8,52206460,NA,NA,NA,NA
S1_263752961,1,263752961,NA,NA,NA,NA
S10_2032027,10,2032027,NA,NA,NA,NA
S1_175165776,1,175165776,NA,NA,NA,NA
S5_67674433,5,67674433,NA,NA,NA,NA
S7_162984864,7,162984864,NA,NA,NA,NA
S3_166436414,3,166436414,NA,NA,NA,NA
S9_21677455,9,21677455,NA,NA,NA,NA
S7_13352197,7,13352197,NA,NA,NA,NA
S7_134124844,7,134124844,NA,NA,NA,NA
S10_14003832,10,14003832,NA,NA,NA,NA
S1_288696489,1,288696489,NA,NA,NA,NA
S5_178743946,5,178743946,NA,NA,NA,NA
S5_178743957,5,178743957,NA,NA,NA,NA
S10_77104100,10,77104100,NA,NA,NA,NA
S5_212203274,5,212203274,NA,NA,NA,NA
S1_299283370,1,299283370,NA,NA,NA,NA
S8_88813042,8,88813042,NA,NA,NA,NA
S2_234410542,2,234410542,NA,NA,NA,NA
S1_119377036,1,119377036,NA,NA,NA,NA
S1_46737340,1,46737340,NA,NA,NA,NA
S9_12795808,9,12795808,NA,NA,NA,NA
S1_294167152,1,294167152,NA,NA,NA,NA
S2_5863401,2,5863401,NA,NA,NA,NA
S6_55848985,6,55848985,NA,NA,NA,NA
S4_239423850,4,239423850,NA,NA,NA,NA
S1_10436233,1,10436233,NA,NA,NA,NA
S5_211452120,5,211452120,NA,NA,NA,NA
S4_237517578,4,237517578,NA,NA,NA,NA
S7_2888491,7,2888491,NA,NA,NA,NA
S10_7440298,10,7440298,NA,NA,NA,NA
S1_181873936,1,181873936,NA,NA,NA,NA
S9_122515253,9,122515253,NA,NA,NA,NA
S5_214111241,5,214111241,NA,NA,NA,NA
S5_84500105,5,84500105,NA,NA,NA,NA
S8_150035879,8,150035879,NA,NA,NA,NA
S5_192404769,5,192404769,NA,NA,NA,NA
S6_137292026,6,137292026,NA,NA,NA,NA
S3_38058734,3,38058734,NA,NA,NA,NA
S7_137169763,7,137169763,NA,NA,NA,NA
S5_34044729,5,34044729,NA,NA,NA,NA
S1_43063988,1,43063988,NA,NA,NA,NA
S4_5041391,4,5041391,NA,NA,NA,NA
S3_143606016,3,143606016,NA,NA,NA,NA
S9_73473889,9,73473889,NA,NA,NA,NA
S8_1455878,8,1455878,NA,NA,NA,NA
S1_48660741,1,48660741,NA,NA,NA,NA
S4_110073866,4,110073866,NA,NA,NA,NA
S2_185017968,2,185017968,NA,NA,NA,NA
S2_164272825,2,164272825,NA,NA,NA,NA
S2_169757817,2,169757817,NA,NA,NA,NA
S4_16213227,4,16213227,NA,NA,NA,NA
S1_3703856,1,3703856,NA,NA,NA,NA
S9_20745973,9,20745973,NA,NA,NA,NA
S5_155419664,5,155419664,NA,NA,NA,NA
S7_92941779,7,92941779,NA,NA,NA,NA
S2_189275601,2,189275601,NA,NA,NA,NA
S4_166925010,4,166925010,NA,NA,NA,NA
S3_220856840,3,220856840,NA,NA,NA,NA
S8_155895223,8,155895223,NA,NA,NA,NA
S9_103687962,9,103687962,NA,NA,NA,NA
S4_196467378,4,196467378,NA,NA,NA,NA
S7_15457109,7,15457109,NA,NA,NA,NA
S9_87360496,9,87360496,NA,NA,NA,NA
S6_144125267,6,144125267,NA,NA,NA,NA
S2_133316220,2,133316220,NA,NA,NA,NA
S5_200685219,5,200685219,NA,NA,NA,NA
S3_47848954,3,47848954,NA,NA,NA,NA
S10_77677501,10,77677501,NA,NA,NA,NA
S2_193506723,2,193506723,NA,NA,NA,NA
S5_202819416,5,202819416,NA,NA,NA,NA
S7_160532103,7,160532103,NA,NA,NA,NA
S4_26400061,4,26400061,NA,NA,NA,NA
S2_4834031,2,4834031,NA,NA,NA,NA
S7_131379307,7,131379307,NA,NA,NA,NA
S4_30652638,4,30652638,NA,NA,NA,NA
S9_45850061,9,45850061,NA,NA,NA,NA
S2_203613683,2,203613683,NA,NA,NA,NA
S10_61949316,10,61949316,NA,NA,NA,NA
S2_11207050,2,11207050,NA,NA,NA,NA
S2_144722095,2,144722095,NA,NA,NA,NA
S1_213538492,1,213538492,NA,NA,NA,NA
S8_14843305,8,14843305,NA,NA,NA,NA
S5_2259980,5,2259980,NA,NA,NA,NA
S7_11571968,7,11571968,NA,NA,NA,NA
S9_143963336,9,143963336,NA,NA,NA,NA
S10_126898684,10,126898684,NA,NA,NA,NA
S1_194993115,1,194993115,NA,NA,NA,NA
S10_39951590,10,39951590,NA,NA,NA,NA
S1_52774958,1,52774958,NA,NA,NA,NA
S5_1042953,5,1042953,NA,NA,NA,NA
S5_1042979,5,1042979,NA,NA,NA,NA
S10_144686522,10,144686522,NA,NA,NA,NA
S10_144109603,10,144109603,NA,NA,NA,NA
S5_11782941,5,11782941,NA,NA,NA,NA
S7_172572412,7,172572412,NA,NA,NA,NA
S1_290856560,1,290856560,NA,NA,NA,NA
S2_33403596,2,33403596,NA,NA,NA,NA
S4_239803152,4,239803152,NA,NA,NA,NA
S7_92650591,7,92650591,NA,NA,NA,NA
S7_92650605,7,92650605,NA,NA,NA,NA
S7_1292807,7,1292807,NA,NA,NA,NA
S6_66026551,6,66026551,NA,NA,NA,NA
S1_292891797,1,292891797,NA,NA,NA,NA
S3_219400298,3,219400298,NA,NA,NA,NA
S7_136180003,7,136180003,NA,NA,NA,NA
S9_143891938,9,143891938,NA,NA,NA,NA
S9_144038821,9,144038821,NA,NA,NA,NA
S9_149245962,9,149245962,NA,NA,NA,NA
S6_143961659,6,143961659,NA,NA,NA,NA
S7_127254770,7,127254770,NA,NA,NA,NA
S4_1995160,4,1995160,NA,NA,NA,NA
S6_164566598,6,164566598,NA,NA,NA,NA
S9_155718434,9,155718434,NA,NA,NA,NA
S4_185186123,4,185186123,NA,NA,NA,NA
S2_188404479,2,188404479,NA,NA,NA,NA
S1_29757662,1,29757662,NA,NA,NA,NA
S1_29757664,1,29757664,NA,NA,NA,NA
S1_273299116,1,273299116,NA,NA,NA,NA
S7_154700521,7,154700521,NA,NA,NA,NA
S2_28006255,2,28006255,NA,NA,NA,NA
S5_21698010,5,21698010,NA,NA,NA,NA
S8_18824137,8,18824137,NA,NA,NA,NA
S8_18824138,8,18824138,NA,NA,NA,NA
S8_18824139,8,18824139,NA,NA,NA,NA
S10_147997632,10,147997632,NA,NA,NA,NA
S1_44803858,1,44803858,NA,NA,NA,NA
S1_279116721,1,279116721,NA,NA,NA,NA
S4_238357174,4,238357174,NA,NA,NA,NA
S4_149158394,4,149158394,NA,NA,NA,NA
S3_22818929,3,22818929,NA,NA,NA,NA
S6_132084134,6,132084134,NA,NA,NA,NA
S5_7855425,5,7855425,NA,NA,NA,NA
S7_85705787,7,85705787,NA,NA,NA,NA
S5_23724121,5,23724121,NA,NA,NA,NA
S10_25298519,10,25298519,NA,NA,NA,NA
S1_36973228,1,36973228,NA,NA,NA,NA
S2_181680918,2,181680918,NA,NA,NA,NA
S2_12632197,2,12632197,NA,NA,NA,NA
S3_179219196,3,179219196,NA,NA,NA,NA
S5_190607558,5,190607558,NA,NA,NA,NA
S5_6139629,5,6139629,NA,NA,NA,NA
S4_238316674,4,238316674,NA,NA,NA,NA
S6_102969315,6,102969315,NA,NA,NA,NA
S2_7958989,2,7958989,NA,NA,NA,NA
S1_3197160,1,3197160,NA,NA,NA,NA
S7_155258357,7,155258357,NA,NA,NA,NA
S7_155258358,7,155258358,NA,NA,NA,NA
S5_175588605,5,175588605,NA,NA,NA,NA
S6_95327506,6,95327506,NA,NA,NA,NA
S2_127750878,2,127750878,NA,NA,NA,NA
S9_111251853,9,111251853,NA,NA,NA,NA
S8_936744,8,936744,NA,NA,NA,NA
S7_13578777,7,13578777,NA,NA,NA,NA
S1_45776957,1,45776957,NA,NA,NA,NA
S2_4269206,2,4269206,NA,NA,NA,NA
S9_143190835,9,143190835,NA,NA,NA,NA
S5_36491331,5,36491331,NA,NA,NA,NA
S7_121761851,7,121761851,NA,NA,NA,NA
S7_121761852,7,121761852,NA,NA,NA,NA
S5_36063740,5,36063740,NA,NA,NA,NA
S5_206267090,5,206267090,NA,NA,NA,NA
S2_1960872,2,1960872,NA,NA,NA,NA
S4_237268497,4,237268497,NA,NA,NA,NA
S5_60522147,5,60522147,NA,NA,NA,NA
S7_168006291,7,168006291,NA,NA,NA,NA
S6_154237271,6,154237271,NA,NA,NA,NA
S3_20306068,3,20306068,NA,NA,NA,NA
S5_29918497,5,29918497,NA,NA,NA,NA
S4_695228,4,695228,NA,NA,NA,NA
S9_13150160,9,13150160,NA,NA,NA,NA
S6_138577661,6,138577661,NA,NA,NA,NA
S1_42851478,1,42851478,NA,NA,NA,NA
S3_148291030,3,148291030,NA,NA,NA,NA
S1_41276929,1,41276929,NA,NA,NA,NA
S7_168578952,7,168578952,NA,NA,NA,NA
S2_209131855,2,209131855,NA,NA,NA,NA
S5_14060278,5,14060278,NA,NA,NA,NA
S8_80293025,8,80293025,NA,NA,NA,NA
S3_66949318,3,66949318,NA,NA,NA,NA
S2_104967704,2,104967704,NA,NA,NA,NA
S5_14808624,5,14808624,NA,NA,NA,NA
S3_24905302,3,24905302,NA,NA,NA,NA
S5_196142088,5,196142088,NA,NA,NA,NA
S5_188455750,5,188455750,NA,NA,NA,NA
S9_100684418,9,100684418,NA,NA,NA,NA
S5_8709774,5,8709774,NA,NA,NA,NA
S3_200311913,3,200311913,NA,NA,NA,NA
S3_200311918,3,200311918,NA,NA,NA,NA
S10_145200670,10,145200670,NA,NA,NA,NA
S10_68815377,10,68815377,NA,NA,NA,NA
S3_187711008,3,187711008,NA,NA,NA,NA
S4_180667967,4,180667967,NA,NA,NA,NA
S1_203648021,1,203648021,NA,NA,NA,NA
S9_88924996,9,88924996,NA,NA,NA,NA
S2_216532433,2,216532433,NA,NA,NA,NA
S1_232514054,1,232514054,NA,NA,NA,NA
S3_213559758,3,213559758,NA,NA,NA,NA
S1_16450488,1,16450488,NA,NA,NA,NA
S1_16450496,1,16450496,NA,NA,NA,NA
S1_16450519,1,16450519,NA,NA,NA,NA
S9_133939693,9,133939693,NA,NA,NA,NA
S2_52949347,2,52949347,NA,NA,NA,NA
S4_201878594,4,201878594,NA,NA,NA,NA
S5_62756695,5,62756695,NA,NA,NA,NA
S2_2491980,2,2491980,NA,NA,NA,NA
S2_37844613,2,37844613,NA,NA,NA,NA
S8_156023371,8,156023371,NA,NA,NA,NA
S2_215411801,2,215411801,NA,NA,NA,NA
S10_2434905,10,2434905,NA,NA,NA,NA
S2_212803593,2,212803593,NA,NA,NA,NA
S2_32949539,2,32949539,NA,NA,NA,NA
S2_186160133,2,186160133,NA,NA,NA,NA
S4_236888879,4,236888879,NA,NA,NA,NA
S7_154627652,7,154627652,NA,NA,NA,NA
S8_165627058,8,165627058,NA,NA,NA,NA
S6_158476122,6,158476122,NA,NA,NA,NA
S7_19055745,7,19055745,NA,NA,NA,NA
S3_121069491,3,121069491,NA,NA,NA,NA
S8_172756784,8,172756784,NA,NA,NA,NA
S9_99314072,9,99314072,NA,NA,NA,NA
S5_53198836,5,53198836,NA,NA,NA,NA
S9_88449377,9,88449377,NA,NA,NA,NA
S7_140008550,7,140008550,NA,NA,NA,NA
S7_166701930,7,166701930,NA,NA,NA,NA
S8_11528861,8,11528861,NA,NA,NA,NA
S5_26100208,5,26100208,NA,NA,NA,NA
S2_41958535,2,41958535,NA,NA,NA,NA
S3_217462430,3,217462430,NA,NA,NA,NA
S8_76393302,8,76393302,NA,NA,NA,NA
S1_279120269,1,279120269,NA,NA,NA,NA
S2_189190506,2,189190506,NA,NA,NA,NA
S7_6070077,7,6070077,NA,NA,NA,NA
S5_42728893,5,42728893,NA,NA,NA,NA
S9_153456977,9,153456977,NA,NA,NA,NA
S9_146012215,9,146012215,NA,NA,NA,NA
S2_210633866,2,210633866,NA,NA,NA,NA
S8_172949807,8,172949807,NA,NA,NA,NA
S2_220468914,2,220468914,NA,NA,NA,NA
S1_260150230,1,260150230,NA,NA,NA,NA
S4_187301712,4,187301712,NA,NA,NA,NA
S6_128319474,6,128319474,NA,NA,NA,NA
S8_16444502,8,16444502,NA,NA,NA,NA
S1_37315797,1,37315797,NA,NA,NA,NA
S2_199344420,2,199344420,NA,NA,NA,NA
S1_143627262,1,143627262,NA,NA,NA,NA
S8_142227583,8,142227583,NA,NA,NA,NA
S3_217572133,3,217572133,NA,NA,NA,NA
S6_25289829,6,25289829,NA,NA,NA,NA
S3_154659607,3,154659607,NA,NA,NA,NA
S3_154659609,3,154659609,NA,NA,NA,NA
S7_133162160,7,133162160,NA,NA,NA,NA
S8_146606790,8,146606790,NA,NA,NA,NA
S7_155738263,7,155738263,NA,NA,NA,NA
S1_210652384,1,210652384,NA,NA,NA,NA
S5_215016500,5,215016500,NA,NA,NA,NA
S6_272264,6,272264,NA,NA,NA,NA
S1_22069470,1,22069470,NA,NA,NA,NA
S5_168671566,5,168671566,NA,NA,NA,NA
S8_74986460,8,74986460,NA,NA,NA,NA
S1_234965914,1,234965914,NA,NA,NA,NA
S3_199561705,3,199561705,NA,NA,NA,NA
S4_177328638,4,177328638,NA,NA,NA,NA
S4_189295619,4,189295619,NA,NA,NA,NA
S7_173888663,7,173888663,NA,NA,NA,NA
S7_173888665,7,173888665,NA,NA,NA,NA
S7_19055229,7,19055229,NA,NA,NA,NA
S4_2071287,4,2071287,NA,NA,NA,NA
S10_123109157,10,123109157,NA,NA,NA,NA
S10_142397175,10,142397175,NA,NA,NA,NA
S9_8458891,9,8458891,NA,NA,NA,NA
S2_37569176,2,37569176,NA,NA,NA,NA
S6_154161074,6,154161074,NA,NA,NA,NA
S10_145895229,10,145895229,NA,NA,NA,NA
S4_185566364,4,185566364,NA,NA,NA,NA
S4_25464678,4,25464678,NA,NA,NA,NA
S2_211285146,2,211285146,NA,NA,NA,NA
S2_211285147,2,211285147,NA,NA,NA,NA
S9_125899042,9,125899042,NA,NA,NA,NA
S9_125899044,9,125899044,NA,NA,NA,NA
S9_125899045,9,125899045,NA,NA,NA,NA
S2_5467953,2,5467953,NA,NA,NA,NA
S6_115361668,6,115361668,NA,NA,NA,NA
S10_139877720,10,139877720,NA,NA,NA,NA
S9_77309892,9,77309892,NA,NA,NA,NA
S3_145481816,3,145481816,NA,NA,NA,NA
S1_289520883,1,289520883,NA,NA,NA,NA
S3_207147899,3,207147899,NA,NA,NA,NA
S2_43370592,2,43370592,NA,NA,NA,NA
S2_130295173,2,130295173,NA,NA,NA,NA
S8_151339181,8,151339181,NA,NA,NA,NA
S3_166796810,3,166796810,NA,NA,NA,NA
S2_63667796,2,63667796,NA,NA,NA,NA
S6_156535193,6,156535193,NA,NA,NA,NA
S7_19347658,7,19347658,NA,NA,NA,NA
S8_113291192,8,113291192,NA,NA,NA,NA
S3_189459302,3,189459302,NA,NA,NA,NA
S2_64750785,2,64750785,NA,NA,NA,NA
S5_105773692,5,105773692,NA,NA,NA,NA
S8_168953158,8,168953158,NA,NA,NA,NA
S1_272830222,1,272830222,NA,NA,NA,NA
S3_155961955,3,155961955,NA,NA,NA,NA
S4_237141905,4,237141905,NA,NA,NA,NA
S3_157577120,3,157577120,NA,NA,NA,NA
S10_144751527,10,144751527,NA,NA,NA,NA
S7_170251412,7,170251412,NA,NA,NA,NA
S7_19090173,7,19090173,NA,NA,NA,NA
S7_19090174,7,19090174,NA,NA,NA,NA
S8_74681888,8,74681888,NA,NA,NA,NA
S5_84104404,5,84104404,NA,NA,NA,NA
S5_59725803,5,59725803,NA,NA,NA,NA
S8_111288566,8,111288566,NA,NA,NA,NA
S8_162792746,8,162792746,NA,NA,NA,NA
S1_201638298,1,201638298,NA,NA,NA,NA
S9_45756868,9,45756868,NA,NA,NA,NA
S1_80551603,1,80551603,NA,NA,NA,NA
S3_22563283,3,22563283,NA,NA,NA,NA
S5_3065031,5,3065031,NA,NA,NA,NA
S5_204207604,5,204207604,NA,NA,NA,NA
S7_50143192,7,50143192,NA,NA,NA,NA
S7_20620150,7,20620150,NA,NA,NA,NA
S9_27217583,9,27217583,NA,NA,NA,NA
S2_105418244,2,105418244,NA,NA,NA,NA
S3_217561389,3,217561389,NA,NA,NA,NA
S10_87160865,10,87160865,NA,NA,NA,NA
S7_157680248,7,157680248,NA,NA,NA,NA
S10_138018820,10,138018820,NA,NA,NA,NA
S5_48144990,5,48144990,NA,NA,NA,NA
S4_126476680,4,126476680,NA,NA,NA,NA
S2_16939801,2,16939801,NA,NA,NA,NA
S3_201538092,3,201538092,NA,NA,NA,NA
S3_201538104,3,201538104,NA,NA,NA,NA
S3_201538113,3,201538113,NA,NA,NA,NA
S7_169267857,7,169267857,NA,NA,NA,NA
S6_129643,6,129643,NA,NA,NA,NA
S3_9948497,3,9948497,NA,NA,NA,NA
S5_13310385,5,13310385,NA,NA,NA,NA
S8_169912119,8,169912119,NA,NA,NA,NA
S1_276817725,1,276817725,NA,NA,NA,NA
S9_30750251,9,30750251,NA,NA,NA,NA
S8_16917792,8,16917792,NA,NA,NA,NA
S1_298410722,1,298410722,NA,NA,NA,NA
S3_223691946,3,223691946,NA,NA,NA,NA
S3_209010981,3,209010981,NA,NA,NA,NA
S1_39241370,1,39241370,NA,NA,NA,NA
S1_39241383,1,39241383,NA,NA,NA,NA
S7_125348297,7,125348297,NA,NA,NA,NA
S9_141472676,9,141472676,NA,NA,NA,NA
S9_141472685,9,141472685,NA,NA,NA,NA
S9_141472699,9,141472699,NA,NA,NA,NA
S8_65982297,8,65982297,NA,NA,NA,NA
S8_65982309,8,65982309,NA,NA,NA,NA
S3_170535878,3,170535878,NA,NA,NA,NA
S7_172581089,7,172581089,NA,NA,NA,NA
S7_154741632,7,154741632,NA,NA,NA,NA
S10_113515817,10,113515817,NA,NA,NA,NA
S3_222732386,3,222732386,NA,NA,NA,NA
S3_222732437,3,222732437,NA,NA,NA,NA
S2_36137804,2,36137804,NA,NA,NA,NA
S4_184162030,4,184162030,NA,NA,NA,NA
S1_47705076,1,47705076,NA,NA,NA,NA
S1_247549247,1,247549247,NA,NA,NA,NA
S10_73748145,10,73748145,NA,NA,NA,NA
S8_171403191,8,171403191,NA,NA,NA,NA
S5_101637115,5,101637115,NA,NA,NA,NA
S2_120131387,2,120131387,NA,NA,NA,NA
S6_107754561,6,107754561,NA,NA,NA,NA
S8_27117226,8,27117226,NA,NA,NA,NA
S2_189090425,2,189090425,NA,NA,NA,NA
S5_70780102,5,70780102,NA,NA,NA,NA
S7_162561431,7,162561431,NA,NA,NA,NA
S5_3761544,5,3761544,NA,NA,NA,NA
S1_46411715,1,46411715,NA,NA,NA,NA
S10_128968809,10,128968809,NA,NA,NA,NA
S2_152231511,2,152231511,NA,NA,NA,NA
S2_234264854,2,234264854,NA,NA,NA,NA
S9_43681229,9,43681229,NA,NA,NA,NA
S8_111825288,8,111825288,NA,NA,NA,NA
S6_95565108,6,95565108,NA,NA,NA,NA
S6_95565113,6,95565113,NA,NA,NA,NA
S10_134969273,10,134969273,NA,NA,NA,NA
S9_143801096,9,143801096,NA,NA,NA,NA
S9_143801097,9,143801097,NA,NA,NA,NA
S3_220028169,3,220028169,NA,NA,NA,NA
S3_220028171,3,220028171,NA,NA,NA,NA
S7_154627503,7,154627503,NA,NA,NA,NA
S4_233992633,4,233992633,NA,NA,NA,NA
S10_67268102,10,67268102,NA,NA,NA,NA
S1_258808183,1,258808183,NA,NA,NA,NA
S2_12242262,2,12242262,NA,NA,NA,NA
S3_38048567,3,38048567,NA,NA,NA,NA
S10_14522383,10,14522383,NA,NA,NA,NA
S10_14522385,10,14522385,NA,NA,NA,NA
S9_86530517,9,86530517,NA,NA,NA,NA
S2_202157757,2,202157757,NA,NA,NA,NA
S9_116444065,9,116444065,NA,NA,NA,NA
S10_133553296,10,133553296,NA,NA,NA,NA
S4_23527958,4,23527958,NA,NA,NA,NA
S1_4292194,1,4292194,NA,NA,NA,NA
S3_221705538,3,221705538,NA,NA,NA,NA
S1_42845817,1,42845817,NA,NA,NA,NA
S5_206920241,5,206920241,NA,NA,NA,NA
S4_514312,4,514312,NA,NA,NA,NA
S2_169147146,2,169147146,NA,NA,NA,NA
S3_205782975,3,205782975,NA,NA,NA,NA
S3_10479615,3,10479615,NA,NA,NA,NA
S2_217012324,2,217012324,NA,NA,NA,NA
S7_30505808,7,30505808,NA,NA,NA,NA
S6_146814335,6,146814335,NA,NA,NA,NA
S1_9058898,1,9058898,NA,NA,NA,NA
S4_174911709,4,174911709,NA,NA,NA,NA
S10_101870535,10,101870535,NA,NA,NA,NA
S3_134916376,3,134916376,NA,NA,NA,NA
S5_215010363,5,215010363,NA,NA,NA,NA
S1_202624821,1,202624821,NA,NA,NA,NA
S7_127888863,7,127888863,NA,NA,NA,NA
S7_165946382,7,165946382,NA,NA,NA,NA
S9_137154420,9,137154420,NA,NA,NA,NA
S2_212517315,2,212517315,NA,NA,NA,NA
S3_202224080,3,202224080,NA,NA,NA,NA
S2_165068890,2,165068890,NA,NA,NA,NA
S2_217687534,2,217687534,NA,NA,NA,NA
S7_1137840,7,1137840,NA,NA,NA,NA
S4_159570395,4,159570395,NA,NA,NA,NA
S8_21816841,8,21816841,NA,NA,NA,NA
S2_217012199,2,217012199,NA,NA,NA,NA
S3_229430342,3,229430342,NA,NA,NA,NA
S3_229430381,3,229430381,NA,NA,NA,NA
S2_4306286,2,4306286,NA,NA,NA,NA
S7_158367530,7,158367530,NA,NA,NA,NA
S9_107841592,9,107841592,NA,NA,NA,NA
S9_12367487,9,12367487,NA,NA,NA,NA
S8_151092634,8,151092634,NA,NA,NA,NA
S1_184626727,1,184626727,NA,NA,NA,NA
S2_178881683,2,178881683,NA,NA,NA,NA
S2_36936538,2,36936538,NA,NA,NA,NA
S10_148533473,10,148533473,NA,NA,NA,NA
S7_2615527,7,2615527,NA,NA,NA,NA
S9_142470352,9,142470352,NA,NA,NA,NA
S7_102139793,7,102139793,NA,NA,NA,NA
S8_96077201,8,96077201,NA,NA,NA,NA
S6_147225114,6,147225114,NA,NA,NA,NA
S4_174907231,4,174907231,NA,NA,NA,NA
S4_230592681,4,230592681,NA,NA,NA,NA
S2_86654219,2,86654219,NA,NA,NA,NA
S1_90230040,1,90230040,NA,NA,NA,NA
S1_242708985,1,242708985,NA,NA,NA,NA
S3_191777687,3,191777687,NA,NA,NA,NA
S10_85320206,10,85320206,NA,NA,NA,NA
S5_198575890,5,198575890,NA,NA,NA,NA
S9_26478144,9,26478144,NA,NA,NA,NA
S7_161684246,7,161684246,NA,NA,NA,NA
S9_141477352,9,141477352,NA,NA,NA,NA
S6_97088631,6,97088631,NA,NA,NA,NA
S7_125120511,7,125120511,NA,NA,NA,NA
S7_156116170,7,156116170,NA,NA,NA,NA
S5_26660025,5,26660025,NA,NA,NA,NA
S6_112602380,6,112602380,NA,NA,NA,NA
S2_66745622,2,66745622,NA,NA,NA,NA
S3_188571690,3,188571690,NA,NA,NA,NA
S6_105753155,6,105753155,NA,NA,NA,NA
S5_169238074,5,169238074,NA,NA,NA,NA
S1_210599522,1,210599522,NA,NA,NA,NA
S1_286510408,1,286510408,NA,NA,NA,NA
S5_57429691,5,57429691,NA,NA,NA,NA
S1_14942882,1,14942882,NA,NA,NA,NA
S5_172813078,5,172813078,NA,NA,NA,NA
S2_214064330,2,214064330,NA,NA,NA,NA
S10_114852434,10,114852434,NA,NA,NA,NA
S9_146873044,9,146873044,NA,NA,NA,NA
S3_201194559,3,201194559,NA,NA,NA,NA
S10_33750286,10,33750286,NA,NA,NA,NA
S10_33750288,10,33750288,NA,NA,NA,NA
S10_33750290,10,33750290,NA,NA,NA,NA
S10_33750292,10,33750292,NA,NA,NA,NA
S10_143381829,10,143381829,NA,NA,NA,NA
S5_38475862,5,38475862,NA,NA,NA,NA
S4_231612914,4,231612914,NA,NA,NA,NA
S6_156255141,6,156255141,NA,NA,NA,NA
S6_156255183,6,156255183,NA,NA,NA,NA
S4_136957710,4,136957710,NA,NA,NA,NA
S6_153269049,6,153269049,NA,NA,NA,NA
S6_153269050,6,153269050,NA,NA,NA,NA
S9_148261465,9,148261465,NA,NA,NA,NA
S10_147010490,10,147010490,NA,NA,NA,NA
S5_56376224,5,56376224,NA,NA,NA,NA
S8_69587924,8,69587924,NA,NA,NA,NA
S8_69587937,8,69587937,NA,NA,NA,NA
S2_188404480,2,188404480,NA,NA,NA,NA
S2_188404481,2,188404481,NA,NA,NA,NA
S2_188404483,2,188404483,NA,NA,NA,NA
S10_116894888,10,116894888,NA,NA,NA,NA
S6_148784193,6,148784193,NA,NA,NA,NA
S5_190244392,5,190244392,NA,NA,NA,NA
S5_190244400,5,190244400,NA,NA,NA,NA
S4_34054593,4,34054593,NA,NA,NA,NA
S9_61356267,9,61356267,NA,NA,NA,NA
S3_204659077,3,204659077,NA,NA,NA,NA
S2_103962940,2,103962940,NA,NA,NA,NA
S4_133252791,4,133252791,NA,NA,NA,NA
S9_25928519,9,25928519,NA,NA,NA,NA
S9_25928529,9,25928529,NA,NA,NA,NA
S4_68323643,4,68323643,NA,NA,NA,NA
S7_82658075,7,82658075,NA,NA,NA,NA
S5_215560959,5,215560959,NA,NA,NA,NA
S1_32582517,1,32582517,NA,NA,NA,NA
S10_34232931,10,34232931,NA,NA,NA,NA
S6_72183702,6,72183702,NA,NA,NA,NA
S5_6805437,5,6805437,NA,NA,NA,NA
S8_155642637,8,155642637,NA,NA,NA,NA
S5_168671569,5,168671569,NA,NA,NA,NA
S4_238357132,4,238357132,NA,NA,NA,NA
S1_239209116,1,239209116,NA,NA,NA,NA
S5_188656540,5,188656540,NA,NA,NA,NA
S4_178736687,4,178736687,NA,NA,NA,NA
S5_213913947,5,213913947,NA,NA,NA,NA
S5_213913949,5,213913949,NA,NA,NA,NA
S8_118187259,8,118187259,NA,NA,NA,NA
S7_99384864,7,99384864,NA,NA,NA,NA
S2_22190458,2,22190458,NA,NA,NA,NA
S6_165629549,6,165629549,NA,NA,NA,NA
S6_154340056,6,154340056,NA,NA,NA,NA
S6_117452685,6,117452685,NA,NA,NA,NA
S2_17875646,2,17875646,NA,NA,NA,NA
S3_18818954,3,18818954,NA,NA,NA,NA
S3_173281335,3,173281335,NA,NA,NA,NA
S3_173281386,3,173281386,NA,NA,NA,NA
S5_143164179,5,143164179,NA,NA,NA,NA
S1_300094805,1,300094805,NA,NA,NA,NA
S6_148784187,6,148784187,NA,NA,NA,NA
S2_7953324,2,7953324,NA,NA,NA,NA
S2_3975058,2,3975058,NA,NA,NA,NA
S7_158367582,7,158367582,NA,NA,NA,NA
S7_121604396,7,121604396,NA,NA,NA,NA
S9_152206319,9,152206319,NA,NA,NA,NA
S8_156627984,8,156627984,NA,NA,NA,NA
S2_190854691,2,190854691,NA,NA,NA,NA
S5_200939326,5,200939326,NA,NA,NA,NA
S9_61296425,9,61296425,NA,NA,NA,NA
S9_61296427,9,61296427,NA,NA,NA,NA
S4_28116875,4,28116875,NA,NA,NA,NA
S1_10533831,1,10533831,NA,NA,NA,NA
S10_99957462,10,99957462,NA,NA,NA,NA
S8_172244878,8,172244878,NA,NA,NA,NA
S6_3198171,6,3198171,NA,NA,NA,NA
S7_140711099,7,140711099,NA,NA,NA,NA
S8_25386111,8,25386111,NA,NA,NA,NA
S5_200685215,5,200685215,NA,NA,NA,NA
S8_160099276,8,160099276,NA,NA,NA,NA
S8_10661575,8,10661575,NA,NA,NA,NA
S2_202644209,2,202644209,NA,NA,NA,NA
S5_22635751,5,22635751,NA,NA,NA,NA
S3_164392957,3,164392957,NA,NA,NA,NA
S2_134438532,2,134438532,NA,NA,NA,NA
S4_80073873,4,80073873,NA,NA,NA,NA
S6_97345493,6,97345493,NA,NA,NA,NA
S2_171820213,2,171820213,NA,NA,NA,NA
S2_235888841,2,235888841,NA,NA,NA,NA
S4_227275180,4,227275180,NA,NA,NA,NA
S1_296848281,1,296848281,NA,NA,NA,NA
S2_231153447,2,231153447,NA,NA,NA,NA
S7_167635070,7,167635070,NA,NA,NA,NA
S2_214064212,2,214064212,NA,NA,NA,NA
S2_188405883,2,188405883,NA,NA,NA,NA
S4_149899218,4,149899218,NA,NA,NA,NA
S6_86344109,6,86344109,NA,NA,NA,NA
S2_47365486,2,47365486,NA,NA,NA,NA
S5_146885205,5,146885205,NA,NA,NA,NA
S5_93581333,5,93581333,NA,NA,NA,NA
S5_93581338,5,93581338,NA,NA,NA,NA
S3_205363867,3,205363867,NA,NA,NA,NA
S7_140897134,7,140897134,NA,NA,NA,NA
S6_2428931,6,2428931,NA,NA,NA,NA
S9_12878117,9,12878117,NA,NA,NA,NA
S1_281632527,1,281632527,NA,NA,NA,NA
S5_184066647,5,184066647,NA,NA,NA,NA
S2_233598621,2,233598621,NA,NA,NA,NA
S7_729379,7,729379,NA,NA,NA,NA
S7_729380,7,729380,NA,NA,NA,NA
S9_151306680,9,151306680,NA,NA,NA,NA
S4_26297955,4,26297955,NA,NA,NA,NA
S6_143959140,6,143959140,NA,NA,NA,NA
S3_205776029,3,205776029,NA,NA,NA,NA
S8_105322228,8,105322228,NA,NA,NA,NA
S8_105322230,8,105322230,NA,NA,NA,NA
S8_105322238,8,105322238,NA,NA,NA,NA
S6_124842125,6,124842125,NA,NA,NA,NA
S2_20123016,2,20123016,NA,NA,NA,NA
S2_20123017,2,20123017,NA,NA,NA,NA
S2_20123018,2,20123018,NA,NA,NA,NA
S2_20123027,2,20123027,NA,NA,NA,NA
S1_237183406,1,237183406,NA,NA,NA,NA
S2_8809021,2,8809021,NA,NA,NA,NA
S5_17379794,5,17379794,NA,NA,NA,NA
S1_67646753,1,67646753,NA,NA,NA,NA
S10_138027013,10,138027013,NA,NA,NA,NA
S8_138648318,8,138648318,NA,NA,NA,NA
S2_110088727,2,110088727,NA,NA,NA,NA
S10_140737508,10,140737508,NA,NA,NA,NA
S3_160329464,3,160329464,NA,NA,NA,NA
S9_147961797,9,147961797,NA,NA,NA,NA
S4_218974088,4,218974088,NA,NA,NA,NA
S9_30066303,9,30066303,NA,NA,NA,NA
S4_36418636,4,36418636,NA,NA,NA,NA
S7_17180531,7,17180531,NA,NA,NA,NA
S2_186265651,2,186265651,NA,NA,NA,NA
S1_56220876,1,56220876,NA,NA,NA,NA
S1_56220883,1,56220883,NA,NA,NA,NA
S5_23765198,5,23765198,NA,NA,NA,NA
S7_19623753,7,19623753,NA,NA,NA,NA
S1_32836832,1,32836832,NA,NA,NA,NA
S2_154602241,2,154602241,NA,NA,NA,NA
S8_127579388,8,127579388,NA,NA,NA,NA
S3_175549791,3,175549791,NA,NA,NA,NA
S1_12816873,1,12816873,NA,NA,NA,NA
S3_185272199,3,185272199,NA,NA,NA,NA
S5_2807357,5,2807357,NA,NA,NA,NA
S5_214163674,5,214163674,NA,NA,NA,NA
S5_191366543,5,191366543,NA,NA,NA,NA
S1_26577939,1,26577939,NA,NA,NA,NA
S1_26577963,1,26577963,NA,NA,NA,NA
S10_136756557,10,136756557,NA,NA,NA,NA
S9_41354429,9,41354429,NA,NA,NA,NA
S3_166796786,3,166796786,NA,NA,NA,NA
S2_3090397,2,3090397,NA,NA,NA,NA
S2_234437741,2,234437741,NA,NA,NA,NA
S1_207321592,1,207321592,NA,NA,NA,NA
S5_178352535,5,178352535,NA,NA,NA,NA
S7_158219159,7,158219159,NA,NA,NA,NA
S6_108255106,6,108255106,NA,NA,NA,NA
S5_205334768,5,205334768,NA,NA,NA,NA
S10_89222949,10,89222949,NA,NA,NA,NA
S7_155224504,7,155224504,NA,NA,NA,NA
S5_4322899,5,4322899,NA,NA,NA,NA
S2_45419703,2,45419703,NA,NA,NA,NA
S1_73341199,1,73341199,NA,NA,NA,NA
S1_73341206,1,73341206,NA,NA,NA,NA
S1_73341215,1,73341215,NA,NA,NA,NA
S8_157723870,8,157723870,NA,NA,NA,NA
S3_3923457,3,3923457,NA,NA,NA,NA
S8_14841714,8,14841714,NA,NA,NA,NA
S10_142726171,10,142726171,NA,NA,NA,NA
S1_10960784,1,10960784,NA,NA,NA,NA
S4_237953890,4,237953890,NA,NA,NA,NA
S1_277844336,1,277844336,NA,NA,NA,NA
S2_218845305,2,218845305,NA,NA,NA,NA
S1_175655274,1,175655274,NA,NA,NA,NA
S9_102935587,9,102935587,NA,NA,NA,NA
S3_133173392,3,133173392,NA,NA,NA,NA
S1_175655277,1,175655277,NA,NA,NA,NA
S1_175655279,1,175655279,NA,NA,NA,NA
S2_210032851,2,210032851,NA,NA,NA,NA
S1_161408521,1,161408521,NA,NA,NA,NA
S8_149982616,8,149982616,NA,NA,NA,NA
S1_193250704,1,193250704,NA,NA,NA,NA
S7_150977302,7,150977302,NA,NA,NA,NA
S7_150977307,7,150977307,NA,NA,NA,NA
S5_70870638,5,70870638,NA,NA,NA,NA
S7_103306005,7,103306005,NA,NA,NA,NA
S3_34418388,3,34418388,NA,NA,NA,NA
S9_149458927,9,149458927,NA,NA,NA,NA
S9_149458928,9,149458928,NA,NA,NA,NA
S6_74999463,6,74999463,NA,NA,NA,NA
S4_168546714,4,168546714,NA,NA,NA,NA
S3_48981547,3,48981547,NA,NA,NA,NA
S2_16037872,2,16037872,NA,NA,NA,NA
S5_5378861,5,5378861,NA,NA,NA,NA
S5_27683667,5,27683667,NA,NA,NA,NA
S1_121399750,1,121399750,NA,NA,NA,NA
S4_236701127,4,236701127,NA,NA,NA,NA
S10_23402346,10,23402346,NA,NA,NA,NA
S4_22984211,4,22984211,NA,NA,NA,NA
S6_45922975,6,45922975,NA,NA,NA,NA
S3_53146871,3,53146871,NA,NA,NA,NA
S6_147897467,6,147897467,NA,NA,NA,NA
S2_24169698,2,24169698,NA,NA,NA,NA
S1_113972484,1,113972484,NA,NA,NA,NA
S4_197820294,4,197820294,NA,NA,NA,NA
S1_3279302,1,3279302,NA,NA,NA,NA
S7_153132769,7,153132769,NA,NA,NA,NA
S5_208173499,5,208173499,NA,NA,NA,NA
S7_163689787,7,163689787,NA,NA,NA,NA
S8_149259716,8,149259716,NA,NA,NA,NA
S4_5959786,4,5959786,NA,NA,NA,NA
S2_41483211,2,41483211,NA,NA,NA,NA
S3_114891019,3,114891019,NA,NA,NA,NA
S2_68600950,2,68600950,NA,NA,NA,NA
S2_198717770,2,198717770,NA,NA,NA,NA
S5_80806780,5,80806780,NA,NA,NA,NA
S1_299405896,1,299405896,NA,NA,NA,NA
S10_84239848,10,84239848,NA,NA,NA,NA
S10_84239854,10,84239854,NA,NA,NA,NA
S6_144173960,6,144173960,NA,NA,NA,NA
S1_278034264,1,278034264,NA,NA,NA,NA
S3_44062385,3,44062385,NA,NA,NA,NA
S7_5564455,7,5564455,NA,NA,NA,NA
S10_144854372,10,144854372,NA,NA,NA,NA
S7_124150819,7,124150819,NA,NA,NA,NA
S7_124150822,7,124150822,NA,NA,NA,NA
S10_76408774,10,76408774,NA,NA,NA,NA
S9_136915966,9,136915966,NA,NA,NA,NA
S8_101757458,8,101757458,NA,NA,NA,NA
S8_55982186,8,55982186,NA,NA,NA,NA
S8_55982187,8,55982187,NA,NA,NA,NA
S5_208091872,5,208091872,NA,NA,NA,NA
S5_208091875,5,208091875,NA,NA,NA,NA
S8_174062413,8,174062413,NA,NA,NA,NA
S2_217344229,2,217344229,NA,NA,NA,NA
S6_25545240,6,25545240,NA,NA,NA,NA
S5_159944989,5,159944989,NA,NA,NA,NA
S1_285971818,1,285971818,NA,NA,NA,NA
S3_160329447,3,160329447,NA,NA,NA,NA
S5_8342134,5,8342134,NA,NA,NA,NA
S3_202609108,3,202609108,NA,NA,NA,NA
S10_127261339,10,127261339,NA,NA,NA,NA
S5_215301764,5,215301764,NA,NA,NA,NA
S3_7204798,3,7204798,NA,NA,NA,NA
S2_224834446,2,224834446,NA,NA,NA,NA
S4_239935958,4,239935958,NA,NA,NA,NA
S4_239935966,4,239935966,NA,NA,NA,NA
S4_239935991,4,239935991,NA,NA,NA,NA
S8_28162631,8,28162631,NA,NA,NA,NA
S5_41687148,5,41687148,NA,NA,NA,NA
S7_170653283,7,170653283,NA,NA,NA,NA
S3_228071857,3,228071857,NA,NA,NA,NA
S2_206490146,2,206490146,NA,NA,NA,NA
S2_213095119,2,213095119,NA,NA,NA,NA
S1_295589320,1,295589320,NA,NA,NA,NA
S3_7204800,3,7204800,NA,NA,NA,NA
S9_13755309,9,13755309,NA,NA,NA,NA
S1_232514119,1,232514119,NA,NA,NA,NA
S1_296845459,1,296845459,NA,NA,NA,NA
S3_228066577,3,228066577,NA,NA,NA,NA
S4_191115676,4,191115676,NA,NA,NA,NA
S2_23470405,2,23470405,NA,NA,NA,NA
S7_19347596,7,19347596,NA,NA,NA,NA
S1_271346869,1,271346869,NA,NA,NA,NA
S8_15572326,8,15572326,NA,NA,NA,NA
S5_168671666,5,168671666,NA,NA,NA,NA
S1_202169549,1,202169549,NA,NA,NA,NA
S7_160068342,7,160068342,NA,NA,NA,NA
S5_59310054,5,59310054,NA,NA,NA,NA
S1_21699528,1,21699528,NA,NA,NA,NA
S1_154877398,1,154877398,NA,NA,NA,NA
S3_230968380,3,230968380,NA,NA,NA,NA
S7_84488685,7,84488685,NA,NA,NA,NA
S10_147334410,10,147334410,NA,NA,NA,NA
S7_170653282,7,170653282,NA,NA,NA,NA
S1_15169946,1,15169946,NA,NA,NA,NA
S1_280579674,1,280579674,NA,NA,NA,NA
S6_95327507,6,95327507,NA,NA,NA,NA
S6_95327513,6,95327513,NA,NA,NA,NA
S2_152505815,2,152505815,NA,NA,NA,NA
S4_185690285,4,185690285,NA,NA,NA,NA
S5_78386392,5,78386392,NA,NA,NA,NA
S4_3893399,4,3893399,NA,NA,NA,NA
S9_129469593,9,129469593,NA,NA,NA,NA
S2_179010763,2,179010763,NA,NA,NA,NA
S7_12250014,7,12250014,NA,NA,NA,NA
S1_32579175,1,32579175,NA,NA,NA,NA
S1_278127197,1,278127197,NA,NA,NA,NA
S1_288071864,1,288071864,NA,NA,NA,NA
S1_90105957,1,90105957,NA,NA,NA,NA
S3_181559720,3,181559720,NA,NA,NA,NA
S5_179076404,5,179076404,NA,NA,NA,NA
S4_187296722,4,187296722,NA,NA,NA,NA
S9_31283121,9,31283121,NA,NA,NA,NA
S1_32581217,1,32581217,NA,NA,NA,NA
S8_166793263,8,166793263,NA,NA,NA,NA
S9_147993493,9,147993493,NA,NA,NA,NA
S9_141475952,9,141475952,NA,NA,NA,NA
S4_189280304,4,189280304,NA,NA,NA,NA
S7_165946243,7,165946243,NA,NA,NA,NA
S8_19238394,8,19238394,NA,NA,NA,NA
S8_22989587,8,22989587,NA,NA,NA,NA
S8_131902869,8,131902869,NA,NA,NA,NA
S10_132321828,10,132321828,NA,NA,NA,NA
S4_237517566,4,237517566,NA,NA,NA,NA
S7_172123622,7,172123622,NA,NA,NA,NA
S1_285340442,1,285340442,NA,NA,NA,NA
S7_155108825,7,155108825,NA,NA,NA,NA
S2_42801320,2,42801320,NA,NA,NA,NA
S10_23072719,10,23072719,NA,NA,NA,NA
S2_86183901,2,86183901,NA,NA,NA,NA
S2_86183911,2,86183911,NA,NA,NA,NA
S2_20122988,2,20122988,NA,NA,NA,NA
S6_162885948,6,162885948,NA,NA,NA,NA
S8_174293860,8,174293860,NA,NA,NA,NA
S8_4360224,8,4360224,NA,NA,NA,NA
S8_37765109,8,37765109,NA,NA,NA,NA
S4_4867032,4,4867032,NA,NA,NA,NA
S1_202298552,1,202298552,NA,NA,NA,NA
S10_138018826,10,138018826,NA,NA,NA,NA
S8_170628122,8,170628122,NA,NA,NA,NA
S4_182297295,4,182297295,NA,NA,NA,NA
S1_294097769,1,294097769,NA,NA,NA,NA
S9_150979332,9,150979332,NA,NA,NA,NA
S6_160053886,6,160053886,NA,NA,NA,NA
S10_2227024,10,2227024,NA,NA,NA,NA
S1_165410276,1,165410276,NA,NA,NA,NA
S5_205339586,5,205339586,NA,NA,NA,NA
S5_213734446,5,213734446,NA,NA,NA,NA
S5_1726960,5,1726960,NA,NA,NA,NA
S7_172937993,7,172937993,NA,NA,NA,NA
S2_28866402,2,28866402,NA,NA,NA,NA
S2_28866409,2,28866409,NA,NA,NA,NA
S3_198994696,3,198994696,NA,NA,NA,NA
S3_150831047,3,150831047,NA,NA,NA,NA
S9_7105366,9,7105366,NA,NA,NA,NA
S6_74604050,6,74604050,NA,NA,NA,NA
S5_46769592,5,46769592,NA,NA,NA,NA
S5_814310,5,814310,NA,NA,NA,NA
S2_234229158,2,234229158,NA,NA,NA,NA
S7_154519023,7,154519023,NA,NA,NA,NA
S5_198820839,5,198820839,NA,NA,NA,NA
S5_82326164,5,82326164,NA,NA,NA,NA
S2_6597154,2,6597154,NA,NA,NA,NA
S2_6597155,2,6597155,NA,NA,NA,NA
S2_6597185,2,6597185,NA,NA,NA,NA
S1_156534613,1,156534613,NA,NA,NA,NA
S8_65982392,8,65982392,NA,NA,NA,NA
S5_1896873,5,1896873,NA,NA,NA,NA
S3_28336623,3,28336623,NA,NA,NA,NA
S5_24969804,5,24969804,NA,NA,NA,NA
S2_10385286,2,10385286,NA,NA,NA,NA
S2_10385301,2,10385301,NA,NA,NA,NA
S5_189198068,5,189198068,NA,NA,NA,NA
S5_184056483,5,184056483,NA,NA,NA,NA
S9_120251919,9,120251919,NA,NA,NA,NA
S10_95125315,10,95125315,NA,NA,NA,NA
S10_95125316,10,95125316,NA,NA,NA,NA
S6_165811457,6,165811457,NA,NA,NA,NA
S1_258046337,1,258046337,NA,NA,NA,NA
S7_151425703,7,151425703,NA,NA,NA,NA
S9_139188351,9,139188351,NA,NA,NA,NA
S9_17724665,9,17724665,NA,NA,NA,NA
S8_158571207,8,158571207,NA,NA,NA,NA
S2_28642805,2,28642805,NA,NA,NA,NA
S2_189840014,2,189840014,NA,NA,NA,NA
S5_29991183,5,29991183,NA,NA,NA,NA
S4_149725313,4,149725313,NA,NA,NA,NA
S7_140897135,7,140897135,NA,NA,NA,NA
S2_31920989,2,31920989,NA,NA,NA,NA
S1_234212829,1,234212829,NA,NA,NA,NA
S8_40685902,8,40685902,NA,NA,NA,NA
S8_40685934,8,40685934,NA,NA,NA,NA
S5_210635360,5,210635360,NA,NA,NA,NA
S6_36947510,6,36947510,NA,NA,NA,NA
S2_222731221,2,222731221,NA,NA,NA,NA
S5_214287165,5,214287165,NA,NA,NA,NA
S10_15548148,10,15548148,NA,NA,NA,NA
S5_20198204,5,20198204,NA,NA,NA,NA
S2_183919087,2,183919087,NA,NA,NA,NA
S2_183919106,2,183919106,NA,NA,NA,NA
S2_179747975,2,179747975,NA,NA,NA,NA
S4_36909625,4,36909625,NA,NA,NA,NA
S4_36909628,4,36909628,NA,NA,NA,NA
S8_121709604,8,121709604,NA,NA,NA,NA
S6_7052546,6,7052546,NA,NA,NA,NA
S2_2538959,2,2538959,NA,NA,NA,NA
S5_201079187,5,201079187,NA,NA,NA,NA
S5_201079197,5,201079197,NA,NA,NA,NA
S2_83792563,2,83792563,NA,NA,NA,NA
S2_217458981,2,217458981,NA,NA,NA,NA
S8_139345437,8,139345437,NA,NA,NA,NA
S1_188983541,1,188983541,NA,NA,NA,NA
S1_188983544,1,188983544,NA,NA,NA,NA
S1_188983554,1,188983554,NA,NA,NA,NA
S3_223741587,3,223741587,NA,NA,NA,NA
S2_164889884,2,164889884,NA,NA,NA,NA
S8_170628238,8,170628238,NA,NA,NA,NA
S7_2461846,7,2461846,NA,NA,NA,NA
S4_202068753,4,202068753,NA,NA,NA,NA
S3_40614510,3,40614510,NA,NA,NA,NA
S5_212157525,5,212157525,NA,NA,NA,NA
S3_217637714,3,217637714,NA,NA,NA,NA
S3_2083364,3,2083364,NA,NA,NA,NA
S3_4148360,3,4148360,NA,NA,NA,NA
S6_166736407,6,166736407,NA,NA,NA,NA
S6_166736409,6,166736409,NA,NA,NA,NA
S8_153407572,8,153407572,NA,NA,NA,NA
S1_267162364,1,267162364,NA,NA,NA,NA
S8_19122996,8,19122996,NA,NA,NA,NA
S8_3793991,8,3793991,NA,NA,NA,NA
S3_122058832,3,122058832,NA,NA,NA,NA
S9_16109293,9,16109293,NA,NA,NA,NA
S1_294044129,1,294044129,NA,NA,NA,NA
S3_29793665,3,29793665,NA,NA,NA,NA
S10_71810395,10,71810395,NA,NA,NA,NA
S5_193548483,5,193548483,NA,NA,NA,NA
S3_19250379,3,19250379,NA,NA,NA,NA
S4_171791604,4,171791604,NA,NA,NA,NA
S8_160103448,8,160103448,NA,NA,NA,NA
S3_211685057,3,211685057,NA,NA,NA,NA
S1_276072186,1,276072186,NA,NA,NA,NA
S1_258046370,1,258046370,NA,NA,NA,NA
S2_18205893,2,18205893,NA,NA,NA,NA
S10_6402589,10,6402589,NA,NA,NA,NA
S5_216767105,5,216767105,NA,NA,NA,NA
S5_195626225,5,195626225,NA,NA,NA,NA
S8_168952873,8,168952873,NA,NA,NA,NA
S2_16917936,2,16917936,NA,NA,NA,NA
S6_134565738,6,134565738,NA,NA,NA,NA
S3_3120481,3,3120481,NA,NA,NA,NA
S3_92980714,3,92980714,NA,NA,NA,NA
S2_141535309,2,141535309,NA,NA,NA,NA
S3_213412642,3,213412642,NA,NA,NA,NA
S6_92610860,6,92610860,NA,NA,NA,NA
S9_61357658,9,61357658,NA,NA,NA,NA
S1_52253712,1,52253712,NA,NA,NA,NA
S5_214075251,5,214075251,NA,NA,NA,NA
S5_214075279,5,214075279,NA,NA,NA,NA
S9_101477167,9,101477167,NA,NA,NA,NA
S5_1488946,5,1488946,NA,NA,NA,NA
S6_62180752,6,62180752,NA,NA,NA,NA
S8_39936380,8,39936380,NA,NA,NA,NA
S3_199664530,3,199664530,NA,NA,NA,NA
S5_194832856,5,194832856,NA,NA,NA,NA
S5_194832858,5,194832858,NA,NA,NA,NA
S7_132629863,7,132629863,NA,NA,NA,NA
S1_24744012,1,24744012,NA,NA,NA,NA
S5_174937213,5,174937213,NA,NA,NA,NA
S9_26478259,9,26478259,NA,NA,NA,NA
S5_211301568,5,211301568,NA,NA,NA,NA
S9_27018918,9,27018918,NA,NA,NA,NA
S1_10960930,1,10960930,NA,NA,NA,NA
S10_120120771,10,120120771,NA,NA,NA,NA
S1_219371468,1,219371468,NA,NA,NA,NA
S2_220591486,2,220591486,NA,NA,NA,NA
S6_138656103,6,138656103,NA,NA,NA,NA
S3_150170314,3,150170314,NA,NA,NA,NA
S7_174029867,7,174029867,NA,NA,NA,NA
S1_9581609,1,9581609,NA,NA,NA,NA
S7_47937531,7,47937531,NA,NA,NA,NA
S3_184366604,3,184366604,NA,NA,NA,NA
S2_199344415,2,199344415,NA,NA,NA,NA
S1_297977887,1,297977887,NA,NA,NA,NA
S4_189367471,4,189367471,NA,NA,NA,NA
S9_17753536,9,17753536,NA,NA,NA,NA
S5_156351614,5,156351614,NA,NA,NA,NA
S4_236394849,4,236394849,NA,NA,NA,NA
S1_260150325,1,260150325,NA,NA,NA,NA
S5_150802304,5,150802304,NA,NA,NA,NA
S7_155907853,7,155907853,NA,NA,NA,NA
S2_144636658,2,144636658,NA,NA,NA,NA
S9_28995678,9,28995678,NA,NA,NA,NA
S5_56376256,5,56376256,NA,NA,NA,NA
S1_98342459,1,98342459,NA,NA,NA,NA
S3_229036600,3,229036600,NA,NA,NA,NA
S2_214081569,2,214081569,NA,NA,NA,NA
S5_59291511,5,59291511,NA,NA,NA,NA
S8_173713620,8,173713620,NA,NA,NA,NA
S5_205565686,5,205565686,NA,NA,NA,NA
S4_186645854,4,186645854,NA,NA,NA,NA
S3_194354459,3,194354459,NA,NA,NA,NA
S3_194354462,3,194354462,NA,NA,NA,NA
S5_206855213,5,206855213,NA,NA,NA,NA
S3_45037474,3,45037474,NA,NA,NA,NA
S8_135455313,8,135455313,NA,NA,NA,NA
S8_156469583,8,156469583,NA,NA,NA,NA
S3_168921883,3,168921883,NA,NA,NA,NA
S1_2467352,1,2467352,NA,NA,NA,NA
S5_2276496,5,2276496,NA,NA,NA,NA
S9_136803234,9,136803234,NA,NA,NA,NA
S1_9912364,1,9912364,NA,NA,NA,NA
S1_26197916,1,26197916,NA,NA,NA,NA
S3_172049040,3,172049040,NA,NA,NA,NA
S6_149944232,6,149944232,NA,NA,NA,NA
S9_151634050,9,151634050,NA,NA,NA,NA
S9_151634052,9,151634052,NA,NA,NA,NA
S3_185270327,3,185270327,NA,NA,NA,NA
S7_172824332,7,172824332,NA,NA,NA,NA
S1_29543320,1,29543320,NA,NA,NA,NA
S9_100886815,9,100886815,NA,NA,NA,NA
S1_92431513,1,92431513,NA,NA,NA,NA
S5_42297912,5,42297912,NA,NA,NA,NA
S1_237458252,1,237458252,NA,NA,NA,NA
S3_213626963,3,213626963,NA,NA,NA,NA
S4_201543722,4,201543722,NA,NA,NA,NA
S5_188826825,5,188826825,NA,NA,NA,NA
S2_61491630,2,61491630,NA,NA,NA,NA
S2_8809005,2,8809005,NA,NA,NA,NA
S2_203260228,2,203260228,NA,NA,NA,NA
S2_61245283,2,61245283,NA,NA,NA,NA
S9_144800795,9,144800795,NA,NA,NA,NA
S4_159995579,4,159995579,NA,NA,NA,NA
S8_167089671,8,167089671,NA,NA,NA,NA
S8_167089682,8,167089682,NA,NA,NA,NA
S5_198777226,5,198777226,NA,NA,NA,NA
S4_172748736,4,172748736,NA,NA,NA,NA
S4_514202,4,514202,NA,NA,NA,NA
S9_99848454,9,99848454,NA,NA,NA,NA
S6_97912850,6,97912850,NA,NA,NA,NA
S6_97912894,6,97912894,NA,NA,NA,NA
S7_136373613,7,136373613,NA,NA,NA,NA
S3_201256171,3,201256171,NA,NA,NA,NA
S3_201256172,3,201256172,NA,NA,NA,NA
S3_201256174,3,201256174,NA,NA,NA,NA
S8_159954557,8,159954557,NA,NA,NA,NA
S1_267544922,1,267544922,NA,NA,NA,NA
S9_147457125,9,147457125,NA,NA,NA,NA
S7_31731267,7,31731267,NA,NA,NA,NA
S8_107088811,8,107088811,NA,NA,NA,NA
S1_8136864,1,8136864,NA,NA,NA,NA
S2_174677816,2,174677816,NA,NA,NA,NA
S1_2307011,1,2307011,NA,NA,NA,NA
S2_217120239,2,217120239,NA,NA,NA,NA
S9_115952760,9,115952760,NA,NA,NA,NA
S1_52605390,1,52605390,NA,NA,NA,NA
S7_174510317,7,174510317,NA,NA,NA,NA
S5_10437212,5,10437212,NA,NA,NA,NA
S9_147583238,9,147583238,NA,NA,NA,NA
S3_133183744,3,133183744,NA,NA,NA,NA
S7_2616302,7,2616302,NA,NA,NA,NA
S1_25630550,1,25630550,NA,NA,NA,NA
S3_4546471,3,4546471,NA,NA,NA,NA
S1_74784409,1,74784409,NA,NA,NA,NA
S3_12529874,3,12529874,NA,NA,NA,NA
S2_5858250,2,5858250,NA,NA,NA,NA
S9_41517817,9,41517817,NA,NA,NA,NA
S1_195185504,1,195185504,NA,NA,NA,NA
S4_185444025,4,185444025,NA,NA,NA,NA
S5_188660902,5,188660902,NA,NA,NA,NA
S9_129267761,9,129267761,NA,NA,NA,NA
S6_132797000,6,132797000,NA,NA,NA,NA
S7_48545592,7,48545592,NA,NA,NA,NA
S6_159007117,6,159007117,NA,NA,NA,NA
S1_156318377,1,156318377,NA,NA,NA,NA
S4_79061727,4,79061727,NA,NA,NA,NA
S2_194162374,2,194162374,NA,NA,NA,NA
S3_176805417,3,176805417,NA,NA,NA,NA
S2_21008431,2,21008431,NA,NA,NA,NA
S1_198739921,1,198739921,NA,NA,NA,NA
S1_51462005,1,51462005,NA,NA,NA,NA
S10_2223422,10,2223422,NA,NA,NA,NA
S2_20541493,2,20541493,NA,NA,NA,NA
S6_141243102,6,141243102,NA,NA,NA,NA
S7_132590216,7,132590216,NA,NA,NA,NA
S3_133782380,3,133782380,NA,NA,NA,NA
S3_133782381,3,133782381,NA,NA,NA,NA
S5_211767742,5,211767742,NA,NA,NA,NA
S4_240118469,4,240118469,NA,NA,NA,NA
S6_166636046,6,166636046,NA,NA,NA,NA
S7_153851119,7,153851119,NA,NA,NA,NA
S2_147324583,2,147324583,NA,NA,NA,NA
S3_221901851,3,221901851,NA,NA,NA,NA
S4_236885670,4,236885670,NA,NA,NA,NA
S10_16572150,10,16572150,NA,NA,NA,NA
S7_31086637,7,31086637,NA,NA,NA,NA
S7_9097893,7,9097893,NA,NA,NA,NA
S3_166450758,3,166450758,NA,NA,NA,NA
S3_208543629,3,208543629,NA,NA,NA,NA
S5_19134132,5,19134132,NA,NA,NA,NA
S7_160057428,7,160057428,NA,NA,NA,NA
S5_15448428,5,15448428,NA,NA,NA,NA
S4_7016359,4,7016359,NA,NA,NA,NA
S10_95916972,10,95916972,NA,NA,NA,NA
S1_244517026,1,244517026,NA,NA,NA,NA
S8_69054564,8,69054564,NA,NA,NA,NA
S9_59848097,9,59848097,NA,NA,NA,NA
S1_267162431,1,267162431,NA,NA,NA,NA
S1_80971567,1,80971567,NA,NA,NA,NA
S2_158507842,2,158507842,NA,NA,NA,NA
S1_285923737,1,285923737,NA,NA,NA,NA
S4_833682,4,833682,NA,NA,NA,NA
S1_164370587,1,164370587,NA,NA,NA,NA
S4_235728616,4,235728616,NA,NA,NA,NA
S2_3106509,2,3106509,NA,NA,NA,NA
S4_81368204,4,81368204,NA,NA,NA,NA
S4_81368205,4,81368205,NA,NA,NA,NA
S7_23960824,7,23960824,NA,NA,NA,NA
S7_130249423,7,130249423,NA,NA,NA,NA
S7_130249426,7,130249426,NA,NA,NA,NA
S7_2615517,7,2615517,NA,NA,NA,NA
S6_166636045,6,166636045,NA,NA,NA,NA
S7_122076227,7,122076227,NA,NA,NA,NA
S1_67849834,1,67849834,NA,NA,NA,NA
S2_36935009,2,36935009,NA,NA,NA,NA
S7_170251991,7,170251991,NA,NA,NA,NA
S6_166824518,6,166824518,NA,NA,NA,NA
S10_147955614,10,147955614,NA,NA,NA,NA
S3_191159698,3,191159698,NA,NA,NA,NA
S9_3476508,9,3476508,NA,NA,NA,NA
S8_162846058,8,162846058,NA,NA,NA,NA
S5_198777229,5,198777229,NA,NA,NA,NA
S1_54279745,1,54279745,NA,NA,NA,NA
S7_127892165,7,127892165,NA,NA,NA,NA
S6_3054204,6,3054204,NA,NA,NA,NA
S1_195755775,1,195755775,NA,NA,NA,NA
S6_110695293,6,110695293,NA,NA,NA,NA
S1_7162859,1,7162859,NA,NA,NA,NA
S5_216442006,5,216442006,NA,NA,NA,NA
S7_150168954,7,150168954,NA,NA,NA,NA
S10_136707303,10,136707303,NA,NA,NA,NA
S2_219904564,2,219904564,NA,NA,NA,NA
S10_143058503,10,143058503,NA,NA,NA,NA
S9_147800949,9,147800949,NA,NA,NA,NA
S2_20101578,2,20101578,NA,NA,NA,NA
S2_189090142,2,189090142,NA,NA,NA,NA
S2_51234804,2,51234804,NA,NA,NA,NA
S1_179596194,1,179596194,NA,NA,NA,NA
S3_195315915,3,195315915,NA,NA,NA,NA
S8_26870085,8,26870085,NA,NA,NA,NA
S1_297795326,1,297795326,NA,NA,NA,NA
S1_294044123,1,294044123,NA,NA,NA,NA
S2_224550943,2,224550943,NA,NA,NA,NA
S5_5619553,5,5619553,NA,NA,NA,NA
S2_9557065,2,9557065,NA,NA,NA,NA
S5_181383508,5,181383508,NA,NA,NA,NA
S6_139537387,6,139537387,NA,NA,NA,NA
S4_3746752,4,3746752,NA,NA,NA,NA
S7_26553054,7,26553054,NA,NA,NA,NA
S8_111824549,8,111824549,NA,NA,NA,NA
S3_162702025,3,162702025,NA,NA,NA,NA
S1_206325138,1,206325138,NA,NA,NA,NA
S7_162722684,7,162722684,NA,NA,NA,NA
S3_64914681,3,64914681,NA,NA,NA,NA
S8_123601583,8,123601583,NA,NA,NA,NA
S2_17544284,2,17544284,NA,NA,NA,NA
S6_155067595,6,155067595,NA,NA,NA,NA
S7_6126923,7,6126923,NA,NA,NA,NA
S6_5639575,6,5639575,NA,NA,NA,NA
S4_159642810,4,159642810,NA,NA,NA,NA
S6_138501311,6,138501311,NA,NA,NA,NA
S2_17610908,2,17610908,NA,NA,NA,NA
S6_141514131,6,141514131,NA,NA,NA,NA
S6_162690581,6,162690581,NA,NA,NA,NA
S3_201194624,3,201194624,NA,NA,NA,NA
S3_201194625,3,201194625,NA,NA,NA,NA
S7_48755161,7,48755161,NA,NA,NA,NA
S7_48755165,7,48755165,NA,NA,NA,NA
S7_48755199,7,48755199,NA,NA,NA,NA
S7_6739529,7,6739529,NA,NA,NA,NA
S1_14408526,1,14408526,NA,NA,NA,NA
S3_15436387,3,15436387,NA,NA,NA,NA
S9_116262772,9,116262772,NA,NA,NA,NA
S8_155243451,8,155243451,NA,NA,NA,NA
S1_54845057,1,54845057,NA,NA,NA,NA
S8_170610372,8,170610372,NA,NA,NA,NA
S6_25374619,6,25374619,NA,NA,NA,NA
S5_145715287,5,145715287,NA,NA,NA,NA
S9_155792919,9,155792919,NA,NA,NA,NA
S9_138787747,9,138787747,NA,NA,NA,NA
S9_138787751,9,138787751,NA,NA,NA,NA
S1_217181467,1,217181467,NA,NA,NA,NA
S10_5723572,10,5723572,NA,NA,NA,NA
S8_171542859,8,171542859,NA,NA,NA,NA
S5_158687081,5,158687081,NA,NA,NA,NA
S8_118679265,8,118679265,NA,NA,NA,NA
S3_151940849,3,151940849,NA,NA,NA,NA
S3_169117125,3,169117125,NA,NA,NA,NA
S9_33441018,9,33441018,NA,NA,NA,NA
S9_33441026,9,33441026,NA,NA,NA,NA
S4_35625378,4,35625378,NA,NA,NA,NA
S8_172705812,8,172705812,NA,NA,NA,NA
S9_131916087,9,131916087,NA,NA,NA,NA
S6_45925759,6,45925759,NA,NA,NA,NA
S8_91177590,8,91177590,NA,NA,NA,NA
S2_212479107,2,212479107,NA,NA,NA,NA
S1_223687804,1,223687804,NA,NA,NA,NA
S2_3735548,2,3735548,NA,NA,NA,NA
S4_152077273,4,152077273,NA,NA,NA,NA
S6_32455455,6,32455455,NA,NA,NA,NA
S6_91617218,6,91617218,NA,NA,NA,NA
S1_262724962,1,262724962,NA,NA,NA,NA
S8_25132090,8,25132090,NA,NA,NA,NA
S10_114509600,10,114509600,NA,NA,NA,NA
S2_29544615,2,29544615,NA,NA,NA,NA
S2_29526765,2,29526765,NA,NA,NA,NA
S5_214708386,5,214708386,NA,NA,NA,NA
S1_271334788,1,271334788,NA,NA,NA,NA
S4_154264696,4,154264696,NA,NA,NA,NA
S1_276690412,1,276690412,NA,NA,NA,NA
S1_173423618,1,173423618,NA,NA,NA,NA
S8_137468546,8,137468546,NA,NA,NA,NA
S9_61357701,9,61357701,NA,NA,NA,NA
S4_175739782,4,175739782,NA,NA,NA,NA
S9_16725453,9,16725453,NA,NA,NA,NA
S4_184938413,4,184938413,NA,NA,NA,NA
S9_116681027,9,116681027,NA,NA,NA,NA
S3_169222723,3,169222723,NA,NA,NA,NA
S3_9325029,3,9325029,NA,NA,NA,NA
S3_9325034,3,9325034,NA,NA,NA,NA
S2_195664837,2,195664837,NA,NA,NA,NA
S7_143021664,7,143021664,NA,NA,NA,NA
S1_267198436,1,267198436,NA,NA,NA,NA
S10_118963244,10,118963244,NA,NA,NA,NA
S5_214616169,5,214616169,NA,NA,NA,NA
S9_31480908,9,31480908,NA,NA,NA,NA
S9_131520174,9,131520174,NA,NA,NA,NA
S4_13688526,4,13688526,NA,NA,NA,NA
S1_187636351,1,187636351,NA,NA,NA,NA
S1_187636353,1,187636353,NA,NA,NA,NA
S8_159901017,8,159901017,NA,NA,NA,NA
S7_165679894,7,165679894,NA,NA,NA,NA
S3_23176975,3,23176975,NA,NA,NA,NA
S9_10942575,9,10942575,NA,NA,NA,NA
S1_195722459,1,195722459,NA,NA,NA,NA
S1_32577776,1,32577776,NA,NA,NA,NA
S1_32577779,1,32577779,NA,NA,NA,NA
S4_201462825,4,201462825,NA,NA,NA,NA
S3_197416893,3,197416893,NA,NA,NA,NA
S1_23065722,1,23065722,NA,NA,NA,NA
S5_179015172,5,179015172,NA,NA,NA,NA
S1_39332739,1,39332739,NA,NA,NA,NA
S9_134769963,9,134769963,NA,NA,NA,NA
S2_33780865,2,33780865,NA,NA,NA,NA
S4_151684474,4,151684474,NA,NA,NA,NA
S1_16698847,1,16698847,NA,NA,NA,NA
S4_21584244,4,21584244,NA,NA,NA,NA
S9_137344445,9,137344445,NA,NA,NA,NA
S5_174216893,5,174216893,NA,NA,NA,NA
S3_224234625,3,224234625,NA,NA,NA,NA
S4_159725237,4,159725237,NA,NA,NA,NA
S9_149647228,9,149647228,NA,NA,NA,NA
S3_184370366,3,184370366,NA,NA,NA,NA
S10_129586274,10,129586274,NA,NA,NA,NA
S1_225039347,1,225039347,NA,NA,NA,NA
S9_59830926,9,59830926,NA,NA,NA,NA
S7_131034677,7,131034677,NA,NA,NA,NA
S5_72699038,5,72699038,NA,NA,NA,NA
S1_194994869,1,194994869,NA,NA,NA,NA
S2_86654258,2,86654258,NA,NA,NA,NA
S10_4613104,10,4613104,NA,NA,NA,NA
S3_9949715,3,9949715,NA,NA,NA,NA
S3_153858231,3,153858231,NA,NA,NA,NA
S3_153858233,3,153858233,NA,NA,NA,NA
S1_94880382,1,94880382,NA,NA,NA,NA
S6_63729841,6,63729841,NA,NA,NA,NA
S2_236291252,2,236291252,NA,NA,NA,NA
S2_1633728,2,1633728,NA,NA,NA,NA
S5_2317798,5,2317798,NA,NA,NA,NA
S1_12852278,1,12852278,NA,NA,NA,NA
S10_30141367,10,30141367,NA,NA,NA,NA
S5_214616207,5,214616207,NA,NA,NA,NA
S2_131349183,2,131349183,NA,NA,NA,NA
S7_21634754,7,21634754,NA,NA,NA,NA
S3_22320440,3,22320440,NA,NA,NA,NA
S3_22320441,3,22320441,NA,NA,NA,NA
S8_38410925,8,38410925,NA,NA,NA,NA
S7_39873180,7,39873180,NA,NA,NA,NA
S1_41277408,1,41277408,NA,NA,NA,NA
S4_3256740,4,3256740,NA,NA,NA,NA
S8_157376437,8,157376437,NA,NA,NA,NA
S8_157376438,8,157376438,NA,NA,NA,NA
S2_44335797,2,44335797,NA,NA,NA,NA
S3_194048411,3,194048411,NA,NA,NA,NA
S10_134413683,10,134413683,NA,NA,NA,NA
S1_7162856,1,7162856,NA,NA,NA,NA
S4_5709557,4,5709557,NA,NA,NA,NA
S4_175275490,4,175275490,NA,NA,NA,NA
S2_214950669,2,214950669,NA,NA,NA,NA
S10_15006580,10,15006580,NA,NA,NA,NA
S9_26826727,9,26826727,NA,NA,NA,NA
S6_131958781,6,131958781,NA,NA,NA,NA
S6_34826254,6,34826254,NA,NA,NA,NA
S3_153298536,3,153298536,NA,NA,NA,NA
S6_118318791,6,118318791,NA,NA,NA,NA
S6_121213721,6,121213721,NA,NA,NA,NA
S6_134852274,6,134852274,NA,NA,NA,NA
S3_166794118,3,166794118,NA,NA,NA,NA
S4_156970597,4,156970597,NA,NA,NA,NA
S8_8015283,8,8015283,NA,NA,NA,NA
S3_188785162,3,188785162,NA,NA,NA,NA
S1_155927137,1,155927137,NA,NA,NA,NA
S4_209256327,4,209256327,NA,NA,NA,NA
S3_138773760,3,138773760,NA,NA,NA,NA
S4_26424962,4,26424962,NA,NA,NA,NA
S4_26424991,4,26424991,NA,NA,NA,NA
S2_16402170,2,16402170,NA,NA,NA,NA
S3_147407973,3,147407973,NA,NA,NA,NA
S3_147408022,3,147408022,NA,NA,NA,NA
S7_98569273,7,98569273,NA,NA,NA,NA
S6_2424729,6,2424729,NA,NA,NA,NA
S6_55137267,6,55137267,NA,NA,NA,NA
S5_215064653,5,215064653,NA,NA,NA,NA
S8_173276752,8,173276752,NA,NA,NA,NA
S2_43185727,2,43185727,NA,NA,NA,NA
S8_28291071,8,28291071,NA,NA,NA,NA
S7_144027527,7,144027527,NA,NA,NA,NA
S5_166473804,5,166473804,NA,NA,NA,NA
S5_166473805,5,166473805,NA,NA,NA,NA
S5_166473806,5,166473806,NA,NA,NA,NA
S5_166473837,5,166473837,NA,NA,NA,NA
S1_10826196,1,10826196,NA,NA,NA,NA
S9_45200284,9,45200284,NA,NA,NA,NA
S2_111580622,2,111580622,NA,NA,NA,NA
S9_7701802,9,7701802,NA,NA,NA,NA
S6_150800726,6,150800726,NA,NA,NA,NA
S6_150800734,6,150800734,NA,NA,NA,NA
S3_53146872,3,53146872,NA,NA,NA,NA
S1_277310837,1,277310837,NA,NA,NA,NA
S1_167890213,1,167890213,NA,NA,NA,NA
S4_1493004,4,1493004,NA,NA,NA,NA
S6_151126988,6,151126988,NA,NA,NA,NA
S1_68561814,1,68561814,NA,NA,NA,NA
S3_225037725,3,225037725,NA,NA,NA,NA
S3_201093345,3,201093345,NA,NA,NA,NA
S6_3040709,6,3040709,NA,NA,NA,NA
S7_172125285,7,172125285,NA,NA,NA,NA
S1_29514396,1,29514396,NA,NA,NA,NA
S1_244978469,1,244978469,NA,NA,NA,NA
S7_152586024,7,152586024,NA,NA,NA,NA
S3_167686759,3,167686759,NA,NA,NA,NA
S1_62675456,1,62675456,NA,NA,NA,NA
S4_137982444,4,137982444,NA,NA,NA,NA
S4_137982445,4,137982445,NA,NA,NA,NA
S9_106625016,9,106625016,NA,NA,NA,NA
S8_67354846,8,67354846,NA,NA,NA,NA
S6_167033881,6,167033881,NA,NA,NA,NA
S2_14715404,2,14715404,NA,NA,NA,NA
S2_205714434,2,205714434,NA,NA,NA,NA
S3_209130380,3,209130380,NA,NA,NA,NA
S7_132590140,7,132590140,NA,NA,NA,NA
S6_102969318,6,102969318,NA,NA,NA,NA
S1_45426798,1,45426798,NA,NA,NA,NA
S5_10897930,5,10897930,NA,NA,NA,NA
S1_220713590,1,220713590,NA,NA,NA,NA
S5_18276256,5,18276256,NA,NA,NA,NA
S2_212421764,2,212421764,NA,NA,NA,NA
S8_175187517,8,175187517,NA,NA,NA,NA
S8_118104893,8,118104893,NA,NA,NA,NA
S7_104175407,7,104175407,NA,NA,NA,NA
S3_232019119,3,232019119,NA,NA,NA,NA
S4_38290993,4,38290993,NA,NA,NA,NA
S9_103954739,9,103954739,NA,NA,NA,NA
S1_25411020,1,25411020,NA,NA,NA,NA
S2_3772478,2,3772478,NA,NA,NA,NA
S3_146435777,3,146435777,NA,NA,NA,NA
S2_45987092,2,45987092,NA,NA,NA,NA
S3_229036114,3,229036114,NA,NA,NA,NA
S6_164366833,6,164366833,NA,NA,NA,NA
S1_278713872,1,278713872,NA,NA,NA,NA
S9_143953130,9,143953130,NA,NA,NA,NA
S6_112269022,6,112269022,NA,NA,NA,NA
S8_99201283,8,99201283,NA,NA,NA,NA
S8_99201297,8,99201297,NA,NA,NA,NA
S3_129300399,3,129300399,NA,NA,NA,NA
S5_76727696,5,76727696,NA,NA,NA,NA
S6_132468934,6,132468934,NA,NA,NA,NA
S3_184357485,3,184357485,NA,NA,NA,NA
S3_184357492,3,184357492,NA,NA,NA,NA
S3_151630215,3,151630215,NA,NA,NA,NA
S5_206855195,5,206855195,NA,NA,NA,NA
S1_16371777,1,16371777,NA,NA,NA,NA
S8_119938797,8,119938797,NA,NA,NA,NA
S10_6453684,10,6453684,NA,NA,NA,NA
S1_252150703,1,252150703,NA,NA,NA,NA
S5_212091253,5,212091253,NA,NA,NA,NA
S9_106625410,9,106625410,NA,NA,NA,NA
S1_74776750,1,74776750,NA,NA,NA,NA
S4_237498009,4,237498009,NA,NA,NA,NA
S5_186830814,5,186830814,NA,NA,NA,NA
S8_25386116,8,25386116,NA,NA,NA,NA
S5_177854096,5,177854096,NA,NA,NA,NA
S7_121225827,7,121225827,NA,NA,NA,NA
S2_148232149,2,148232149,NA,NA,NA,NA
S9_149544346,9,149544346,NA,NA,NA,NA
S1_276208724,1,276208724,NA,NA,NA,NA
S6_156878264,6,156878264,NA,NA,NA,NA
S7_143422904,7,143422904,NA,NA,NA,NA
S2_44379478,2,44379478,NA,NA,NA,NA
S3_41601398,3,41601398,NA,NA,NA,NA
S6_155650795,6,155650795,NA,NA,NA,NA
S1_199730719,1,199730719,NA,NA,NA,NA
S8_131342283,8,131342283,NA,NA,NA,NA
S8_20555712,8,20555712,NA,NA,NA,NA
S2_4886578,2,4886578,NA,NA,NA,NA
S1_93970493,1,93970493,NA,NA,NA,NA
S9_11126677,9,11126677,NA,NA,NA,NA
S8_152891661,8,152891661,NA,NA,NA,NA
S2_144477952,2,144477952,NA,NA,NA,NA
S8_40550551,8,40550551,NA,NA,NA,NA
S2_25747245,2,25747245,NA,NA,NA,NA
S3_213793964,3,213793964,NA,NA,NA,NA
S4_199711933,4,199711933,NA,NA,NA,NA
S10_148084354,10,148084354,NA,NA,NA,NA
S4_238356952,4,238356952,NA,NA,NA,NA
S10_21859993,10,21859993,NA,NA,NA,NA
S5_189621806,5,189621806,NA,NA,NA,NA
S7_5095333,7,5095333,NA,NA,NA,NA
S6_140547052,6,140547052,NA,NA,NA,NA
S1_228664950,1,228664950,NA,NA,NA,NA
S1_82911647,1,82911647,NA,NA,NA,NA
S1_82911649,1,82911649,NA,NA,NA,NA
S2_234258626,2,234258626,NA,NA,NA,NA
S10_134585903,10,134585903,NA,NA,NA,NA
S6_4308142,6,4308142,NA,NA,NA,NA
S1_8287712,1,8287712,NA,NA,NA,NA
S4_230932334,4,230932334,NA,NA,NA,NA
S6_87699800,6,87699800,NA,NA,NA,NA
S8_163382539,8,163382539,NA,NA,NA,NA
S5_15561866,5,15561866,NA,NA,NA,NA
S1_278516220,1,278516220,NA,NA,NA,NA
S2_20715380,2,20715380,NA,NA,NA,NA
S8_21824930,8,21824930,NA,NA,NA,NA
S1_6429493,1,6429493,NA,NA,NA,NA
S10_99524231,10,99524231,NA,NA,NA,NA
S1_270832046,1,270832046,NA,NA,NA,NA
S6_121213268,6,121213268,NA,NA,NA,NA
S1_12312300,1,12312300,NA,NA,NA,NA
S2_202917141,2,202917141,NA,NA,NA,NA
S2_208672697,2,208672697,NA,NA,NA,NA
S6_92985814,6,92985814,NA,NA,NA,NA
S4_227661510,4,227661510,NA,NA,NA,NA
S5_2790888,5,2790888,NA,NA,NA,NA
S2_183337467,2,183337467,NA,NA,NA,NA
S5_65444060,5,65444060,NA,NA,NA,NA
S5_212160760,5,212160760,NA,NA,NA,NA
S6_44381911,6,44381911,NA,NA,NA,NA
S10_146294460,10,146294460,NA,NA,NA,NA
S2_178137195,2,178137195,NA,NA,NA,NA
S1_290856467,1,290856467,NA,NA,NA,NA
S8_111625413,8,111625413,NA,NA,NA,NA
S5_9837418,5,9837418,NA,NA,NA,NA
S1_227241027,1,227241027,NA,NA,NA,NA
S8_77169519,8,77169519,NA,NA,NA,NA
S5_174168932,5,174168932,NA,NA,NA,NA
S5_48584828,5,48584828,NA,NA,NA,NA
S1_184127411,1,184127411,NA,NA,NA,NA
S1_248744040,1,248744040,NA,NA,NA,NA
S7_160773878,7,160773878,NA,NA,NA,NA
S10_109708762,10,109708762,NA,NA,NA,NA
S1_207708955,1,207708955,NA,NA,NA,NA
S4_31674592,4,31674592,NA,NA,NA,NA
S8_161526654,8,161526654,NA,NA,NA,NA
S9_98920298,9,98920298,NA,NA,NA,NA
S1_210663967,1,210663967,NA,NA,NA,NA
S1_216697706,1,216697706,NA,NA,NA,NA
S10_144144274,10,144144274,NA,NA,NA,NA
S3_191188979,3,191188979,NA,NA,NA,NA
S9_8237062,9,8237062,NA,NA,NA,NA
S8_171960609,8,171960609,NA,NA,NA,NA
S3_165452854,3,165452854,NA,NA,NA,NA
S7_167635065,7,167635065,NA,NA,NA,NA
S1_166805116,1,166805116,NA,NA,NA,NA
S2_54205456,2,54205456,NA,NA,NA,NA
S1_234218421,1,234218421,NA,NA,NA,NA
S10_133743649,10,133743649,NA,NA,NA,NA
S7_8569553,7,8569553,NA,NA,NA,NA
S1_36221057,1,36221057,NA,NA,NA,NA
S7_164831340,7,164831340,NA,NA,NA,NA
S1_6797243,1,6797243,NA,NA,NA,NA
S9_118062642,9,118062642,NA,NA,NA,NA
S5_3057280,5,3057280,NA,NA,NA,NA
S5_214075262,5,214075262,NA,NA,NA,NA
S5_214075271,5,214075271,NA,NA,NA,NA
S5_214075283,5,214075283,NA,NA,NA,NA
S1_179869003,1,179869003,NA,NA,NA,NA
S1_179869006,1,179869006,NA,NA,NA,NA
S2_33506509,2,33506509,NA,NA,NA,NA
S9_96718506,9,96718506,NA,NA,NA,NA
S1_276254970,1,276254970,NA,NA,NA,NA
S3_167432530,3,167432530,NA,NA,NA,NA
S1_28461127,1,28461127,NA,NA,NA,NA
S6_107360447,6,107360447,NA,NA,NA,NA
S6_95317110,6,95317110,NA,NA,NA,NA
S1_23054934,1,23054934,NA,NA,NA,NA
S6_159991447,6,159991447,NA,NA,NA,NA
S1_36220808,1,36220808,NA,NA,NA,NA
S1_61623802,1,61623802,NA,NA,NA,NA
S4_178674282,4,178674282,NA,NA,NA,NA
S2_194907632,2,194907632,NA,NA,NA,NA
S1_205091153,1,205091153,NA,NA,NA,NA
S4_159724527,4,159724527,NA,NA,NA,NA
S6_31006105,6,31006105,NA,NA,NA,NA
S6_153228221,6,153228221,NA,NA,NA,NA
S5_25703362,5,25703362,NA,NA,NA,NA
S5_25703400,5,25703400,NA,NA,NA,NA
S6_106763889,6,106763889,NA,NA,NA,NA
S5_129184341,5,129184341,NA,NA,NA,NA
S3_210426788,3,210426788,NA,NA,NA,NA
S2_117321079,2,117321079,NA,NA,NA,NA
S2_236288431,2,236288431,NA,NA,NA,NA
S4_32605575,4,32605575,NA,NA,NA,NA
S5_21583675,5,21583675,NA,NA,NA,NA
S5_22355363,5,22355363,NA,NA,NA,NA
S5_22355379,5,22355379,NA,NA,NA,NA
S9_101476999,9,101476999,NA,NA,NA,NA
S5_206744546,5,206744546,NA,NA,NA,NA
S1_25411097,1,25411097,NA,NA,NA,NA
S7_108482015,7,108482015,NA,NA,NA,NA
S1_288471284,1,288471284,NA,NA,NA,NA
S1_288471300,1,288471300,NA,NA,NA,NA
S4_159078597,4,159078597,NA,NA,NA,NA
S3_177679222,3,177679222,NA,NA,NA,NA
S6_120136465,6,120136465,NA,NA,NA,NA
S3_15913692,3,15913692,NA,NA,NA,NA
S9_57012110,9,57012110,NA,NA,NA,NA
S2_198407345,2,198407345,NA,NA,NA,NA
S10_102371595,10,102371595,NA,NA,NA,NA
S5_23572829,5,23572829,NA,NA,NA,NA
S6_129661501,6,129661501,NA,NA,NA,NA
S3_209024691,3,209024691,NA,NA,NA,NA
S10_137487824,10,137487824,NA,NA,NA,NA
S8_100874947,8,100874947,NA,NA,NA,NA
S8_165875836,8,165875836,NA,NA,NA,NA
S8_66663511,8,66663511,NA,NA,NA,NA
S6_39891910,6,39891910,NA,NA,NA,NA
S5_169680646,5,169680646,NA,NA,NA,NA
S2_4051274,2,4051274,NA,NA,NA,NA
S5_184496468,5,184496468,NA,NA,NA,NA
S5_140765356,5,140765356,NA,NA,NA,NA
S10_71810387,10,71810387,NA,NA,NA,NA
S10_6377479,10,6377479,NA,NA,NA,NA
S1_202158724,1,202158724,NA,NA,NA,NA
S3_231991643,3,231991643,NA,NA,NA,NA
S9_26630557,9,26630557,NA,NA,NA,NA
S9_26630559,9,26630559,NA,NA,NA,NA
S9_26630561,9,26630561,NA,NA,NA,NA
S1_95858529,1,95858529,NA,NA,NA,NA
S9_9640567,9,9640567,NA,NA,NA,NA
S5_194092734,5,194092734,NA,NA,NA,NA
S1_45938033,1,45938033,NA,NA,NA,NA
S5_167276796,5,167276796,NA,NA,NA,NA
S1_183808148,1,183808148,NA,NA,NA,NA
S1_75630733,1,75630733,NA,NA,NA,NA
S3_229036023,3,229036023,NA,NA,NA,NA
S2_49015633,2,49015633,NA,NA,NA,NA
S3_155968214,3,155968214,NA,NA,NA,NA
S8_64889991,8,64889991,NA,NA,NA,NA
S4_234420710,4,234420710,NA,NA,NA,NA
S2_14267198,2,14267198,NA,NA,NA,NA
S2_14267148,2,14267148,NA,NA,NA,NA
S10_6659610,10,6659610,NA,NA,NA,NA
S4_231138639,4,231138639,NA,NA,NA,NA
S6_91986620,6,91986620,NA,NA,NA,NA
S10_5723530,10,5723530,NA,NA,NA,NA
S10_5723558,10,5723558,NA,NA,NA,NA
S10_5723569,10,5723569,NA,NA,NA,NA
S7_116279094,7,116279094,NA,NA,NA,NA
S1_7390282,1,7390282,NA,NA,NA,NA
S4_204127436,4,204127436,NA,NA,NA,NA
S1_289268038,1,289268038,NA,NA,NA,NA
S3_54801895,3,54801895,NA,NA,NA,NA
S8_158576369,8,158576369,NA,NA,NA,NA
S2_44197055,2,44197055,NA,NA,NA,NA
S5_19134176,5,19134176,NA,NA,NA,NA
S5_19134185,5,19134185,NA,NA,NA,NA
S2_154620911,2,154620911,NA,NA,NA,NA
S2_31921279,2,31921279,NA,NA,NA,NA
S1_222205601,1,222205601,NA,NA,NA,NA
S6_108802100,6,108802100,NA,NA,NA,NA
S7_164465487,7,164465487,NA,NA,NA,NA
S7_164465490,7,164465490,NA,NA,NA,NA
S8_153015467,8,153015467,NA,NA,NA,NA
S8_136048335,8,136048335,NA,NA,NA,NA
S1_45505746,1,45505746,NA,NA,NA,NA
S3_140462476,3,140462476,NA,NA,NA,NA
S4_166927702,4,166927702,NA,NA,NA,NA
S2_233429634,2,233429634,NA,NA,NA,NA
S1_69288223,1,69288223,NA,NA,NA,NA
S5_126817828,5,126817828,NA,NA,NA,NA
S5_178352171,5,178352171,NA,NA,NA,NA
S5_178352196,5,178352196,NA,NA,NA,NA
S1_93908857,1,93908857,NA,NA,NA,NA
S9_131671459,9,131671459,NA,NA,NA,NA
S5_27683662,5,27683662,NA,NA,NA,NA
S4_46934292,4,46934292,NA,NA,NA,NA
S4_46934294,4,46934294,NA,NA,NA,NA
S6_162127295,6,162127295,NA,NA,NA,NA
S6_162127346,6,162127346,NA,NA,NA,NA
S5_214078267,5,214078267,NA,NA,NA,NA
S3_189459204,3,189459204,NA,NA,NA,NA
S2_6190861,2,6190861,NA,NA,NA,NA
S4_162563177,4,162563177,NA,NA,NA,NA
S6_137031170,6,137031170,NA,NA,NA,NA
S6_137031173,6,137031173,NA,NA,NA,NA
S5_41687673,5,41687673,NA,NA,NA,NA
S3_122072389,3,122072389,NA,NA,NA,NA
S5_142224545,5,142224545,NA,NA,NA,NA
S5_62026659,5,62026659,NA,NA,NA,NA
S5_69308623,5,69308623,NA,NA,NA,NA
S5_89715031,5,89715031,NA,NA,NA,NA
S5_89715035,5,89715035,NA,NA,NA,NA
S5_174621694,5,174621694,NA,NA,NA,NA
S4_2046257,4,2046257,NA,NA,NA,NA
S10_132255601,10,132255601,NA,NA,NA,NA
S5_53081409,5,53081409,NA,NA,NA,NA
S7_161347098,7,161347098,NA,NA,NA,NA
S5_211749449,5,211749449,NA,NA,NA,NA
S1_75692635,1,75692635,NA,NA,NA,NA
S3_3716249,3,3716249,NA,NA,NA,NA
S5_132657070,5,132657070,NA,NA,NA,NA
S1_215443085,1,215443085,NA,NA,NA,NA
S7_165946381,7,165946381,NA,NA,NA,NA
S6_76508121,6,76508121,NA,NA,NA,NA
S7_165793559,7,165793559,NA,NA,NA,NA
S1_242708951,1,242708951,NA,NA,NA,NA
S8_5917629,8,5917629,NA,NA,NA,NA
S2_220060865,2,220060865,NA,NA,NA,NA
S1_28643309,1,28643309,NA,NA,NA,NA
S2_4162808,2,4162808,NA,NA,NA,NA
S5_70869367,5,70869367,NA,NA,NA,NA
S8_121892704,8,121892704,NA,NA,NA,NA
S1_189150054,1,189150054,NA,NA,NA,NA
S5_152567530,5,152567530,NA,NA,NA,NA
S3_1713763,3,1713763,NA,NA,NA,NA
S9_149248039,9,149248039,NA,NA,NA,NA
S10_87189865,10,87189865,NA,NA,NA,NA
S3_32110754,3,32110754,NA,NA,NA,NA
S7_165246222,7,165246222,NA,NA,NA,NA
S5_197607012,5,197607012,NA,NA,NA,NA
S4_234913895,4,234913895,NA,NA,NA,NA
S10_132702636,10,132702636,NA,NA,NA,NA
S6_138871130,6,138871130,NA,NA,NA,NA
S8_152769795,8,152769795,NA,NA,NA,NA
S8_166653284,8,166653284,NA,NA,NA,NA
S2_33500073,2,33500073,NA,NA,NA,NA
S3_34844851,3,34844851,NA,NA,NA,NA
S6_139877483,6,139877483,NA,NA,NA,NA
S10_79271852,10,79271852,NA,NA,NA,NA
S1_102892558,1,102892558,NA,NA,NA,NA
S1_102892588,1,102892588,NA,NA,NA,NA
S4_36516237,4,36516237,NA,NA,NA,NA
S6_159623340,6,159623340,NA,NA,NA,NA
S6_159623341,6,159623341,NA,NA,NA,NA
S1_41277399,1,41277399,NA,NA,NA,NA
S8_169996347,8,169996347,NA,NA,NA,NA
S3_223680973,3,223680973,NA,NA,NA,NA
S1_3197186,1,3197186,NA,NA,NA,NA
S1_288863318,1,288863318,NA,NA,NA,NA
S8_19830105,8,19830105,NA,NA,NA,NA
S1_292149872,1,292149872,NA,NA,NA,NA
S2_202917203,2,202917203,NA,NA,NA,NA
S9_136916228,9,136916228,NA,NA,NA,NA
S6_153770481,6,153770481,NA,NA,NA,NA
S5_214163676,5,214163676,NA,NA,NA,NA
S6_118141410,6,118141410,NA,NA,NA,NA
S8_14844165,8,14844165,NA,NA,NA,NA
S6_38072339,6,38072339,NA,NA,NA,NA
S5_208742360,5,208742360,NA,NA,NA,NA
S2_150441036,2,150441036,NA,NA,NA,NA
S1_23589441,1,23589441,NA,NA,NA,NA
S7_108481568,7,108481568,NA,NA,NA,NA
S5_20795566,5,20795566,NA,NA,NA,NA
S5_200529146,5,200529146,NA,NA,NA,NA
S5_61801008,5,61801008,NA,NA,NA,NA
S2_187785893,2,187785893,NA,NA,NA,NA
S5_56214446,5,56214446,NA,NA,NA,NA
S3_27550770,3,27550770,NA,NA,NA,NA
S9_107334540,9,107334540,NA,NA,NA,NA
S3_176289258,3,176289258,NA,NA,NA,NA
S7_1317726,7,1317726,NA,NA,NA,NA
S4_126342475,4,126342475,NA,NA,NA,NA
S8_168940195,8,168940195,NA,NA,NA,NA
S9_16481394,9,16481394,NA,NA,NA,NA
S1_25705041,1,25705041,NA,NA,NA,NA
S2_25828662,2,25828662,NA,NA,NA,NA
S5_211763455,5,211763455,NA,NA,NA,NA
S1_174997005,1,174997005,NA,NA,NA,NA
S3_3716431,3,3716431,NA,NA,NA,NA
S4_238316642,4,238316642,NA,NA,NA,NA
S8_174338374,8,174338374,NA,NA,NA,NA
S8_174338398,8,174338398,NA,NA,NA,NA
S5_51212099,5,51212099,NA,NA,NA,NA
S1_194663005,1,194663005,NA,NA,NA,NA
S1_230887077,1,230887077,NA,NA,NA,NA
S2_12354000,2,12354000,NA,NA,NA,NA
S3_5573961,3,5573961,NA,NA,NA,NA
S7_161695315,7,161695315,NA,NA,NA,NA
S2_180663042,2,180663042,NA,NA,NA,NA
S6_155455167,6,155455167,NA,NA,NA,NA
S2_212528156,2,212528156,NA,NA,NA,NA
S7_3904582,7,3904582,NA,NA,NA,NA
S8_16444572,8,16444572,NA,NA,NA,NA
S8_16444587,8,16444587,NA,NA,NA,NA
S4_185566354,4,185566354,NA,NA,NA,NA
S5_56376338,5,56376338,NA,NA,NA,NA
S5_79857721,5,79857721,NA,NA,NA,NA
S3_215479018,3,215479018,NA,NA,NA,NA
S5_59979078,5,59979078,NA,NA,NA,NA
S7_156476052,7,156476052,NA,NA,NA,NA
S3_191840050,3,191840050,NA,NA,NA,NA
S5_209284880,5,209284880,NA,NA,NA,NA
S9_46386574,9,46386574,NA,NA,NA,NA
S5_202808725,5,202808725,NA,NA,NA,NA
S10_138215309,10,138215309,NA,NA,NA,NA
S9_130489251,9,130489251,NA,NA,NA,NA
S3_43662069,3,43662069,NA,NA,NA,NA
S3_43662076,3,43662076,NA,NA,NA,NA
S6_143961712,6,143961712,NA,NA,NA,NA
S6_143961715,6,143961715,NA,NA,NA,NA
S6_143961716,6,143961716,NA,NA,NA,NA
S2_114790223,2,114790223,NA,NA,NA,NA
S2_103047355,2,103047355,NA,NA,NA,NA
S7_134132028,7,134132028,NA,NA,NA,NA
S7_134132034,7,134132034,NA,NA,NA,NA
S6_162662684,6,162662684,NA,NA,NA,NA
S2_193205595,2,193205595,NA,NA,NA,NA
S2_193205601,2,193205601,NA,NA,NA,NA
S2_193205604,2,193205604,NA,NA,NA,NA
S2_193205606,2,193205606,NA,NA,NA,NA
S2_193205607,2,193205607,NA,NA,NA,NA
S4_911295,4,911295,NA,NA,NA,NA
S10_114237277,10,114237277,NA,NA,NA,NA
S10_76407105,10,76407105,NA,NA,NA,NA
S10_76407106,10,76407106,NA,NA,NA,NA
S10_76407130,10,76407130,NA,NA,NA,NA
S7_143424275,7,143424275,NA,NA,NA,NA
S1_61949069,1,61949069,NA,NA,NA,NA
S10_113162273,10,113162273,NA,NA,NA,NA
S4_219147190,4,219147190,NA,NA,NA,NA
S1_88000895,1,88000895,NA,NA,NA,NA
S3_195700678,3,195700678,NA,NA,NA,NA
S6_91299394,6,91299394,NA,NA,NA,NA
S4_9485412,4,9485412,NA,NA,NA,NA
S3_142730655,3,142730655,NA,NA,NA,NA
S10_2761122,10,2761122,NA,NA,NA,NA
S9_149245849,9,149245849,NA,NA,NA,NA
S5_183368505,5,183368505,NA,NA,NA,NA
S9_101428938,9,101428938,NA,NA,NA,NA
S2_45193008,2,45193008,NA,NA,NA,NA
S6_125158741,6,125158741,NA,NA,NA,NA
S1_227510379,1,227510379,NA,NA,NA,NA
S5_4516512,5,4516512,NA,NA,NA,NA
S5_4516532,5,4516532,NA,NA,NA,NA
S8_142331283,8,142331283,NA,NA,NA,NA
S10_76408777,10,76408777,NA,NA,NA,NA
S10_148533344,10,148533344,NA,NA,NA,NA
S2_10378510,2,10378510,NA,NA,NA,NA
S2_15247020,2,15247020,NA,NA,NA,NA
S2_15247031,2,15247031,NA,NA,NA,NA
S2_15247050,2,15247050,NA,NA,NA,NA
S1_7397614,1,7397614,NA,NA,NA,NA
S1_240756902,1,240756902,NA,NA,NA,NA
S3_218013771,3,218013771,NA,NA,NA,NA
S10_60153782,10,60153782,NA,NA,NA,NA
S10_60153784,10,60153784,NA,NA,NA,NA
S2_109104172,2,109104172,NA,NA,NA,NA
S10_132915257,10,132915257,NA,NA,NA,NA
S10_132915267,10,132915267,NA,NA,NA,NA
S7_171703312,7,171703312,NA,NA,NA,NA
S1_205242545,1,205242545,NA,NA,NA,NA
S3_1613920,3,1613920,NA,NA,NA,NA
S10_6453664,10,6453664,NA,NA,NA,NA
S9_141472993,9,141472993,NA,NA,NA,NA
S6_2721981,6,2721981,NA,NA,NA,NA
S8_4883510,8,4883510,NA,NA,NA,NA
S7_101260659,7,101260659,NA,NA,NA,NA
S10_108359459,10,108359459,NA,NA,NA,NA
S3_198040522,3,198040522,NA,NA,NA,NA
S7_127144891,7,127144891,NA,NA,NA,NA
S2_206130213,2,206130213,NA,NA,NA,NA
S4_149744591,4,149744591,NA,NA,NA,NA
S6_110386380,6,110386380,NA,NA,NA,NA
S1_244748873,1,244748873,NA,NA,NA,NA
S6_6430742,6,6430742,NA,NA,NA,NA
S7_15470834,7,15470834,NA,NA,NA,NA
S3_129298791,3,129298791,NA,NA,NA,NA
S5_174619984,5,174619984,NA,NA,NA,NA
S9_135817843,9,135817843,NA,NA,NA,NA
S2_41010332,2,41010332,NA,NA,NA,NA
S2_152199505,2,152199505,NA,NA,NA,NA
S2_152199530,2,152199530,NA,NA,NA,NA
S2_152199536,2,152199536,NA,NA,NA,NA
S9_149732984,9,149732984,NA,NA,NA,NA
S10_10667419,10,10667419,NA,NA,NA,NA
S4_2831321,4,2831321,NA,NA,NA,NA
S9_129518223,9,129518223,NA,NA,NA,NA
S4_33695176,4,33695176,NA,NA,NA,NA
S5_17379792,5,17379792,NA,NA,NA,NA
S2_201799296,2,201799296,NA,NA,NA,NA
S2_54359257,2,54359257,NA,NA,NA,NA
S4_2660235,4,2660235,NA,NA,NA,NA
S8_134116924,8,134116924,NA,NA,NA,NA
S3_75500061,3,75500061,NA,NA,NA,NA
S3_20426207,3,20426207,NA,NA,NA,NA
S3_225307938,3,225307938,NA,NA,NA,NA
S4_158338624,4,158338624,NA,NA,NA,NA
S2_1281568,2,1281568,NA,NA,NA,NA
S3_171900654,3,171900654,NA,NA,NA,NA
S2_142313655,2,142313655,NA,NA,NA,NA
S10_76175860,10,76175860,NA,NA,NA,NA
S10_149740641,10,149740641,NA,NA,NA,NA
S8_149375060,8,149375060,NA,NA,NA,NA
S6_108203292,6,108203292,NA,NA,NA,NA
S1_257219040,1,257219040,NA,NA,NA,NA
S1_68928621,1,68928621,NA,NA,NA,NA
S4_39544511,4,39544511,NA,NA,NA,NA
S1_79753293,1,79753293,NA,NA,NA,NA
S2_4513142,2,4513142,NA,NA,NA,NA
S1_184127417,1,184127417,NA,NA,NA,NA
S10_142726622,10,142726622,NA,NA,NA,NA
S10_142726623,10,142726623,NA,NA,NA,NA
S2_8919844,2,8919844,NA,NA,NA,NA
S6_93491460,6,93491460,NA,NA,NA,NA
S10_93465586,10,93465586,NA,NA,NA,NA
S5_157463064,5,157463064,NA,NA,NA,NA
S5_157463065,5,157463065,NA,NA,NA,NA
S7_136255450,7,136255450,NA,NA,NA,NA
S7_140424926,7,140424926,NA,NA,NA,NA
S2_103825853,2,103825853,NA,NA,NA,NA
S7_129963533,7,129963533,NA,NA,NA,NA
S5_90764011,5,90764011,NA,NA,NA,NA
S6_112368181,6,112368181,NA,NA,NA,NA
S8_22678790,8,22678790,NA,NA,NA,NA
S3_86873706,3,86873706,NA,NA,NA,NA
S10_11315679,10,11315679,NA,NA,NA,NA
S1_14165900,1,14165900,NA,NA,NA,NA
S8_39936393,8,39936393,NA,NA,NA,NA
S1_213536320,1,213536320,NA,NA,NA,NA
S2_34474752,2,34474752,NA,NA,NA,NA
S3_113067103,3,113067103,NA,NA,NA,NA
S1_199640906,1,199640906,NA,NA,NA,NA
S9_145169735,9,145169735,NA,NA,NA,NA
S2_5424212,2,5424212,NA,NA,NA,NA
S5_913856,5,913856,NA,NA,NA,NA
S5_180901798,5,180901798,NA,NA,NA,NA
S6_142656174,6,142656174,NA,NA,NA,NA
S4_170516658,4,170516658,NA,NA,NA,NA
S8_97623,8,97623,NA,NA,NA,NA
S3_59812929,3,59812929,NA,NA,NA,NA
S5_213736593,5,213736593,NA,NA,NA,NA
S9_153959705,9,153959705,NA,NA,NA,NA
S2_209537279,2,209537279,NA,NA,NA,NA
S2_175087175,2,175087175,NA,NA,NA,NA
S10_125197581,10,125197581,NA,NA,NA,NA
S4_31713938,4,31713938,NA,NA,NA,NA
S3_201229602,3,201229602,NA,NA,NA,NA
S2_196304612,2,196304612,NA,NA,NA,NA
S4_179661316,4,179661316,NA,NA,NA,NA
S7_161337936,7,161337936,NA,NA,NA,NA
S7_28818245,7,28818245,NA,NA,NA,NA
S5_61697351,5,61697351,NA,NA,NA,NA
S2_5923991,2,5923991,NA,NA,NA,NA
S9_16730866,9,16730866,NA,NA,NA,NA
S10_14003875,10,14003875,NA,NA,NA,NA
S10_2255826,10,2255826,NA,NA,NA,NA
S3_50098811,3,50098811,NA,NA,NA,NA
S4_173792890,4,173792890,NA,NA,NA,NA
S4_173792901,4,173792901,NA,NA,NA,NA
S2_150803757,2,150803757,NA,NA,NA,NA
S10_145755863,10,145755863,NA,NA,NA,NA
S5_170421126,5,170421126,NA,NA,NA,NA
S1_196194254,1,196194254,NA,NA,NA,NA
S8_74658962,8,74658962,NA,NA,NA,NA
S8_74658973,8,74658973,NA,NA,NA,NA
S7_1140936,7,1140936,NA,NA,NA,NA
S6_3045191,6,3045191,NA,NA,NA,NA
S7_165945385,7,165945385,NA,NA,NA,NA
S2_199165277,2,199165277,NA,NA,NA,NA
S5_214409945,5,214409945,NA,NA,NA,NA
S4_82012110,4,82012110,NA,NA,NA,NA
S5_216441406,5,216441406,NA,NA,NA,NA
S3_34680976,3,34680976,NA,NA,NA,NA
S6_154337127,6,154337127,NA,NA,NA,NA
S9_128786659,9,128786659,NA,NA,NA,NA
S4_181727580,4,181727580,NA,NA,NA,NA
S1_24937910,1,24937910,NA,NA,NA,NA
S8_154033839,8,154033839,NA,NA,NA,NA
S2_7186350,2,7186350,NA,NA,NA,NA
S7_170999731,7,170999731,NA,NA,NA,NA
S4_172053556,4,172053556,NA,NA,NA,NA
S10_143169646,10,143169646,NA,NA,NA,NA
S4_166926322,4,166926322,NA,NA,NA,NA
S1_263652143,1,263652143,NA,NA,NA,NA
S4_83197879,4,83197879,NA,NA,NA,NA
S4_217406610,4,217406610,NA,NA,NA,NA
S9_32335108,9,32335108,NA,NA,NA,NA
S2_54360832,2,54360832,NA,NA,NA,NA
S10_14522398,10,14522398,NA,NA,NA,NA
S3_221275212,3,221275212,NA,NA,NA,NA
S10_125205003,10,125205003,NA,NA,NA,NA
S7_52303639,7,52303639,NA,NA,NA,NA
S8_139299297,8,139299297,NA,NA,NA,NA
S1_184000311,1,184000311,NA,NA,NA,NA
S1_192731574,1,192731574,NA,NA,NA,NA
S1_192731603,1,192731603,NA,NA,NA,NA
S10_84236286,10,84236286,NA,NA,NA,NA
S8_139952308,8,139952308,NA,NA,NA,NA
S3_17398949,3,17398949,NA,NA,NA,NA
S8_159988966,8,159988966,NA,NA,NA,NA
S8_159988967,8,159988967,NA,NA,NA,NA
S8_159988970,8,159988970,NA,NA,NA,NA
S3_205364041,3,205364041,NA,NA,NA,NA
S8_161523296,8,161523296,NA,NA,NA,NA
S8_14840705,8,14840705,NA,NA,NA,NA
S8_14840709,8,14840709,NA,NA,NA,NA
S9_133792753,9,133792753,NA,NA,NA,NA
S2_1448365,2,1448365,NA,NA,NA,NA
S6_150804345,6,150804345,NA,NA,NA,NA
S2_10474509,2,10474509,NA,NA,NA,NA
S1_20908061,1,20908061,NA,NA,NA,NA
S2_72206273,2,72206273,NA,NA,NA,NA
S6_119695193,6,119695193,NA,NA,NA,NA
S4_172835123,4,172835123,NA,NA,NA,NA
S4_170790041,4,170790041,NA,NA,NA,NA
S4_176160053,4,176160053,NA,NA,NA,NA
S10_132620593,10,132620593,NA,NA,NA,NA
S5_30221033,5,30221033,NA,NA,NA,NA
S2_204080464,2,204080464,NA,NA,NA,NA
S5_2400437,5,2400437,NA,NA,NA,NA
S3_209022750,3,209022750,NA,NA,NA,NA
S2_168456613,2,168456613,NA,NA,NA,NA
S5_58053775,5,58053775,NA,NA,NA,NA
S4_170852040,4,170852040,NA,NA,NA,NA
S2_12802989,2,12802989,NA,NA,NA,NA
S3_10684946,3,10684946,NA,NA,NA,NA
S1_215611305,1,215611305,NA,NA,NA,NA
S1_24206895,1,24206895,NA,NA,NA,NA
S2_185695114,2,185695114,NA,NA,NA,NA
S9_18765832,9,18765832,NA,NA,NA,NA
S4_22558097,4,22558097,NA,NA,NA,NA
S8_1455749,8,1455749,NA,NA,NA,NA
S3_217561366,3,217561366,NA,NA,NA,NA
S9_61356277,9,61356277,NA,NA,NA,NA
S7_172938035,7,172938035,NA,NA,NA,NA
S7_153569363,7,153569363,NA,NA,NA,NA
S4_2852633,4,2852633,NA,NA,NA,NA
S4_237322518,4,237322518,NA,NA,NA,NA
S8_159406397,8,159406397,NA,NA,NA,NA
S4_72820801,4,72820801,NA,NA,NA,NA
S9_90842675,9,90842675,NA,NA,NA,NA
S2_79769999,2,79769999,NA,NA,NA,NA
S10_1905234,10,1905234,NA,NA,NA,NA
S2_220751584,2,220751584,NA,NA,NA,NA
S2_126450946,2,126450946,NA,NA,NA,NA
S1_30539448,1,30539448,NA,NA,NA,NA
S2_203085422,2,203085422,NA,NA,NA,NA
S1_197059006,1,197059006,NA,NA,NA,NA
S4_228665030,4,228665030,NA,NA,NA,NA
S1_53154678,1,53154678,NA,NA,NA,NA
S1_214725320,1,214725320,NA,NA,NA,NA
S1_214725323,1,214725323,NA,NA,NA,NA
S5_76381575,5,76381575,NA,NA,NA,NA
S2_12852279,2,12852279,NA,NA,NA,NA
S5_189198086,5,189198086,NA,NA,NA,NA
S5_189198087,5,189198087,NA,NA,NA,NA
S1_233207424,1,233207424,NA,NA,NA,NA
S2_41497664,2,41497664,NA,NA,NA,NA
S3_18997961,3,18997961,NA,NA,NA,NA
S9_26630562,9,26630562,NA,NA,NA,NA
S7_170252515,7,170252515,NA,NA,NA,NA
S10_148536492,10,148536492,NA,NA,NA,NA
S6_137561175,6,137561175,NA,NA,NA,NA
S5_31827652,5,31827652,NA,NA,NA,NA
S5_15959599,5,15959599,NA,NA,NA,NA
S2_202295439,2,202295439,NA,NA,NA,NA
S1_288395717,1,288395717,NA,NA,NA,NA
S6_107755857,6,107755857,NA,NA,NA,NA
S5_200118387,5,200118387,NA,NA,NA,NA
S6_168690251,6,168690251,NA,NA,NA,NA
S7_137162274,7,137162274,NA,NA,NA,NA
S8_15045982,8,15045982,NA,NA,NA,NA
S1_288638878,1,288638878,NA,NA,NA,NA
S7_9049879,7,9049879,NA,NA,NA,NA
S5_25883072,5,25883072,NA,NA,NA,NA
S1_12357413,1,12357413,NA,NA,NA,NA
S1_56752848,1,56752848,NA,NA,NA,NA
S9_153449073,9,153449073,NA,NA,NA,NA
S2_3396809,2,3396809,NA,NA,NA,NA
S5_16428101,5,16428101,NA,NA,NA,NA
S8_147098232,8,147098232,NA,NA,NA,NA
S4_25466995,4,25466995,NA,NA,NA,NA
S2_3014967,2,3014967,NA,NA,NA,NA
S5_142224586,5,142224586,NA,NA,NA,NA
S3_201689353,3,201689353,NA,NA,NA,NA
S7_172975565,7,172975565,NA,NA,NA,NA
S7_172975581,7,172975581,NA,NA,NA,NA
S7_172975589,7,172975589,NA,NA,NA,NA
S5_58052246,5,58052246,NA,NA,NA,NA
S4_235728620,4,235728620,NA,NA,NA,NA
S6_33638112,6,33638112,NA,NA,NA,NA
S1_231708367,1,231708367,NA,NA,NA,NA
S9_98920852,9,98920852,NA,NA,NA,NA
S6_105538471,6,105538471,NA,NA,NA,NA
S5_200907563,5,200907563,NA,NA,NA,NA
S7_958454,7,958454,NA,NA,NA,NA
S7_9708658,7,9708658,NA,NA,NA,NA
S9_16731879,9,16731879,NA,NA,NA,NA
S8_171974304,8,171974304,NA,NA,NA,NA
S4_235162323,4,235162323,NA,NA,NA,NA
S8_66289359,8,66289359,NA,NA,NA,NA
S3_48956807,3,48956807,NA,NA,NA,NA
S7_5976112,7,5976112,NA,NA,NA,NA
S7_5976139,7,5976139,NA,NA,NA,NA
S5_18275928,5,18275928,NA,NA,NA,NA
S3_20746705,3,20746705,NA,NA,NA,NA
S3_20746711,3,20746711,NA,NA,NA,NA
S1_98754587,1,98754587,NA,NA,NA,NA
S2_228040320,2,228040320,NA,NA,NA,NA
S9_90367206,9,90367206,NA,NA,NA,NA
S3_106958629,3,106958629,NA,NA,NA,NA
S10_54170281,10,54170281,NA,NA,NA,NA
S4_172996349,4,172996349,NA,NA,NA,NA
S6_30257421,6,30257421,NA,NA,NA,NA
S1_201191879,1,201191879,NA,NA,NA,NA
S8_74986439,8,74986439,NA,NA,NA,NA
S8_138391071,8,138391071,NA,NA,NA,NA
S9_25727798,9,25727798,NA,NA,NA,NA
S2_1633505,2,1633505,NA,NA,NA,NA
S5_213584990,5,213584990,NA,NA,NA,NA
S5_188833079,5,188833079,NA,NA,NA,NA
S6_163839998,6,163839998,NA,NA,NA,NA
S3_166796783,3,166796783,NA,NA,NA,NA
S3_166796784,3,166796784,NA,NA,NA,NA
S3_166796785,3,166796785,NA,NA,NA,NA
S3_117255120,3,117255120,NA,NA,NA,NA
S5_214499684,5,214499684,NA,NA,NA,NA
S1_239297531,1,239297531,NA,NA,NA,NA
S8_18824135,8,18824135,NA,NA,NA,NA
S2_178362592,2,178362592,NA,NA,NA,NA
S6_1287296,6,1287296,NA,NA,NA,NA
S6_1287297,6,1287297,NA,NA,NA,NA
S6_1287304,6,1287304,NA,NA,NA,NA
S6_1287322,6,1287322,NA,NA,NA,NA
S6_91855297,6,91855297,NA,NA,NA,NA
S6_91855301,6,91855301,NA,NA,NA,NA
S6_91855302,6,91855302,NA,NA,NA,NA
S6_91855303,6,91855303,NA,NA,NA,NA
S1_282528903,1,282528903,NA,NA,NA,NA
S10_4879546,10,4879546,NA,NA,NA,NA
S2_15023225,2,15023225,NA,NA,NA,NA
S2_15023242,2,15023242,NA,NA,NA,NA
S9_137154492,9,137154492,NA,NA,NA,NA
S10_14908520,10,14908520,NA,NA,NA,NA
S3_201948067,3,201948067,NA,NA,NA,NA
S8_63266841,8,63266841,NA,NA,NA,NA
S2_64937538,2,64937538,NA,NA,NA,NA
S5_175603789,5,175603789,NA,NA,NA,NA
S4_157767803,4,157767803,NA,NA,NA,NA
S5_194110629,5,194110629,NA,NA,NA,NA
S1_268880779,1,268880779,NA,NA,NA,NA
S1_102246549,1,102246549,NA,NA,NA,NA
S3_146251234,3,146251234,NA,NA,NA,NA
S9_120361999,9,120361999,NA,NA,NA,NA
S2_174677786,2,174677786,NA,NA,NA,NA
S5_6140552,5,6140552,NA,NA,NA,NA
S8_71061430,8,71061430,NA,NA,NA,NA
S3_230968187,3,230968187,NA,NA,NA,NA
S4_66285021,4,66285021,NA,NA,NA,NA
S3_130093590,3,130093590,NA,NA,NA,NA
S8_22681622,8,22681622,NA,NA,NA,NA
S6_66201710,6,66201710,NA,NA,NA,NA
S7_169257081,7,169257081,NA,NA,NA,NA
S2_236351321,2,236351321,NA,NA,NA,NA
S3_217561371,3,217561371,NA,NA,NA,NA
S1_92244130,1,92244130,NA,NA,NA,NA
S1_285139779,1,285139779,NA,NA,NA,NA
S6_8141013,6,8141013,NA,NA,NA,NA
S1_17673559,1,17673559,NA,NA,NA,NA
S5_50552660,5,50552660,NA,NA,NA,NA
S5_50552665,5,50552665,NA,NA,NA,NA
S5_189198065,5,189198065,NA,NA,NA,NA
S2_17862180,2,17862180,NA,NA,NA,NA
S6_131357574,6,131357574,NA,NA,NA,NA
S5_14803060,5,14803060,NA,NA,NA,NA
S8_114026276,8,114026276,NA,NA,NA,NA
S10_145949555,10,145949555,NA,NA,NA,NA
S6_88911200,6,88911200,NA,NA,NA,NA
S7_137278372,7,137278372,NA,NA,NA,NA
S3_217096387,3,217096387,NA,NA,NA,NA
S9_14114158,9,14114158,NA,NA,NA,NA
S1_216300645,1,216300645,NA,NA,NA,NA
S5_160660676,5,160660676,NA,NA,NA,NA
S2_45987102,2,45987102,NA,NA,NA,NA
S9_105252479,9,105252479,NA,NA,NA,NA
S3_4542433,3,4542433,NA,NA,NA,NA
S9_99848461,9,99848461,NA,NA,NA,NA
S5_194110624,5,194110624,NA,NA,NA,NA
S3_156481259,3,156481259,NA,NA,NA,NA
S6_135792875,6,135792875,NA,NA,NA,NA
S5_200292412,5,200292412,NA,NA,NA,NA
S5_174937204,5,174937204,NA,NA,NA,NA
S7_165800772,7,165800772,NA,NA,NA,NA
S9_133941800,9,133941800,NA,NA,NA,NA
S1_164951729,1,164951729,NA,NA,NA,NA
S10_141574617,10,141574617,NA,NA,NA,NA
S4_26285325,4,26285325,NA,NA,NA,NA
S6_142752236,6,142752236,NA,NA,NA,NA
S1_273099624,1,273099624,NA,NA,NA,NA
S2_208129993,2,208129993,NA,NA,NA,NA
S10_73205950,10,73205950,NA,NA,NA,NA
S1_276695941,1,276695941,NA,NA,NA,NA
S7_28818265,7,28818265,NA,NA,NA,NA
S5_63709684,5,63709684,NA,NA,NA,NA
S10_4911610,10,4911610,NA,NA,NA,NA
S6_105752793,6,105752793,NA,NA,NA,NA
S2_224536529,2,224536529,NA,NA,NA,NA
S2_216598268,2,216598268,NA,NA,NA,NA
S3_154667908,3,154667908,NA,NA,NA,NA
S1_19558745,1,19558745,NA,NA,NA,NA
S1_188014579,1,188014579,NA,NA,NA,NA
S4_193350893,4,193350893,NA,NA,NA,NA
S7_9709504,7,9709504,NA,NA,NA,NA
S10_114772004,10,114772004,NA,NA,NA,NA
S5_18276908,5,18276908,NA,NA,NA,NA
S1_165069478,1,165069478,NA,NA,NA,NA
S7_26774719,7,26774719,NA,NA,NA,NA
S1_4446759,1,4446759,NA,NA,NA,NA
S2_10657216,2,10657216,NA,NA,NA,NA
S7_155961841,7,155961841,NA,NA,NA,NA
S9_8433747,9,8433747,NA,NA,NA,NA
S9_137289919,9,137289919,NA,NA,NA,NA
S9_137289920,9,137289920,NA,NA,NA,NA
S7_117525662,7,117525662,NA,NA,NA,NA
S10_121721009,10,121721009,NA,NA,NA,NA
S4_179661322,4,179661322,NA,NA,NA,NA
S8_158116081,8,158116081,NA,NA,NA,NA
S3_164589170,3,164589170,NA,NA,NA,NA
S8_162834430,8,162834430,NA,NA,NA,NA
S8_88812962,8,88812962,NA,NA,NA,NA
S5_178800185,5,178800185,NA,NA,NA,NA
S1_227834675,1,227834675,NA,NA,NA,NA
S10_125214407,10,125214407,NA,NA,NA,NA
S10_125214408,10,125214408,NA,NA,NA,NA
S10_125214414,10,125214414,NA,NA,NA,NA
S5_74165286,5,74165286,NA,NA,NA,NA
S2_144072244,2,144072244,NA,NA,NA,NA
S2_63942999,2,63942999,NA,NA,NA,NA
S9_101477041,9,101477041,NA,NA,NA,NA
S8_167223892,8,167223892,NA,NA,NA,NA
S8_169665434,8,169665434,NA,NA,NA,NA
S1_281701933,1,281701933,NA,NA,NA,NA
S1_8019592,1,8019592,NA,NA,NA,NA
S6_26651681,6,26651681,NA,NA,NA,NA
S6_26651682,6,26651682,NA,NA,NA,NA
S6_26651684,6,26651684,NA,NA,NA,NA
S6_26651686,6,26651686,NA,NA,NA,NA
S6_26651687,6,26651687,NA,NA,NA,NA
S1_32578053,1,32578053,NA,NA,NA,NA
S8_13686372,8,13686372,NA,NA,NA,NA
S5_168671638,5,168671638,NA,NA,NA,NA
S9_7267068,9,7267068,NA,NA,NA,NA
S3_220678271,3,220678271,NA,NA,NA,NA
S7_147774347,7,147774347,NA,NA,NA,NA
S3_5336226,3,5336226,NA,NA,NA,NA
S3_147970827,3,147970827,NA,NA,NA,NA
S7_157468746,7,157468746,NA,NA,NA,NA
S3_188535989,3,188535989,NA,NA,NA,NA
S10_133111695,10,133111695,NA,NA,NA,NA
S7_76577503,7,76577503,NA,NA,NA,NA
S2_205904801,2,205904801,NA,NA,NA,NA
S7_85579759,7,85579759,NA,NA,NA,NA
S5_179926878,5,179926878,NA,NA,NA,NA
S9_149551756,9,149551756,NA,NA,NA,NA
S3_175987925,3,175987925,NA,NA,NA,NA
S1_225576132,1,225576132,NA,NA,NA,NA
S1_225576135,1,225576135,NA,NA,NA,NA
S5_179015126,5,179015126,NA,NA,NA,NA
S8_11484760,8,11484760,NA,NA,NA,NA
S2_224834454,2,224834454,NA,NA,NA,NA
S5_195185872,5,195185872,NA,NA,NA,NA
S1_58645389,1,58645389,NA,NA,NA,NA
S1_235365775,1,235365775,NA,NA,NA,NA
S8_158116083,8,158116083,NA,NA,NA,NA
S2_36317539,2,36317539,NA,NA,NA,NA
S9_132045430,9,132045430,NA,NA,NA,NA
S9_144038818,9,144038818,NA,NA,NA,NA
S2_44335798,2,44335798,NA,NA,NA,NA
S5_60282370,5,60282370,NA,NA,NA,NA
S10_73624164,10,73624164,NA,NA,NA,NA
S1_56220875,1,56220875,NA,NA,NA,NA
S8_157098175,8,157098175,NA,NA,NA,NA
S2_33465198,2,33465198,NA,NA,NA,NA
S2_20122872,2,20122872,NA,NA,NA,NA
S2_219396738,2,219396738,NA,NA,NA,NA
S10_147589952,10,147589952,NA,NA,NA,NA
S6_147868279,6,147868279,NA,NA,NA,NA
S4_152413190,4,152413190,NA,NA,NA,NA
S7_48162937,7,48162937,NA,NA,NA,NA
S8_169088159,8,169088159,NA,NA,NA,NA
S2_18072927,2,18072927,NA,NA,NA,NA
S3_25921599,3,25921599,NA,NA,NA,NA
S3_230252260,3,230252260,NA,NA,NA,NA
S6_66107980,6,66107980,NA,NA,NA,NA
S4_238437917,4,238437917,NA,NA,NA,NA
S6_148703973,6,148703973,NA,NA,NA,NA
S3_88709121,3,88709121,NA,NA,NA,NA
S7_162398931,7,162398931,NA,NA,NA,NA
S2_222415785,2,222415785,NA,NA,NA,NA
S1_190189944,1,190189944,NA,NA,NA,NA
S8_37672645,8,37672645,NA,NA,NA,NA
S1_258875033,1,258875033,NA,NA,NA,NA
S3_164968585,3,164968585,NA,NA,NA,NA
S6_119686655,6,119686655,NA,NA,NA,NA
S8_140006726,8,140006726,NA,NA,NA,NA
S3_48981585,3,48981585,NA,NA,NA,NA
S5_207732997,5,207732997,NA,NA,NA,NA
S4_71280831,4,71280831,NA,NA,NA,NA
S7_157455779,7,157455779,NA,NA,NA,NA
S5_188455749,5,188455749,NA,NA,NA,NA
S1_179981169,1,179981169,NA,NA,NA,NA
S10_9532405,10,9532405,NA,NA,NA,NA
S1_69882477,1,69882477,NA,NA,NA,NA
S1_69882496,1,69882496,NA,NA,NA,NA
S3_214830251,3,214830251,NA,NA,NA,NA
S3_210526528,3,210526528,NA,NA,NA,NA
S3_210526529,3,210526529,NA,NA,NA,NA
S9_148672399,9,148672399,NA,NA,NA,NA
S1_12169708,1,12169708,NA,NA,NA,NA
S8_156049129,8,156049129,NA,NA,NA,NA
S5_76381650,5,76381650,NA,NA,NA,NA
S2_196740019,2,196740019,NA,NA,NA,NA
S2_207831696,2,207831696,NA,NA,NA,NA
S5_202291114,5,202291114,NA,NA,NA,NA
S2_220624140,2,220624140,NA,NA,NA,NA
S9_116444800,9,116444800,NA,NA,NA,NA
S6_152209047,6,152209047,NA,NA,NA,NA
S10_114114444,10,114114444,NA,NA,NA,NA
S10_4664351,10,4664351,NA,NA,NA,NA
S1_183404570,1,183404570,NA,NA,NA,NA
S4_213777313,4,213777313,NA,NA,NA,NA
S7_34636953,7,34636953,NA,NA,NA,NA
S1_173993221,1,173993221,NA,NA,NA,NA
S3_21564893,3,21564893,NA,NA,NA,NA
S2_55792660,2,55792660,NA,NA,NA,NA
S9_147612170,9,147612170,NA,NA,NA,NA
S5_216492348,5,216492348,NA,NA,NA,NA
S2_155918425,2,155918425,NA,NA,NA,NA
S4_198566279,4,198566279,NA,NA,NA,NA
S4_198132030,4,198132030,NA,NA,NA,NA
S4_198132031,4,198132031,NA,NA,NA,NA
S4_238379672,4,238379672,NA,NA,NA,NA
S9_150868664,9,150868664,NA,NA,NA,NA
S1_52761476,1,52761476,NA,NA,NA,NA
S6_8380897,6,8380897,NA,NA,NA,NA
S9_27637796,9,27637796,NA,NA,NA,NA
S9_100678163,9,100678163,NA,NA,NA,NA
S3_135307679,3,135307679,NA,NA,NA,NA
S2_46750525,2,46750525,NA,NA,NA,NA
S1_107301372,1,107301372,NA,NA,NA,NA
S5_19440326,5,19440326,NA,NA,NA,NA
S9_107841503,9,107841503,NA,NA,NA,NA
S4_204382736,4,204382736,NA,NA,NA,NA
S1_58739851,1,58739851,NA,NA,NA,NA
S9_43274535,9,43274535,NA,NA,NA,NA
S7_94646104,7,94646104,NA,NA,NA,NA
S1_290589390,1,290589390,NA,NA,NA,NA
S1_162463833,1,162463833,NA,NA,NA,NA
S3_12289808,3,12289808,NA,NA,NA,NA
S1_31206057,1,31206057,NA,NA,NA,NA
S9_152258263,9,152258263,NA,NA,NA,NA
S9_41828819,9,41828819,NA,NA,NA,NA
S9_41828826,9,41828826,NA,NA,NA,NA
S2_49015637,2,49015637,NA,NA,NA,NA
S6_85421811,6,85421811,NA,NA,NA,NA
S2_10388535,2,10388535,NA,NA,NA,NA
S1_80167851,1,80167851,NA,NA,NA,NA
S7_142776404,7,142776404,NA,NA,NA,NA
S10_91959378,10,91959378,NA,NA,NA,NA
S3_118065629,3,118065629,NA,NA,NA,NA
S2_155101284,2,155101284,NA,NA,NA,NA
S10_134992172,10,134992172,NA,NA,NA,NA
S8_80225996,8,80225996,NA,NA,NA,NA
S2_9131012,2,9131012,NA,NA,NA,NA
S7_134226818,7,134226818,NA,NA,NA,NA
S1_253378373,1,253378373,NA,NA,NA,NA
S1_258441270,1,258441270,NA,NA,NA,NA
S1_225577446,1,225577446,NA,NA,NA,NA
S6_150741878,6,150741878,NA,NA,NA,NA
S4_217442552,4,217442552,NA,NA,NA,NA
S9_6467716,9,6467716,NA,NA,NA,NA
S10_11749049,10,11749049,NA,NA,NA,NA
S1_52253719,1,52253719,NA,NA,NA,NA
S2_211280867,2,211280867,NA,NA,NA,NA
S5_192222140,5,192222140,NA,NA,NA,NA
S5_192222145,5,192222145,NA,NA,NA,NA
S5_192222160,5,192222160,NA,NA,NA,NA
S5_192222161,5,192222161,NA,NA,NA,NA
S5_192222164,5,192222164,NA,NA,NA,NA
S5_192222166,5,192222166,NA,NA,NA,NA
S4_227889467,4,227889467,NA,NA,NA,NA
S8_172223144,8,172223144,NA,NA,NA,NA
S8_172223148,8,172223148,NA,NA,NA,NA
S7_9077000,7,9077000,NA,NA,NA,NA
S7_9077001,7,9077001,NA,NA,NA,NA
S10_18336944,10,18336944,NA,NA,NA,NA
S2_214504230,2,214504230,NA,NA,NA,NA
S7_170498190,7,170498190,NA,NA,NA,NA
S1_187589178,1,187589178,NA,NA,NA,NA
S1_83522507,1,83522507,NA,NA,NA,NA
S3_141299383,3,141299383,NA,NA,NA,NA
S10_144685908,10,144685908,NA,NA,NA,NA
S9_73923082,9,73923082,NA,NA,NA,NA
S1_155676367,1,155676367,NA,NA,NA,NA
S3_27552247,3,27552247,NA,NA,NA,NA
S5_56903153,5,56903153,NA,NA,NA,NA
S1_180632062,1,180632062,NA,NA,NA,NA
S10_129586123,10,129586123,NA,NA,NA,NA
S5_56376238,5,56376238,NA,NA,NA,NA
S2_209010592,2,209010592,NA,NA,NA,NA
S9_8975472,9,8975472,NA,NA,NA,NA
S1_51322846,1,51322846,NA,NA,NA,NA
S1_295444523,1,295444523,NA,NA,NA,NA
S1_251712062,1,251712062,NA,NA,NA,NA
S1_32091829,1,32091829,NA,NA,NA,NA
S3_67169619,3,67169619,NA,NA,NA,NA
S7_143003918,7,143003918,NA,NA,NA,NA
S7_137335046,7,137335046,NA,NA,NA,NA
S10_141612335,10,141612335,NA,NA,NA,NA
S2_4464978,2,4464978,NA,NA,NA,NA
S1_28794001,1,28794001,NA,NA,NA,NA
S7_140008563,7,140008563,NA,NA,NA,NA
S1_188118669,1,188118669,NA,NA,NA,NA
S1_206158424,1,206158424,NA,NA,NA,NA
S1_206158448,1,206158448,NA,NA,NA,NA
S6_69393871,6,69393871,NA,NA,NA,NA
S10_118963190,10,118963190,NA,NA,NA,NA
S1_182627192,1,182627192,NA,NA,NA,NA
S7_19083780,7,19083780,NA,NA,NA,NA
S3_41265511,3,41265511,NA,NA,NA,NA
S4_127208585,4,127208585,NA,NA,NA,NA
S7_21279236,7,21279236,NA,NA,NA,NA
S10_99206577,10,99206577,NA,NA,NA,NA
S2_236633509,2,236633509,NA,NA,NA,NA
S8_119735517,8,119735517,NA,NA,NA,NA
S2_2476120,2,2476120,NA,NA,NA,NA
S2_51809422,2,51809422,NA,NA,NA,NA
S2_51809431,2,51809431,NA,NA,NA,NA
S3_19785073,3,19785073,NA,NA,NA,NA
S8_158122170,8,158122170,NA,NA,NA,NA
S3_217637711,3,217637711,NA,NA,NA,NA
S3_41191701,3,41191701,NA,NA,NA,NA
S3_19165613,3,19165613,NA,NA,NA,NA
S2_208977447,2,208977447,NA,NA,NA,NA
S3_166796963,3,166796963,NA,NA,NA,NA
S2_140751563,2,140751563,NA,NA,NA,NA
S4_114330776,4,114330776,NA,NA,NA,NA
S10_144685918,10,144685918,NA,NA,NA,NA
S10_144685927,10,144685927,NA,NA,NA,NA
S9_116948047,9,116948047,NA,NA,NA,NA
S6_149560981,6,149560981,NA,NA,NA,NA
S1_193769370,1,193769370,NA,NA,NA,NA
S8_146976549,8,146976549,NA,NA,NA,NA
S8_12990030,8,12990030,NA,NA,NA,NA
S1_229066748,1,229066748,NA,NA,NA,NA
S5_166934276,5,166934276,NA,NA,NA,NA
S5_166934302,5,166934302,NA,NA,NA,NA
S5_166934310,5,166934310,NA,NA,NA,NA
S2_170861025,2,170861025,NA,NA,NA,NA
S6_1540124,6,1540124,NA,NA,NA,NA
S5_23765202,5,23765202,NA,NA,NA,NA
S2_117313281,2,117313281,NA,NA,NA,NA
S6_137086135,6,137086135,NA,NA,NA,NA
S2_27592426,2,27592426,NA,NA,NA,NA
S10_99286029,10,99286029,NA,NA,NA,NA
S10_99286034,10,99286034,NA,NA,NA,NA
S5_175598469,5,175598469,NA,NA,NA,NA
S7_172572368,7,172572368,NA,NA,NA,NA
S1_275690564,1,275690564,NA,NA,NA,NA
S10_148640611,10,148640611,NA,NA,NA,NA
S2_51809419,2,51809419,NA,NA,NA,NA
S2_51809420,2,51809420,NA,NA,NA,NA
S4_23790641,4,23790641,NA,NA,NA,NA
S8_76034481,8,76034481,NA,NA,NA,NA
S3_231824497,3,231824497,NA,NA,NA,NA
S3_89608510,3,89608510,NA,NA,NA,NA
S8_135452512,8,135452512,NA,NA,NA,NA
S1_222398232,1,222398232,NA,NA,NA,NA
S1_258441208,1,258441208,NA,NA,NA,NA
S1_47906726,1,47906726,NA,NA,NA,NA
S5_8814761,5,8814761,NA,NA,NA,NA
S4_169969839,4,169969839,NA,NA,NA,NA
S5_190915274,5,190915274,NA,NA,NA,NA
S5_190915291,5,190915291,NA,NA,NA,NA
S2_12352767,2,12352767,NA,NA,NA,NA
S10_136707288,10,136707288,NA,NA,NA,NA
S5_9908808,5,9908808,NA,NA,NA,NA
S2_83555606,2,83555606,NA,NA,NA,NA
S10_102876241,10,102876241,NA,NA,NA,NA
S6_106468091,6,106468091,NA,NA,NA,NA
S6_106468135,6,106468135,NA,NA,NA,NA
S6_153234227,6,153234227,NA,NA,NA,NA
S3_216794873,3,216794873,NA,NA,NA,NA
S4_116134810,4,116134810,NA,NA,NA,NA
S5_200687391,5,200687391,NA,NA,NA,NA
S1_33317811,1,33317811,NA,NA,NA,NA
S10_31014424,10,31014424,NA,NA,NA,NA
S4_178571924,4,178571924,NA,NA,NA,NA
S3_156638150,3,156638150,NA,NA,NA,NA
S5_181582906,5,181582906,NA,NA,NA,NA
S2_129307480,2,129307480,NA,NA,NA,NA
S2_147618156,2,147618156,NA,NA,NA,NA
S2_147618158,2,147618158,NA,NA,NA,NA
S2_4168762,2,4168762,NA,NA,NA,NA
S1_250066649,1,250066649,NA,NA,NA,NA
S8_13686361,8,13686361,NA,NA,NA,NA
S5_18276994,5,18276994,NA,NA,NA,NA
S1_237458280,1,237458280,NA,NA,NA,NA
S1_52467139,1,52467139,NA,NA,NA,NA
S5_63229569,5,63229569,NA,NA,NA,NA
S4_17829155,4,17829155,NA,NA,NA,NA
S2_10495415,2,10495415,NA,NA,NA,NA
S2_28315721,2,28315721,NA,NA,NA,NA
S1_282745436,1,282745436,NA,NA,NA,NA
S5_87115905,5,87115905,NA,NA,NA,NA
S4_172774063,4,172774063,NA,NA,NA,NA
S2_189721263,2,189721263,NA,NA,NA,NA
S2_194162636,2,194162636,NA,NA,NA,NA
S1_276302540,1,276302540,NA,NA,NA,NA
S5_188667308,5,188667308,NA,NA,NA,NA
S9_41517786,9,41517786,NA,NA,NA,NA
S5_54534228,5,54534228,NA,NA,NA,NA
S8_18349980,8,18349980,NA,NA,NA,NA
S3_2146384,3,2146384,NA,NA,NA,NA
S3_2146387,3,2146387,NA,NA,NA,NA
S2_26884394,2,26884394,NA,NA,NA,NA
S10_61678110,10,61678110,NA,NA,NA,NA
S10_138027443,10,138027443,NA,NA,NA,NA
S10_133312619,10,133312619,NA,NA,NA,NA
S4_175273393,4,175273393,NA,NA,NA,NA
S6_91299380,6,91299380,NA,NA,NA,NA
S3_176805743,3,176805743,NA,NA,NA,NA
S2_234031243,2,234031243,NA,NA,NA,NA
S4_151817929,4,151817929,NA,NA,NA,NA
S4_151817956,4,151817956,NA,NA,NA,NA
S5_200118389,5,200118389,NA,NA,NA,NA
S5_200118390,5,200118390,NA,NA,NA,NA
S8_130729841,8,130729841,NA,NA,NA,NA
S5_24618080,5,24618080,NA,NA,NA,NA
S5_24618082,5,24618082,NA,NA,NA,NA
S5_24618085,5,24618085,NA,NA,NA,NA
S4_31123084,4,31123084,NA,NA,NA,NA
S4_15938016,4,15938016,NA,NA,NA,NA
S4_15938031,4,15938031,NA,NA,NA,NA
S4_15938035,4,15938035,NA,NA,NA,NA
S4_15938036,4,15938036,NA,NA,NA,NA
S4_15938062,4,15938062,NA,NA,NA,NA
S3_166245052,3,166245052,NA,NA,NA,NA
S4_151684501,4,151684501,NA,NA,NA,NA
S6_35893383,6,35893383,NA,NA,NA,NA
S2_29523959,2,29523959,NA,NA,NA,NA
S1_80165424,1,80165424,NA,NA,NA,NA
S1_42853787,1,42853787,NA,NA,NA,NA
S5_32012190,5,32012190,NA,NA,NA,NA
S9_88927008,9,88927008,NA,NA,NA,NA
S10_21218035,10,21218035,NA,NA,NA,NA
S3_185256812,3,185256812,NA,NA,NA,NA
S9_7623944,9,7623944,NA,NA,NA,NA
S2_220672124,2,220672124,NA,NA,NA,NA
S9_138608265,9,138608265,NA,NA,NA,NA
S8_130729873,8,130729873,NA,NA,NA,NA
S7_166738422,7,166738422,NA,NA,NA,NA
S2_222731285,2,222731285,NA,NA,NA,NA
S10_81181503,10,81181503,NA,NA,NA,NA
S1_109636320,1,109636320,NA,NA,NA,NA
S2_208376717,2,208376717,NA,NA,NA,NA
S5_204179312,5,204179312,NA,NA,NA,NA
S9_120748415,9,120748415,NA,NA,NA,NA
S4_17721963,4,17721963,NA,NA,NA,NA
S5_85074949,5,85074949,NA,NA,NA,NA
S5_85074972,5,85074972,NA,NA,NA,NA
S3_211685092,3,211685092,NA,NA,NA,NA
S6_113935097,6,113935097,NA,NA,NA,NA
S10_112203949,10,112203949,NA,NA,NA,NA
S1_184127329,1,184127329,NA,NA,NA,NA
S8_114019352,8,114019352,NA,NA,NA,NA
S2_16037835,2,16037835,NA,NA,NA,NA
S2_26294075,2,26294075,NA,NA,NA,NA
S6_106763925,6,106763925,NA,NA,NA,NA
S6_106763932,6,106763932,NA,NA,NA,NA
S6_106763935,6,106763935,NA,NA,NA,NA
S8_163655067,8,163655067,NA,NA,NA,NA
S8_168940878,8,168940878,NA,NA,NA,NA
S7_145179585,7,145179585,NA,NA,NA,NA
S3_209840953,3,209840953,NA,NA,NA,NA
S2_183941693,2,183941693,NA,NA,NA,NA
S2_183941695,2,183941695,NA,NA,NA,NA
S3_113425715,3,113425715,NA,NA,NA,NA
S1_245791523,1,245791523,NA,NA,NA,NA
S1_245791528,1,245791528,NA,NA,NA,NA
S10_147589926,10,147589926,NA,NA,NA,NA
S5_186832863,5,186832863,NA,NA,NA,NA
S3_127501051,3,127501051,NA,NA,NA,NA
S2_3937692,2,3937692,NA,NA,NA,NA
S4_202761751,4,202761751,NA,NA,NA,NA
S4_170650975,4,170650975,NA,NA,NA,NA
S5_178243966,5,178243966,NA,NA,NA,NA
S1_184127376,1,184127376,NA,NA,NA,NA
S6_18157473,6,18157473,NA,NA,NA,NA
S7_7268441,7,7268441,NA,NA,NA,NA
S10_16572153,10,16572153,NA,NA,NA,NA
S10_16572156,10,16572156,NA,NA,NA,NA
S9_97035982,9,97035982,NA,NA,NA,NA
S1_290953556,1,290953556,NA,NA,NA,NA
S10_132093991,10,132093991,NA,NA,NA,NA
S7_78347505,7,78347505,NA,NA,NA,NA
S7_152578653,7,152578653,NA,NA,NA,NA
S3_155960563,3,155960563,NA,NA,NA,NA
S2_16870115,2,16870115,NA,NA,NA,NA
S1_6797220,1,6797220,NA,NA,NA,NA
S9_124562610,9,124562610,NA,NA,NA,NA
S6_70951563,6,70951563,NA,NA,NA,NA
S7_103862441,7,103862441,NA,NA,NA,NA
S4_153405646,4,153405646,NA,NA,NA,NA
S4_16603466,4,16603466,NA,NA,NA,NA
S9_100190820,9,100190820,NA,NA,NA,NA
S8_66289355,8,66289355,NA,NA,NA,NA
S1_56752869,1,56752869,NA,NA,NA,NA
S9_147510250,9,147510250,NA,NA,NA,NA
S7_166168446,7,166168446,NA,NA,NA,NA
S1_97678979,1,97678979,NA,NA,NA,NA
S3_1692122,3,1692122,NA,NA,NA,NA
S1_12209953,1,12209953,NA,NA,NA,NA
S3_228987774,3,228987774,NA,NA,NA,NA
S10_148410204,10,148410204,NA,NA,NA,NA
S10_89420437,10,89420437,NA,NA,NA,NA
S5_142723230,5,142723230,NA,NA,NA,NA
S7_18626829,7,18626829,NA,NA,NA,NA
S4_233627332,4,233627332,NA,NA,NA,NA
S7_165800696,7,165800696,NA,NA,NA,NA
S10_1917171,10,1917171,NA,NA,NA,NA
S8_171957852,8,171957852,NA,NA,NA,NA
S6_130840262,6,130840262,NA,NA,NA,NA
S10_136007578,10,136007578,NA,NA,NA,NA
S1_232519040,1,232519040,NA,NA,NA,NA
S4_212596575,4,212596575,NA,NA,NA,NA
S10_33605722,10,33605722,NA,NA,NA,NA
S5_15550358,5,15550358,NA,NA,NA,NA
S4_187417835,4,187417835,NA,NA,NA,NA
S6_96879411,6,96879411,NA,NA,NA,NA
S7_133807333,7,133807333,NA,NA,NA,NA
S2_216609785,2,216609785,NA,NA,NA,NA
S8_37237820,8,37237820,NA,NA,NA,NA
S5_46949279,5,46949279,NA,NA,NA,NA
S8_101775008,8,101775008,NA,NA,NA,NA
S2_101662960,2,101662960,NA,NA,NA,NA
S7_32626892,7,32626892,NA,NA,NA,NA
S3_229386800,3,229386800,NA,NA,NA,NA
S7_23960772,7,23960772,NA,NA,NA,NA
S2_6190873,2,6190873,NA,NA,NA,NA
S2_6190874,2,6190874,NA,NA,NA,NA
S10_80578770,10,80578770,NA,NA,NA,NA
S9_16727370,9,16727370,NA,NA,NA,NA
S3_210749283,3,210749283,NA,NA,NA,NA
S9_151260239,9,151260239,NA,NA,NA,NA
S8_36553640,8,36553640,NA,NA,NA,NA
S5_62026674,5,62026674,NA,NA,NA,NA
S3_132904764,3,132904764,NA,NA,NA,NA
S10_148875887,10,148875887,NA,NA,NA,NA
S10_53978598,10,53978598,NA,NA,NA,NA
S8_165857629,8,165857629,NA,NA,NA,NA
S4_238356946,4,238356946,NA,NA,NA,NA
S2_109491421,2,109491421,NA,NA,NA,NA
S5_86033025,5,86033025,NA,NA,NA,NA
S4_227210387,4,227210387,NA,NA,NA,NA
S2_19320132,2,19320132,NA,NA,NA,NA
S8_22989598,8,22989598,NA,NA,NA,NA
S10_6453663,10,6453663,NA,NA,NA,NA
S10_6453665,10,6453665,NA,NA,NA,NA
S10_6453666,10,6453666,NA,NA,NA,NA
S3_225083976,3,225083976,NA,NA,NA,NA
S2_47559174,2,47559174,NA,NA,NA,NA
S1_193838309,1,193838309,NA,NA,NA,NA
S8_150035880,8,150035880,NA,NA,NA,NA
S9_139700538,9,139700538,NA,NA,NA,NA
S9_139700541,9,139700541,NA,NA,NA,NA
S4_234911336,4,234911336,NA,NA,NA,NA
S3_140831979,3,140831979,NA,NA,NA,NA
S3_230895187,3,230895187,NA,NA,NA,NA
S8_170628393,8,170628393,NA,NA,NA,NA
S2_157237231,2,157237231,NA,NA,NA,NA
S7_26858845,7,26858845,NA,NA,NA,NA
S4_166862495,4,166862495,NA,NA,NA,NA
S4_166862530,4,166862530,NA,NA,NA,NA
S1_224571597,1,224571597,NA,NA,NA,NA
S1_93075450,1,93075450,NA,NA,NA,NA
S10_12084520,10,12084520,NA,NA,NA,NA
S10_12084522,10,12084522,NA,NA,NA,NA
S5_208061214,5,208061214,NA,NA,NA,NA
S2_46751784,2,46751784,NA,NA,NA,NA
S1_21474433,1,21474433,NA,NA,NA,NA
S8_165596679,8,165596679,NA,NA,NA,NA
S6_33622275,6,33622275,NA,NA,NA,NA
S6_33622276,6,33622276,NA,NA,NA,NA
S6_33622277,6,33622277,NA,NA,NA,NA
S1_299902513,1,299902513,NA,NA,NA,NA
S1_185778876,1,185778876,NA,NA,NA,NA
S6_33622319,6,33622319,NA,NA,NA,NA
S5_174619841,5,174619841,NA,NA,NA,NA
S7_129963523,7,129963523,NA,NA,NA,NA
S7_6126926,7,6126926,NA,NA,NA,NA
S10_125195158,10,125195158,NA,NA,NA,NA
S4_185865134,4,185865134,NA,NA,NA,NA
S2_132572194,2,132572194,NA,NA,NA,NA
S5_212206094,5,212206094,NA,NA,NA,NA
S6_154840267,6,154840267,NA,NA,NA,NA
S2_182727261,2,182727261,NA,NA,NA,NA
S5_204625093,5,204625093,NA,NA,NA,NA
S2_196534467,2,196534467,NA,NA,NA,NA
S3_155956212,3,155956212,NA,NA,NA,NA
S6_39371685,6,39371685,NA,NA,NA,NA
S4_228623100,4,228623100,NA,NA,NA,NA
S10_20707126,10,20707126,NA,NA,NA,NA
S1_188936232,1,188936232,NA,NA,NA,NA
S4_238275753,4,238275753,NA,NA,NA,NA
S5_214949998,5,214949998,NA,NA,NA,NA
S4_231205034,4,231205034,NA,NA,NA,NA
S3_27009293,3,27009293,NA,NA,NA,NA
S1_280573117,1,280573117,NA,NA,NA,NA
S7_117242901,7,117242901,NA,NA,NA,NA
S6_128524505,6,128524505,NA,NA,NA,NA
S1_216682782,1,216682782,NA,NA,NA,NA
S10_95437405,10,95437405,NA,NA,NA,NA
S6_128524618,6,128524618,NA,NA,NA,NA
S6_102229893,6,102229893,NA,NA,NA,NA
S6_137290948,6,137290948,NA,NA,NA,NA
S10_145175397,10,145175397,NA,NA,NA,NA
S3_28230713,3,28230713,NA,NA,NA,NA
S10_87099850,10,87099850,NA,NA,NA,NA
S9_152135221,9,152135221,NA,NA,NA,NA
S9_152135222,9,152135222,NA,NA,NA,NA
S5_207898060,5,207898060,NA,NA,NA,NA
S4_141477171,4,141477171,NA,NA,NA,NA
S3_60645494,3,60645494,NA,NA,NA,NA
S1_82797750,1,82797750,NA,NA,NA,NA
S9_153413492,9,153413492,NA,NA,NA,NA
S9_153413497,9,153413497,NA,NA,NA,NA
S4_159640816,4,159640816,NA,NA,NA,NA
S9_567909,9,567909,NA,NA,NA,NA
S9_114552618,9,114552618,NA,NA,NA,NA
S9_5517054,9,5517054,NA,NA,NA,NA
S8_22842739,8,22842739,NA,NA,NA,NA
S4_23527946,4,23527946,NA,NA,NA,NA
S6_2242172,6,2242172,NA,NA,NA,NA
S8_162518193,8,162518193,NA,NA,NA,NA
S2_105418278,2,105418278,NA,NA,NA,NA
S4_178672969,4,178672969,NA,NA,NA,NA
S3_24905335,3,24905335,NA,NA,NA,NA
S4_228623169,4,228623169,NA,NA,NA,NA
S4_35347511,4,35347511,NA,NA,NA,NA
S3_17002464,3,17002464,NA,NA,NA,NA
S1_207528570,1,207528570,NA,NA,NA,NA
S3_152494462,3,152494462,NA,NA,NA,NA
S9_6562252,9,6562252,NA,NA,NA,NA
S2_44262967,2,44262967,NA,NA,NA,NA
S6_160329461,6,160329461,NA,NA,NA,NA
S5_15959590,5,15959590,NA,NA,NA,NA
S10_140737377,10,140737377,NA,NA,NA,NA
S1_68932241,1,68932241,NA,NA,NA,NA
S10_121851076,10,121851076,NA,NA,NA,NA
S2_206081063,2,206081063,NA,NA,NA,NA
S3_125715282,3,125715282,NA,NA,NA,NA
S1_20283463,1,20283463,NA,NA,NA,NA
S6_153099991,6,153099991,NA,NA,NA,NA
S3_220111277,3,220111277,NA,NA,NA,NA
S7_10651835,7,10651835,NA,NA,NA,NA
S3_218013806,3,218013806,NA,NA,NA,NA
S2_195525965,2,195525965,NA,NA,NA,NA
S6_155240668,6,155240668,NA,NA,NA,NA
S9_151665761,9,151665761,NA,NA,NA,NA
S5_8336257,5,8336257,NA,NA,NA,NA
S4_165638054,4,165638054,NA,NA,NA,NA
S9_100789144,9,100789144,NA,NA,NA,NA
S8_119042318,8,119042318,NA,NA,NA,NA
S9_116262773,9,116262773,NA,NA,NA,NA
S6_109285469,6,109285469,NA,NA,NA,NA
S1_188182373,1,188182373,NA,NA,NA,NA
S3_181707833,3,181707833,NA,NA,NA,NA
S7_80309193,7,80309193,NA,NA,NA,NA
S8_8822334,8,8822334,NA,NA,NA,NA
S1_262551171,1,262551171,NA,NA,NA,NA
S9_22802829,9,22802829,NA,NA,NA,NA
S1_199339693,1,199339693,NA,NA,NA,NA
S6_116892795,6,116892795,NA,NA,NA,NA
S4_187771247,4,187771247,NA,NA,NA,NA
S4_240047021,4,240047021,NA,NA,NA,NA
S6_38064792,6,38064792,NA,NA,NA,NA
S10_132322849,10,132322849,NA,NA,NA,NA
S5_205144450,5,205144450,NA,NA,NA,NA
S6_66106935,6,66106935,NA,NA,NA,NA
S1_32839447,1,32839447,NA,NA,NA,NA
S2_216598246,2,216598246,NA,NA,NA,NA
S3_201230364,3,201230364,NA,NA,NA,NA
S9_153188389,9,153188389,NA,NA,NA,NA
S1_65427121,1,65427121,NA,NA,NA,NA
S10_39185028,10,39185028,NA,NA,NA,NA
S1_281164046,1,281164046,NA,NA,NA,NA
S2_12299398,2,12299398,NA,NA,NA,NA
S7_143750765,7,143750765,NA,NA,NA,NA
S9_149270268,9,149270268,NA,NA,NA,NA
S1_4519154,1,4519154,NA,NA,NA,NA
S6_107382219,6,107382219,NA,NA,NA,NA
S1_102891820,1,102891820,NA,NA,NA,NA
S2_32950280,2,32950280,NA,NA,NA,NA
S10_3185554,10,3185554,NA,NA,NA,NA
S10_3185556,10,3185556,NA,NA,NA,NA
S2_8809719,2,8809719,NA,NA,NA,NA
S1_90329417,1,90329417,NA,NA,NA,NA
S3_162587502,3,162587502,NA,NA,NA,NA
S5_181835908,5,181835908,NA,NA,NA,NA
S9_114280243,9,114280243,NA,NA,NA,NA
S7_126779580,7,126779580,NA,NA,NA,NA
S5_156969751,5,156969751,NA,NA,NA,NA
S1_272833015,1,272833015,NA,NA,NA,NA
S5_2923669,5,2923669,NA,NA,NA,NA
S6_164871113,6,164871113,NA,NA,NA,NA
S5_56424671,5,56424671,NA,NA,NA,NA
S10_136706299,10,136706299,NA,NA,NA,NA
S2_187635209,2,187635209,NA,NA,NA,NA
S6_159631792,6,159631792,NA,NA,NA,NA
S4_6601775,4,6601775,NA,NA,NA,NA
S4_239141100,4,239141100,NA,NA,NA,NA
S9_8458872,9,8458872,NA,NA,NA,NA
S7_23960715,7,23960715,NA,NA,NA,NA
S7_23960727,7,23960727,NA,NA,NA,NA
S3_155968195,3,155968195,NA,NA,NA,NA
S9_116752932,9,116752932,NA,NA,NA,NA
S4_173860107,4,173860107,NA,NA,NA,NA
S8_14063823,8,14063823,NA,NA,NA,NA
S10_5875177,10,5875177,NA,NA,NA,NA
S1_274949607,1,274949607,NA,NA,NA,NA
S1_14510422,1,14510422,NA,NA,NA,NA
S7_172941038,7,172941038,NA,NA,NA,NA
S9_127859156,9,127859156,NA,NA,NA,NA
S5_203400593,5,203400593,NA,NA,NA,NA
S5_25713626,5,25713626,NA,NA,NA,NA
S6_153087965,6,153087965,NA,NA,NA,NA
S1_45919016,1,45919016,NA,NA,NA,NA
S3_199028474,3,199028474,NA,NA,NA,NA
S8_161734222,8,161734222,NA,NA,NA,NA
S3_26258281,3,26258281,NA,NA,NA,NA
S3_26258287,3,26258287,NA,NA,NA,NA
S7_140676880,7,140676880,NA,NA,NA,NA
S7_19255852,7,19255852,NA,NA,NA,NA
S10_148535390,10,148535390,NA,NA,NA,NA
S3_35738012,3,35738012,NA,NA,NA,NA
S2_187785970,2,187785970,NA,NA,NA,NA
S2_186176330,2,186176330,NA,NA,NA,NA
S10_148640628,10,148640628,NA,NA,NA,NA
S2_2051889,2,2051889,NA,NA,NA,NA
S3_174335878,3,174335878,NA,NA,NA,NA
S7_170396816,7,170396816,NA,NA,NA,NA
S9_133793196,9,133793196,NA,NA,NA,NA
S10_62373073,10,62373073,NA,NA,NA,NA
S6_137309312,6,137309312,NA,NA,NA,NA
S4_167380073,4,167380073,NA,NA,NA,NA
S10_137830927,10,137830927,NA,NA,NA,NA
S9_122035121,9,122035121,NA,NA,NA,NA
S9_146458777,9,146458777,NA,NA,NA,NA
S5_77255605,5,77255605,NA,NA,NA,NA
S2_5514696,2,5514696,NA,NA,NA,NA
S5_5577090,5,5577090,NA,NA,NA,NA
S8_23423719,8,23423719,NA,NA,NA,NA
S9_153223374,9,153223374,NA,NA,NA,NA
S1_279566359,1,279566359,NA,NA,NA,NA
S1_279566400,1,279566400,NA,NA,NA,NA
S3_133175798,3,133175798,NA,NA,NA,NA
S7_172975557,7,172975557,NA,NA,NA,NA
S10_128022035,10,128022035,NA,NA,NA,NA
S10_128022036,10,128022036,NA,NA,NA,NA
S6_150804916,6,150804916,NA,NA,NA,NA
S6_106342096,6,106342096,NA,NA,NA,NA
S2_3337629,2,3337629,NA,NA,NA,NA
S3_132610732,3,132610732,NA,NA,NA,NA
S3_13484428,3,13484428,NA,NA,NA,NA
S3_13484452,3,13484452,NA,NA,NA,NA
S1_88543707,1,88543707,NA,NA,NA,NA
S9_98495891,9,98495891,NA,NA,NA,NA
S1_156219917,1,156219917,NA,NA,NA,NA
S2_235446852,2,235446852,NA,NA,NA,NA
S3_114890965,3,114890965,NA,NA,NA,NA
S5_13284281,5,13284281,NA,NA,NA,NA
S4_201788902,4,201788902,NA,NA,NA,NA
S5_213736623,5,213736623,NA,NA,NA,NA
S2_209537299,2,209537299,NA,NA,NA,NA
S4_37017705,4,37017705,NA,NA,NA,NA
S4_37017760,4,37017760,NA,NA,NA,NA
S8_165182695,8,165182695,NA,NA,NA,NA
S7_15661023,7,15661023,NA,NA,NA,NA
S1_295548488,1,295548488,NA,NA,NA,NA
S5_204173977,5,204173977,NA,NA,NA,NA
S3_184829683,3,184829683,NA,NA,NA,NA
S9_97803841,9,97803841,NA,NA,NA,NA
S1_298312411,1,298312411,NA,NA,NA,NA
S8_147263914,8,147263914,NA,NA,NA,NA
S2_1102295,2,1102295,NA,NA,NA,NA
S8_156881716,8,156881716,NA,NA,NA,NA
S8_171574988,8,171574988,NA,NA,NA,NA
S7_17534441,7,17534441,NA,NA,NA,NA
S4_80246163,4,80246163,NA,NA,NA,NA
S9_99365555,9,99365555,NA,NA,NA,NA
S10_137673474,10,137673474,NA,NA,NA,NA
S10_9531927,10,9531927,NA,NA,NA,NA
S7_106785438,7,106785438,NA,NA,NA,NA
S5_144812976,5,144812976,NA,NA,NA,NA
S5_188455755,5,188455755,NA,NA,NA,NA
S1_42776602,1,42776602,NA,NA,NA,NA
S1_225576168,1,225576168,NA,NA,NA,NA
S8_7038229,8,7038229,NA,NA,NA,NA
S4_173792884,4,173792884,NA,NA,NA,NA
S4_173792933,4,173792933,NA,NA,NA,NA
S5_215661436,5,215661436,NA,NA,NA,NA
S5_215661439,5,215661439,NA,NA,NA,NA
S10_12746161,10,12746161,NA,NA,NA,NA
S4_48459913,4,48459913,NA,NA,NA,NA
S1_55739262,1,55739262,NA,NA,NA,NA
S8_20671059,8,20671059,NA,NA,NA,NA
S3_214476714,3,214476714,NA,NA,NA,NA
S2_182254200,2,182254200,NA,NA,NA,NA
S6_131958506,6,131958506,NA,NA,NA,NA
S8_174213051,8,174213051,NA,NA,NA,NA
S3_197405566,3,197405566,NA,NA,NA,NA
S4_211080677,4,211080677,NA,NA,NA,NA
S2_191152320,2,191152320,NA,NA,NA,NA
S2_24560658,2,24560658,NA,NA,NA,NA
S4_81525580,4,81525580,NA,NA,NA,NA
S2_20101451,2,20101451,NA,NA,NA,NA
S7_26553088,7,26553088,NA,NA,NA,NA
S1_12169729,1,12169729,NA,NA,NA,NA
S2_173946941,2,173946941,NA,NA,NA,NA
S2_173946943,2,173946943,NA,NA,NA,NA
S2_173946944,2,173946944,NA,NA,NA,NA
S2_173946946,2,173946946,NA,NA,NA,NA
S2_173946947,2,173946947,NA,NA,NA,NA
S9_151987568,9,151987568,NA,NA,NA,NA
S9_151987576,9,151987576,NA,NA,NA,NA
S5_213598686,5,213598686,NA,NA,NA,NA
S9_8974583,9,8974583,NA,NA,NA,NA
S6_9194629,6,9194629,NA,NA,NA,NA
S5_159944968,5,159944968,NA,NA,NA,NA
S5_159944993,5,159944993,NA,NA,NA,NA
S2_47559198,2,47559198,NA,NA,NA,NA
S1_2748931,1,2748931,NA,NA,NA,NA
S1_253719150,1,253719150,NA,NA,NA,NA
S3_92694873,3,92694873,NA,NA,NA,NA
S1_265410494,1,265410494,NA,NA,NA,NA
S4_179804795,4,179804795,NA,NA,NA,NA
S7_121191981,7,121191981,NA,NA,NA,NA
S8_67724347,8,67724347,NA,NA,NA,NA
S1_6412119,1,6412119,NA,NA,NA,NA
S1_6412123,1,6412123,NA,NA,NA,NA
S5_57505813,5,57505813,NA,NA,NA,NA
S5_4103175,5,4103175,NA,NA,NA,NA
S3_38053714,3,38053714,NA,NA,NA,NA
S4_911253,4,911253,NA,NA,NA,NA
S2_108932810,2,108932810,NA,NA,NA,NA
S10_87084240,10,87084240,NA,NA,NA,NA
S3_160671655,3,160671655,NA,NA,NA,NA
S8_60877596,8,60877596,NA,NA,NA,NA
S2_103047331,2,103047331,NA,NA,NA,NA
S2_62100025,2,62100025,NA,NA,NA,NA
S8_135957632,8,135957632,NA,NA,NA,NA
S6_129841613,6,129841613,NA,NA,NA,NA
S9_36850055,9,36850055,NA,NA,NA,NA
S4_143720240,4,143720240,NA,NA,NA,NA
S5_177385160,5,177385160,NA,NA,NA,NA
S2_3579333,2,3579333,NA,NA,NA,NA
S10_39951551,10,39951551,NA,NA,NA,NA
S8_147498846,8,147498846,NA,NA,NA,NA
S10_58581071,10,58581071,NA,NA,NA,NA
S10_58581109,10,58581109,NA,NA,NA,NA
S9_34703916,9,34703916,NA,NA,NA,NA
S1_273233022,1,273233022,NA,NA,NA,NA
S6_163090669,6,163090669,NA,NA,NA,NA
S3_132330381,3,132330381,NA,NA,NA,NA
S7_3904617,7,3904617,NA,NA,NA,NA
S7_3904618,7,3904618,NA,NA,NA,NA
S7_163512951,7,163512951,NA,NA,NA,NA
S10_24968904,10,24968904,NA,NA,NA,NA
S8_22683226,8,22683226,NA,NA,NA,NA
S5_213532237,5,213532237,NA,NA,NA,NA
S9_32335084,9,32335084,NA,NA,NA,NA
S5_17115798,5,17115798,NA,NA,NA,NA
S2_139434228,2,139434228,NA,NA,NA,NA
S4_158136128,4,158136128,NA,NA,NA,NA
S9_129518196,9,129518196,NA,NA,NA,NA
S6_91852104,6,91852104,NA,NA,NA,NA
S5_185569319,5,185569319,NA,NA,NA,NA
S1_196772733,1,196772733,NA,NA,NA,NA
S1_98355121,1,98355121,NA,NA,NA,NA
S8_165340852,8,165340852,NA,NA,NA,NA
S3_118065660,3,118065660,NA,NA,NA,NA
S2_225127648,2,225127648,NA,NA,NA,NA
S3_9039081,3,9039081,NA,NA,NA,NA
S4_185487706,4,185487706,NA,NA,NA,NA
S3_9070271,3,9070271,NA,NA,NA,NA
S10_121092542,10,121092542,NA,NA,NA,NA
S4_81792230,4,81792230,NA,NA,NA,NA
S10_145015431,10,145015431,NA,NA,NA,NA
S10_145015437,10,145015437,NA,NA,NA,NA
S9_26940422,9,26940422,NA,NA,NA,NA
S2_180526635,2,180526635,NA,NA,NA,NA
S8_113842221,8,113842221,NA,NA,NA,NA
S6_159147778,6,159147778,NA,NA,NA,NA
S2_7959858,2,7959858,NA,NA,NA,NA
S2_6458974,2,6458974,NA,NA,NA,NA
S9_27957814,9,27957814,NA,NA,NA,NA
S2_208537056,2,208537056,NA,NA,NA,NA
S4_131752902,4,131752902,NA,NA,NA,NA
S5_193554944,5,193554944,NA,NA,NA,NA
S9_131520434,9,131520434,NA,NA,NA,NA
S10_96398949,10,96398949,NA,NA,NA,NA
S1_220335671,1,220335671,NA,NA,NA,NA
S10_141271419,10,141271419,NA,NA,NA,NA
S1_170473466,1,170473466,NA,NA,NA,NA
S1_170473485,1,170473485,NA,NA,NA,NA
S1_170473488,1,170473488,NA,NA,NA,NA
S10_132255562,10,132255562,NA,NA,NA,NA
S5_54416006,5,54416006,NA,NA,NA,NA
S1_298688652,1,298688652,NA,NA,NA,NA
S5_173760792,5,173760792,NA,NA,NA,NA
S1_280716025,1,280716025,NA,NA,NA,NA
S2_223284702,2,223284702,NA,NA,NA,NA
S9_151976832,9,151976832,NA,NA,NA,NA
S8_161558706,8,161558706,NA,NA,NA,NA
S2_24873409,2,24873409,NA,NA,NA,NA
S1_245870594,1,245870594,NA,NA,NA,NA
S5_156969760,5,156969760,NA,NA,NA,NA
S5_203210193,5,203210193,NA,NA,NA,NA
S6_118827890,6,118827890,NA,NA,NA,NA
S4_18583758,4,18583758,NA,NA,NA,NA
S6_130344572,6,130344572,NA,NA,NA,NA
S3_216989158,3,216989158,NA,NA,NA,NA
S5_211180947,5,211180947,NA,NA,NA,NA
S3_151726639,3,151726639,NA,NA,NA,NA
S2_189722347,2,189722347,NA,NA,NA,NA
S3_92149236,3,92149236,NA,NA,NA,NA
S3_223306062,3,223306062,NA,NA,NA,NA
S9_136379130,9,136379130,NA,NA,NA,NA
S4_183922136,4,183922136,NA,NA,NA,NA
S8_146615816,8,146615816,NA,NA,NA,NA
S8_3293123,8,3293123,NA,NA,NA,NA
S6_3869818,6,3869818,NA,NA,NA,NA
S6_97108712,6,97108712,NA,NA,NA,NA
S2_136178609,2,136178609,NA,NA,NA,NA
S10_29536922,10,29536922,NA,NA,NA,NA
S5_204625155,5,204625155,NA,NA,NA,NA
S10_4664359,10,4664359,NA,NA,NA,NA
S8_167988068,8,167988068,NA,NA,NA,NA
S7_124755675,7,124755675,NA,NA,NA,NA
S8_148482696,8,148482696,NA,NA,NA,NA
S8_148482717,8,148482717,NA,NA,NA,NA
S8_148482731,8,148482731,NA,NA,NA,NA
S3_184065503,3,184065503,NA,NA,NA,NA
S3_184065504,3,184065504,NA,NA,NA,NA
S7_158960918,7,158960918,NA,NA,NA,NA
S2_41733985,2,41733985,NA,NA,NA,NA
S6_159631776,6,159631776,NA,NA,NA,NA
S9_14646819,9,14646819,NA,NA,NA,NA
S6_8145909,6,8145909,NA,NA,NA,NA
S4_233993433,4,233993433,NA,NA,NA,NA
S1_257972121,1,257972121,NA,NA,NA,NA
S1_257972124,1,257972124,NA,NA,NA,NA
S4_25789794,4,25789794,NA,NA,NA,NA
S3_156964693,3,156964693,NA,NA,NA,NA
S3_1713785,3,1713785,NA,NA,NA,NA
S5_62026627,5,62026627,NA,NA,NA,NA
S3_191768944,3,191768944,NA,NA,NA,NA
S3_191768947,3,191768947,NA,NA,NA,NA
S3_156963615,3,156963615,NA,NA,NA,NA
S10_4912059,10,4912059,NA,NA,NA,NA
S4_38544372,4,38544372,NA,NA,NA,NA
S5_186725443,5,186725443,NA,NA,NA,NA
S9_25258468,9,25258468,NA,NA,NA,NA
S9_25258485,9,25258485,NA,NA,NA,NA
S9_25258486,9,25258486,NA,NA,NA,NA
S1_201638346,1,201638346,NA,NA,NA,NA
S1_174525685,1,174525685,NA,NA,NA,NA
S1_277348289,1,277348289,NA,NA,NA,NA
S1_287720040,1,287720040,NA,NA,NA,NA
S1_34386778,1,34386778,NA,NA,NA,NA
S1_287594219,1,287594219,NA,NA,NA,NA
S4_235363848,4,235363848,NA,NA,NA,NA
S4_235363849,4,235363849,NA,NA,NA,NA
S8_16742936,8,16742936,NA,NA,NA,NA
S3_154373154,3,154373154,NA,NA,NA,NA
S2_5467960,2,5467960,NA,NA,NA,NA
S2_147324582,2,147324582,NA,NA,NA,NA
S5_206615813,5,206615813,NA,NA,NA,NA
S7_160029351,7,160029351,NA,NA,NA,NA
S5_13310399,5,13310399,NA,NA,NA,NA
S4_239413515,4,239413515,NA,NA,NA,NA
S4_234501911,4,234501911,NA,NA,NA,NA
S2_175085960,2,175085960,NA,NA,NA,NA
S10_79940553,10,79940553,NA,NA,NA,NA
S1_41436168,1,41436168,NA,NA,NA,NA
S3_108452176,3,108452176,NA,NA,NA,NA
S4_186592324,4,186592324,NA,NA,NA,NA
S4_186942401,4,186942401,NA,NA,NA,NA
S8_164183138,8,164183138,NA,NA,NA,NA
S1_154315590,1,154315590,NA,NA,NA,NA
S8_152972588,8,152972588,NA,NA,NA,NA
S10_77677413,10,77677413,NA,NA,NA,NA
S6_145432233,6,145432233,NA,NA,NA,NA
S6_145432240,6,145432240,NA,NA,NA,NA
S2_204360912,2,204360912,NA,NA,NA,NA
S10_82157458,10,82157458,NA,NA,NA,NA
S5_111342223,5,111342223,NA,NA,NA,NA
S1_287065100,1,287065100,NA,NA,NA,NA
S9_140347076,9,140347076,NA,NA,NA,NA
S1_256693312,1,256693312,NA,NA,NA,NA
S1_3731400,1,3731400,NA,NA,NA,NA
S9_26486051,9,26486051,NA,NA,NA,NA
S7_161347125,7,161347125,NA,NA,NA,NA
S1_273696162,1,273696162,NA,NA,NA,NA
S2_36935036,2,36935036,NA,NA,NA,NA
S4_16301958,4,16301958,NA,NA,NA,NA
S4_16301966,4,16301966,NA,NA,NA,NA
S4_16301973,4,16301973,NA,NA,NA,NA
S1_5055764,1,5055764,NA,NA,NA,NA
S5_213267327,5,213267327,NA,NA,NA,NA
S5_213267361,5,213267361,NA,NA,NA,NA
S7_1794042,7,1794042,NA,NA,NA,NA
S9_147613051,9,147613051,NA,NA,NA,NA
S9_147613053,9,147613053,NA,NA,NA,NA
S9_147613058,9,147613058,NA,NA,NA,NA
S1_240926775,1,240926775,NA,NA,NA,NA
S3_81916561,3,81916561,NA,NA,NA,NA
S4_174012093,4,174012093,NA,NA,NA,NA
S2_86654234,2,86654234,NA,NA,NA,NA
S1_64149845,1,64149845,NA,NA,NA,NA
S10_93685004,10,93685004,NA,NA,NA,NA
S2_180526645,2,180526645,NA,NA,NA,NA
S9_138764784,9,138764784,NA,NA,NA,NA
S10_148536464,10,148536464,NA,NA,NA,NA
S1_276989107,1,276989107,NA,NA,NA,NA
S1_25374667,1,25374667,NA,NA,NA,NA
S3_47462176,3,47462176,NA,NA,NA,NA
S5_62596429,5,62596429,NA,NA,NA,NA
S7_172042506,7,172042506,NA,NA,NA,NA
S6_97945852,6,97945852,NA,NA,NA,NA
S5_193537563,5,193537563,NA,NA,NA,NA
S7_150898513,7,150898513,NA,NA,NA,NA
S7_172108265,7,172108265,NA,NA,NA,NA
S2_12628755,2,12628755,NA,NA,NA,NA
S3_32110772,3,32110772,NA,NA,NA,NA
S4_237777464,4,237777464,NA,NA,NA,NA
S4_150819013,4,150819013,NA,NA,NA,NA
S10_77109275,10,77109275,NA,NA,NA,NA
S10_142369564,10,142369564,NA,NA,NA,NA
S10_142369567,10,142369567,NA,NA,NA,NA
S10_142369577,10,142369577,NA,NA,NA,NA
S7_8569500,7,8569500,NA,NA,NA,NA
S1_269126064,1,269126064,NA,NA,NA,NA
S1_269126068,1,269126068,NA,NA,NA,NA
S1_269126074,1,269126074,NA,NA,NA,NA
S1_207133559,1,207133559,NA,NA,NA,NA
S3_197521084,3,197521084,NA,NA,NA,NA
S1_119144429,1,119144429,NA,NA,NA,NA
S10_110205731,10,110205731,NA,NA,NA,NA
S10_110205733,10,110205733,NA,NA,NA,NA
S1_216581275,1,216581275,NA,NA,NA,NA
S1_216581276,1,216581276,NA,NA,NA,NA
S3_170772472,3,170772472,NA,NA,NA,NA
S2_209543313,2,209543313,NA,NA,NA,NA
S1_19642472,1,19642472,NA,NA,NA,NA
S9_137786926,9,137786926,NA,NA,NA,NA
S3_229386814,3,229386814,NA,NA,NA,NA
S2_22069755,2,22069755,NA,NA,NA,NA
S1_12098994,1,12098994,NA,NA,NA,NA
S3_7938947,3,7938947,NA,NA,NA,NA
S6_35895325,6,35895325,NA,NA,NA,NA
S2_228804534,2,228804534,NA,NA,NA,NA
S5_5780502,5,5780502,NA,NA,NA,NA
S4_6601989,4,6601989,NA,NA,NA,NA
S5_4266666,5,4266666,NA,NA,NA,NA
S4_228554104,4,228554104,NA,NA,NA,NA
S3_3551064,3,3551064,NA,NA,NA,NA
S1_253135184,1,253135184,NA,NA,NA,NA
S3_121437393,3,121437393,NA,NA,NA,NA
S3_121437394,3,121437394,NA,NA,NA,NA
S7_158367476,7,158367476,NA,NA,NA,NA
S1_119698145,1,119698145,NA,NA,NA,NA
S1_270031325,1,270031325,NA,NA,NA,NA
S5_205181739,5,205181739,NA,NA,NA,NA
S4_10901447,4,10901447,NA,NA,NA,NA
S7_26599637,7,26599637,NA,NA,NA,NA
S3_34671937,3,34671937,NA,NA,NA,NA
S3_34671947,3,34671947,NA,NA,NA,NA
S5_212820000,5,212820000,NA,NA,NA,NA
S1_17680181,1,17680181,NA,NA,NA,NA
S7_92393268,7,92393268,NA,NA,NA,NA
S3_211719003,3,211719003,NA,NA,NA,NA
S8_167193161,8,167193161,NA,NA,NA,NA
S5_62595664,5,62595664,NA,NA,NA,NA
S9_151661474,9,151661474,NA,NA,NA,NA
S5_6436583,5,6436583,NA,NA,NA,NA
S3_229865937,3,229865937,NA,NA,NA,NA
S10_145096127,10,145096127,NA,NA,NA,NA
S1_274950976,1,274950976,NA,NA,NA,NA
S5_176611331,5,176611331,NA,NA,NA,NA
S8_139712997,8,139712997,NA,NA,NA,NA
S4_232932551,4,232932551,NA,NA,NA,NA
S3_2117961,3,2117961,NA,NA,NA,NA
S9_149753022,9,149753022,NA,NA,NA,NA
S6_31649761,6,31649761,NA,NA,NA,NA
S5_196407862,5,196407862,NA,NA,NA,NA
S8_127624056,8,127624056,NA,NA,NA,NA
S1_287594303,1,287594303,NA,NA,NA,NA
S10_19578396,10,19578396,NA,NA,NA,NA
S10_19578419,10,19578419,NA,NA,NA,NA
S4_201463165,4,201463165,NA,NA,NA,NA
S1_170717523,1,170717523,NA,NA,NA,NA
S7_128139766,7,128139766,NA,NA,NA,NA
S1_25415174,1,25415174,NA,NA,NA,NA
S9_144879045,9,144879045,NA,NA,NA,NA
S1_206903589,1,206903589,NA,NA,NA,NA
S10_10288801,10,10288801,NA,NA,NA,NA
S10_1883750,10,1883750,NA,NA,NA,NA
S3_10466326,3,10466326,NA,NA,NA,NA
S5_8351094,5,8351094,NA,NA,NA,NA
S5_8351103,5,8351103,NA,NA,NA,NA
S2_182345572,2,182345572,NA,NA,NA,NA
S6_134847659,6,134847659,NA,NA,NA,NA
S10_121540594,10,121540594,NA,NA,NA,NA
S7_1315981,7,1315981,NA,NA,NA,NA
S10_108118117,10,108118117,NA,NA,NA,NA
S2_10474476,2,10474476,NA,NA,NA,NA
S10_137422888,10,137422888,NA,NA,NA,NA
S4_35219657,4,35219657,NA,NA,NA,NA
S1_207133601,1,207133601,NA,NA,NA,NA
S8_68269330,8,68269330,NA,NA,NA,NA
S8_111803807,8,111803807,NA,NA,NA,NA
S3_130047241,3,130047241,NA,NA,NA,NA
S6_153770451,6,153770451,NA,NA,NA,NA
S6_153770453,6,153770453,NA,NA,NA,NA
S4_216657647,4,216657647,NA,NA,NA,NA
S2_23118109,2,23118109,NA,NA,NA,NA
S4_36418652,4,36418652,NA,NA,NA,NA
S8_40384873,8,40384873,NA,NA,NA,NA
S1_10036994,1,10036994,NA,NA,NA,NA
S1_299974177,1,299974177,NA,NA,NA,NA
S9_152056366,9,152056366,NA,NA,NA,NA
S7_175208226,7,175208226,NA,NA,NA,NA
S3_7081733,3,7081733,NA,NA,NA,NA
S6_147429865,6,147429865,NA,NA,NA,NA
S5_215300654,5,215300654,NA,NA,NA,NA
S6_159016823,6,159016823,NA,NA,NA,NA
S2_7950070,2,7950070,NA,NA,NA,NA
S2_14805927,2,14805927,NA,NA,NA,NA
S4_37388127,4,37388127,NA,NA,NA,NA
S4_153847579,4,153847579,NA,NA,NA,NA
S1_289564557,1,289564557,NA,NA,NA,NA
S3_4709558,3,4709558,NA,NA,NA,NA
S1_82154568,1,82154568,NA,NA,NA,NA
S7_100324469,7,100324469,NA,NA,NA,NA
S6_141080110,6,141080110,NA,NA,NA,NA
S6_141080117,6,141080117,NA,NA,NA,NA
S3_9935740,3,9935740,NA,NA,NA,NA
S4_118394473,4,118394473,NA,NA,NA,NA
S6_44594230,6,44594230,NA,NA,NA,NA
S6_161864143,6,161864143,NA,NA,NA,NA
S2_63667629,2,63667629,NA,NA,NA,NA
S5_68528199,5,68528199,NA,NA,NA,NA
S7_158037133,7,158037133,NA,NA,NA,NA
S1_104679402,1,104679402,NA,NA,NA,NA
S1_259949212,1,259949212,NA,NA,NA,NA
S1_206123511,1,206123511,NA,NA,NA,NA
S2_14224246,2,14224246,NA,NA,NA,NA
S6_109900344,6,109900344,NA,NA,NA,NA
S4_177122337,4,177122337,NA,NA,NA,NA
S5_7603598,5,7603598,NA,NA,NA,NA
S1_173423064,1,173423064,NA,NA,NA,NA
S8_153897698,8,153897698,NA,NA,NA,NA
S10_2780679,10,2780679,NA,NA,NA,NA
S4_35219546,4,35219546,NA,NA,NA,NA
S2_148913271,2,148913271,NA,NA,NA,NA
S10_62162622,10,62162622,NA,NA,NA,NA
S7_172123753,7,172123753,NA,NA,NA,NA
S10_76406452,10,76406452,NA,NA,NA,NA
S1_206158450,1,206158450,NA,NA,NA,NA
S10_147354682,10,147354682,NA,NA,NA,NA
S3_2770296,3,2770296,NA,NA,NA,NA
S4_210330038,4,210330038,NA,NA,NA,NA
S9_58847221,9,58847221,NA,NA,NA,NA
S9_95077775,9,95077775,NA,NA,NA,NA
S9_66686103,9,66686103,NA,NA,NA,NA
S8_101757452,8,101757452,NA,NA,NA,NA
S5_212619449,5,212619449,NA,NA,NA,NA
S3_50096379,3,50096379,NA,NA,NA,NA
S10_139877733,10,139877733,NA,NA,NA,NA
S2_55250462,2,55250462,NA,NA,NA,NA
S2_200915770,2,200915770,NA,NA,NA,NA
S4_32165382,4,32165382,NA,NA,NA,NA
S1_8885156,1,8885156,NA,NA,NA,NA
S5_209899682,5,209899682,NA,NA,NA,NA
S7_6600624,7,6600624,NA,NA,NA,NA
S7_154749973,7,154749973,NA,NA,NA,NA
S3_38060157,3,38060157,NA,NA,NA,NA
S1_293410573,1,293410573,NA,NA,NA,NA
S7_157595614,7,157595614,NA,NA,NA,NA
S2_186265654,2,186265654,NA,NA,NA,NA
S2_206628816,2,206628816,NA,NA,NA,NA
S4_765896,4,765896,NA,NA,NA,NA
S5_214431408,5,214431408,NA,NA,NA,NA
S8_89967672,8,89967672,NA,NA,NA,NA
S2_43556985,2,43556985,NA,NA,NA,NA
S8_164363096,8,164363096,NA,NA,NA,NA
S5_188825531,5,188825531,NA,NA,NA,NA
S8_22989580,8,22989580,NA,NA,NA,NA
S8_22989581,8,22989581,NA,NA,NA,NA
S8_22989584,8,22989584,NA,NA,NA,NA
S8_22989589,8,22989589,NA,NA,NA,NA
S8_22989595,8,22989595,NA,NA,NA,NA
S6_55649925,6,55649925,NA,NA,NA,NA
S9_127854268,9,127854268,NA,NA,NA,NA
S4_149745320,4,149745320,NA,NA,NA,NA
S6_155758032,6,155758032,NA,NA,NA,NA
S5_196034125,5,196034125,NA,NA,NA,NA
S6_166886037,6,166886037,NA,NA,NA,NA
S10_141832998,10,141832998,NA,NA,NA,NA
S2_216504824,2,216504824,NA,NA,NA,NA
S2_34697978,2,34697978,NA,NA,NA,NA
S9_63126389,9,63126389,NA,NA,NA,NA
S5_167587054,5,167587054,NA,NA,NA,NA
S1_236916133,1,236916133,NA,NA,NA,NA
S1_236916134,1,236916134,NA,NA,NA,NA
S1_236916154,1,236916154,NA,NA,NA,NA
S10_54170353,10,54170353,NA,NA,NA,NA
S3_17174867,3,17174867,NA,NA,NA,NA
S3_57990448,3,57990448,NA,NA,NA,NA
S1_245524253,1,245524253,NA,NA,NA,NA
S1_82510986,1,82510986,NA,NA,NA,NA
S1_9048409,1,9048409,NA,NA,NA,NA
S2_222415684,2,222415684,NA,NA,NA,NA
S2_222415692,2,222415692,NA,NA,NA,NA
S5_70885906,5,70885906,NA,NA,NA,NA
S8_164896027,8,164896027,NA,NA,NA,NA
S5_59268739,5,59268739,NA,NA,NA,NA
S9_153191467,9,153191467,NA,NA,NA,NA
S6_127894985,6,127894985,NA,NA,NA,NA
S7_93086764,7,93086764,NA,NA,NA,NA
S1_206123661,1,206123661,NA,NA,NA,NA
S3_33757503,3,33757503,NA,NA,NA,NA
S8_170610702,8,170610702,NA,NA,NA,NA
S4_205771373,4,205771373,NA,NA,NA,NA
S8_162586783,8,162586783,NA,NA,NA,NA
S3_211759597,3,211759597,NA,NA,NA,NA
S1_207528674,1,207528674,NA,NA,NA,NA
S1_207528699,1,207528699,NA,NA,NA,NA
S6_36622438,6,36622438,NA,NA,NA,NA
S1_73509211,1,73509211,NA,NA,NA,NA
S3_4339870,3,4339870,NA,NA,NA,NA
S3_4339871,3,4339871,NA,NA,NA,NA
S10_77295941,10,77295941,NA,NA,NA,NA
S6_160337800,6,160337800,NA,NA,NA,NA
S3_3559699,3,3559699,NA,NA,NA,NA
S6_114057011,6,114057011,NA,NA,NA,NA
S3_9383076,3,9383076,NA,NA,NA,NA
S9_5878398,9,5878398,NA,NA,NA,NA
S10_8660170,10,8660170,NA,NA,NA,NA
S10_8660173,10,8660173,NA,NA,NA,NA
S4_229505585,4,229505585,NA,NA,NA,NA
S2_182727274,2,182727274,NA,NA,NA,NA
S2_176638427,2,176638427,NA,NA,NA,NA
S6_150691429,6,150691429,NA,NA,NA,NA
S3_165448341,3,165448341,NA,NA,NA,NA
S7_2712811,7,2712811,NA,NA,NA,NA
S5_208919493,5,208919493,NA,NA,NA,NA
S1_290521309,1,290521309,NA,NA,NA,NA
S2_54296995,2,54296995,NA,NA,NA,NA
S5_179548080,5,179548080,NA,NA,NA,NA
S3_216477959,3,216477959,NA,NA,NA,NA
S3_216477960,3,216477960,NA,NA,NA,NA
S3_216477961,3,216477961,NA,NA,NA,NA
S3_216477962,3,216477962,NA,NA,NA,NA
S8_125197739,8,125197739,NA,NA,NA,NA
S5_25703401,5,25703401,NA,NA,NA,NA
S1_283640764,1,283640764,NA,NA,NA,NA
S1_273336453,1,273336453,NA,NA,NA,NA
S8_129077059,8,129077059,NA,NA,NA,NA
S8_62515431,8,62515431,NA,NA,NA,NA
S8_161526702,8,161526702,NA,NA,NA,NA
S5_2358957,5,2358957,NA,NA,NA,NA
S4_63093011,4,63093011,NA,NA,NA,NA
S1_241508722,1,241508722,NA,NA,NA,NA
S3_162180009,3,162180009,NA,NA,NA,NA
S8_14095291,8,14095291,NA,NA,NA,NA
S7_173181719,7,173181719,NA,NA,NA,NA
S3_200187159,3,200187159,NA,NA,NA,NA
S8_171542423,8,171542423,NA,NA,NA,NA
S1_201485055,1,201485055,NA,NA,NA,NA
S7_148455716,7,148455716,NA,NA,NA,NA
S1_85832212,1,85832212,NA,NA,NA,NA
S8_16693685,8,16693685,NA,NA,NA,NA
S8_2511893,8,2511893,NA,NA,NA,NA
S5_48504742,5,48504742,NA,NA,NA,NA
S2_206217426,2,206217426,NA,NA,NA,NA
S9_64028872,9,64028872,NA,NA,NA,NA
S5_19525129,5,19525129,NA,NA,NA,NA
S10_134584296,10,134584296,NA,NA,NA,NA
S3_226819523,3,226819523,NA,NA,NA,NA
S3_3555808,3,3555808,NA,NA,NA,NA
S10_99206546,10,99206546,NA,NA,NA,NA
S6_153098291,6,153098291,NA,NA,NA,NA
S9_8237059,9,8237059,NA,NA,NA,NA
S9_8433751,9,8433751,NA,NA,NA,NA
S5_11782904,5,11782904,NA,NA,NA,NA
S2_181884345,2,181884345,NA,NA,NA,NA
S3_98455702,3,98455702,NA,NA,NA,NA
S5_87115874,5,87115874,NA,NA,NA,NA
S6_156831204,6,156831204,NA,NA,NA,NA
S5_171518940,5,171518940,NA,NA,NA,NA
S1_206123541,1,206123541,NA,NA,NA,NA
S5_198820647,5,198820647,NA,NA,NA,NA
S8_156439703,8,156439703,NA,NA,NA,NA
S5_171267590,5,171267590,NA,NA,NA,NA
S4_159297856,4,159297856,NA,NA,NA,NA
S7_162093875,7,162093875,NA,NA,NA,NA
S7_21135133,7,21135133,NA,NA,NA,NA
S4_9589727,4,9589727,NA,NA,NA,NA
S8_131220453,8,131220453,NA,NA,NA,NA
S7_48755119,7,48755119,NA,NA,NA,NA
S2_6850493,2,6850493,NA,NA,NA,NA
S4_193350931,4,193350931,NA,NA,NA,NA
S6_25374617,6,25374617,NA,NA,NA,NA
S3_203083406,3,203083406,NA,NA,NA,NA
S2_191771648,2,191771648,NA,NA,NA,NA
S7_14997018,7,14997018,NA,NA,NA,NA
S2_16123899,2,16123899,NA,NA,NA,NA
S5_198820666,5,198820666,NA,NA,NA,NA
S2_195037522,2,195037522,NA,NA,NA,NA
S2_16343354,2,16343354,NA,NA,NA,NA
S5_212027804,5,212027804,NA,NA,NA,NA
S4_17721966,4,17721966,NA,NA,NA,NA
S2_206130165,2,206130165,NA,NA,NA,NA
S2_21007640,2,21007640,NA,NA,NA,NA
S4_174954937,4,174954937,NA,NA,NA,NA
S4_26424920,4,26424920,NA,NA,NA,NA
S7_122966043,7,122966043,NA,NA,NA,NA
S3_190064014,3,190064014,NA,NA,NA,NA
S7_175208219,7,175208219,NA,NA,NA,NA
S6_27967828,6,27967828,NA,NA,NA,NA
S10_8786495,10,8786495,NA,NA,NA,NA
S5_210020048,5,210020048,NA,NA,NA,NA
S7_152586006,7,152586006,NA,NA,NA,NA
S7_152586015,7,152586015,NA,NA,NA,NA
S7_152586016,7,152586016,NA,NA,NA,NA
S6_152073873,6,152073873,NA,NA,NA,NA
S6_85722391,6,85722391,NA,NA,NA,NA
S9_30646283,9,30646283,NA,NA,NA,NA
S4_164087481,4,164087481,NA,NA,NA,NA
S8_131533133,8,131533133,NA,NA,NA,NA
S2_213805584,2,213805584,NA,NA,NA,NA
S2_213805588,2,213805588,NA,NA,NA,NA
S2_213805600,2,213805600,NA,NA,NA,NA
S2_213805616,2,213805616,NA,NA,NA,NA
S4_172833675,4,172833675,NA,NA,NA,NA
S6_159257336,6,159257336,NA,NA,NA,NA
S9_133793005,9,133793005,NA,NA,NA,NA
S10_29536907,10,29536907,NA,NA,NA,NA
S4_237140270,4,237140270,NA,NA,NA,NA
S5_204904330,5,204904330,NA,NA,NA,NA
S5_160165873,5,160165873,NA,NA,NA,NA
S2_2041353,2,2041353,NA,NA,NA,NA
S9_122124476,9,122124476,NA,NA,NA,NA
S6_143498797,6,143498797,NA,NA,NA,NA
S1_36220996,1,36220996,NA,NA,NA,NA
S6_164557883,6,164557883,NA,NA,NA,NA
S8_87084951,8,87084951,NA,NA,NA,NA
S6_123156661,6,123156661,NA,NA,NA,NA
S5_213916315,5,213916315,NA,NA,NA,NA
S9_14646857,9,14646857,NA,NA,NA,NA
S5_171267598,5,171267598,NA,NA,NA,NA
S5_212647436,5,212647436,NA,NA,NA,NA
S2_163451098,2,163451098,NA,NA,NA,NA
S3_165448347,3,165448347,NA,NA,NA,NA
S9_86661665,9,86661665,NA,NA,NA,NA
S8_141803957,8,141803957,NA,NA,NA,NA
S9_101101734,9,101101734,NA,NA,NA,NA
S1_51286935,1,51286935,NA,NA,NA,NA
S10_114852911,10,114852911,NA,NA,NA,NA
S3_191313614,3,191313614,NA,NA,NA,NA
S5_29918651,5,29918651,NA,NA,NA,NA
S1_285077069,1,285077069,NA,NA,NA,NA
S4_191115680,4,191115680,NA,NA,NA,NA
S1_24677190,1,24677190,NA,NA,NA,NA
S2_6634434,2,6634434,NA,NA,NA,NA
S4_42427998,4,42427998,NA,NA,NA,NA
S4_42428001,4,42428001,NA,NA,NA,NA
S2_207829366,2,207829366,NA,NA,NA,NA
S2_157583392,2,157583392,NA,NA,NA,NA
S6_107736467,6,107736467,NA,NA,NA,NA
S1_193873435,1,193873435,NA,NA,NA,NA
S8_13203607,8,13203607,NA,NA,NA,NA
S9_150979334,9,150979334,NA,NA,NA,NA
S5_4945541,5,4945541,NA,NA,NA,NA
S1_54617074,1,54617074,NA,NA,NA,NA
S9_137289925,9,137289925,NA,NA,NA,NA
S1_287720039,1,287720039,NA,NA,NA,NA
S3_15913695,3,15913695,NA,NA,NA,NA
S5_171959908,5,171959908,NA,NA,NA,NA
S9_153841279,9,153841279,NA,NA,NA,NA
S2_186176351,2,186176351,NA,NA,NA,NA
S2_23737492,2,23737492,NA,NA,NA,NA
S4_200185395,4,200185395,NA,NA,NA,NA
S5_215016604,5,215016604,NA,NA,NA,NA
S4_158142747,4,158142747,NA,NA,NA,NA
S9_45195879,9,45195879,NA,NA,NA,NA
S6_127895172,6,127895172,NA,NA,NA,NA
S2_220657541,2,220657541,NA,NA,NA,NA
S1_12344494,1,12344494,NA,NA,NA,NA
S4_153520884,4,153520884,NA,NA,NA,NA
S3_221694875,3,221694875,NA,NA,NA,NA
S6_36623772,6,36623772,NA,NA,NA,NA
S7_1317203,7,1317203,NA,NA,NA,NA
S3_15422072,3,15422072,NA,NA,NA,NA
S8_168482318,8,168482318,NA,NA,NA,NA
S1_2691832,1,2691832,NA,NA,NA,NA
S3_51984900,3,51984900,NA,NA,NA,NA
S5_52506099,5,52506099,NA,NA,NA,NA
S4_17500754,4,17500754,NA,NA,NA,NA
S5_11604071,5,11604071,NA,NA,NA,NA
S3_215373795,3,215373795,NA,NA,NA,NA
S8_146489424,8,146489424,NA,NA,NA,NA
S6_163817724,6,163817724,NA,NA,NA,NA
S5_208997592,5,208997592,NA,NA,NA,NA
S3_175780580,3,175780580,NA,NA,NA,NA
S1_44179087,1,44179087,NA,NA,NA,NA
S10_99522808,10,99522808,NA,NA,NA,NA
S10_99522836,10,99522836,NA,NA,NA,NA
S10_99522843,10,99522843,NA,NA,NA,NA
S1_66013574,1,66013574,NA,NA,NA,NA
S1_264989525,1,264989525,NA,NA,NA,NA
S10_131891955,10,131891955,NA,NA,NA,NA
S7_104885361,7,104885361,NA,NA,NA,NA
S4_113104975,4,113104975,NA,NA,NA,NA
S10_132620330,10,132620330,NA,NA,NA,NA
S3_29095593,3,29095593,NA,NA,NA,NA
S1_12990913,1,12990913,NA,NA,NA,NA
S1_12990921,1,12990921,NA,NA,NA,NA
S3_7081727,3,7081727,NA,NA,NA,NA
S1_11949055,1,11949055,NA,NA,NA,NA
S1_11949102,1,11949102,NA,NA,NA,NA
S3_30232095,3,30232095,NA,NA,NA,NA
S5_178086931,5,178086931,NA,NA,NA,NA
S7_134127498,7,134127498,NA,NA,NA,NA
S5_158546236,5,158546236,NA,NA,NA,NA
S5_158546248,5,158546248,NA,NA,NA,NA
S9_23449729,9,23449729,NA,NA,NA,NA
S4_167185574,4,167185574,NA,NA,NA,NA
S8_91422977,8,91422977,NA,NA,NA,NA
S7_171629310,7,171629310,NA,NA,NA,NA
S7_171629309,7,171629309,NA,NA,NA,NA
S3_137390371,3,137390371,NA,NA,NA,NA
S3_156635962,3,156635962,NA,NA,NA,NA
S6_159257304,6,159257304,NA,NA,NA,NA
S6_159257305,6,159257305,NA,NA,NA,NA
S2_191772093,2,191772093,NA,NA,NA,NA
S1_176844137,1,176844137,NA,NA,NA,NA
S4_39544084,4,39544084,NA,NA,NA,NA
S10_146165277,10,146165277,NA,NA,NA,NA
S10_136833700,10,136833700,NA,NA,NA,NA
S7_70839742,7,70839742,NA,NA,NA,NA
S1_2803659,1,2803659,NA,NA,NA,NA
S7_14618239,7,14618239,NA,NA,NA,NA
S5_86033028,5,86033028,NA,NA,NA,NA
S5_86033031,5,86033031,NA,NA,NA,NA
S3_213775339,3,213775339,NA,NA,NA,NA
S3_160900662,3,160900662,NA,NA,NA,NA
S3_169053730,3,169053730,NA,NA,NA,NA
S5_54612466,5,54612466,NA,NA,NA,NA
S1_295437335,1,295437335,NA,NA,NA,NA
S3_219183195,3,219183195,NA,NA,NA,NA
S3_25921662,3,25921662,NA,NA,NA,NA
S2_16342976,2,16342976,NA,NA,NA,NA
S2_17221709,2,17221709,NA,NA,NA,NA
S10_140743768,10,140743768,NA,NA,NA,NA
S10_140743784,10,140743784,NA,NA,NA,NA
S9_151791139,9,151791139,NA,NA,NA,NA
S10_21218045,10,21218045,NA,NA,NA,NA
S5_6376154,5,6376154,NA,NA,NA,NA
S8_137468567,8,137468567,NA,NA,NA,NA
S1_182169337,1,182169337,NA,NA,NA,NA
S2_66708948,2,66708948,NA,NA,NA,NA
S6_156748611,6,156748611,NA,NA,NA,NA
S5_163294518,5,163294518,NA,NA,NA,NA
S3_194470591,3,194470591,NA,NA,NA,NA
S4_238379791,4,238379791,NA,NA,NA,NA
S8_10011532,8,10011532,NA,NA,NA,NA
S8_22989583,8,22989583,NA,NA,NA,NA
S7_151085503,7,151085503,NA,NA,NA,NA
S5_133331554,5,133331554,NA,NA,NA,NA
S9_58141722,9,58141722,NA,NA,NA,NA
S1_114174544,1,114174544,NA,NA,NA,NA
S6_130527280,6,130527280,NA,NA,NA,NA
S10_4024670,10,4024670,NA,NA,NA,NA
S7_155744825,7,155744825,NA,NA,NA,NA
S2_189219020,2,189219020,NA,NA,NA,NA
S10_99472572,10,99472572,NA,NA,NA,NA
S3_161559514,3,161559514,NA,NA,NA,NA
S2_27373592,2,27373592,NA,NA,NA,NA
S2_233691345,2,233691345,NA,NA,NA,NA
S8_11662403,8,11662403,NA,NA,NA,NA
S5_5382793,5,5382793,NA,NA,NA,NA
S9_140353866,9,140353866,NA,NA,NA,NA
S5_30745357,5,30745357,NA,NA,NA,NA
S8_66406105,8,66406105,NA,NA,NA,NA
S1_289572177,1,289572177,NA,NA,NA,NA
S1_68660614,1,68660614,NA,NA,NA,NA
S1_294710302,1,294710302,NA,NA,NA,NA
S2_220671492,2,220671492,NA,NA,NA,NA
S2_150826644,2,150826644,NA,NA,NA,NA
S6_109900222,6,109900222,NA,NA,NA,NA
S2_185171168,2,185171168,NA,NA,NA,NA
S2_14219745,2,14219745,NA,NA,NA,NA
S2_81808173,2,81808173,NA,NA,NA,NA
S2_6854250,2,6854250,NA,NA,NA,NA
S8_142875409,8,142875409,NA,NA,NA,NA
S7_5324047,7,5324047,NA,NA,NA,NA
S3_211147042,3,211147042,NA,NA,NA,NA
S5_213560320,5,213560320,NA,NA,NA,NA
S3_181815928,3,181815928,NA,NA,NA,NA
S7_142855295,7,142855295,NA,NA,NA,NA
S5_74660994,5,74660994,NA,NA,NA,NA
S2_233748983,2,233748983,NA,NA,NA,NA
S10_3192508,10,3192508,NA,NA,NA,NA
S1_52195245,1,52195245,NA,NA,NA,NA
S1_52195251,1,52195251,NA,NA,NA,NA
S4_170650856,4,170650856,NA,NA,NA,NA
S9_119769607,9,119769607,NA,NA,NA,NA
S7_141546629,7,141546629,NA,NA,NA,NA
S4_217406566,4,217406566,NA,NA,NA,NA
S6_132797110,6,132797110,NA,NA,NA,NA
S5_216088673,5,216088673,NA,NA,NA,NA
S1_271347807,1,271347807,NA,NA,NA,NA
S1_271347816,1,271347816,NA,NA,NA,NA
S9_104483068,9,104483068,NA,NA,NA,NA
S10_4614048,10,4614048,NA,NA,NA,NA
S5_60246768,5,60246768,NA,NA,NA,NA
S4_239141127,4,239141127,NA,NA,NA,NA
S4_174719452,4,174719452,NA,NA,NA,NA
S6_166949302,6,166949302,NA,NA,NA,NA
S2_48661138,2,48661138,NA,NA,NA,NA
S6_125158752,6,125158752,NA,NA,NA,NA
S6_125158769,6,125158769,NA,NA,NA,NA
S6_125158774,6,125158774,NA,NA,NA,NA
S3_204129291,3,204129291,NA,NA,NA,NA
S7_147382034,7,147382034,NA,NA,NA,NA
S1_36214013,1,36214013,NA,NA,NA,NA
S5_7457163,5,7457163,NA,NA,NA,NA
S9_2275433,9,2275433,NA,NA,NA,NA
S3_209024681,3,209024681,NA,NA,NA,NA
S1_271347769,1,271347769,NA,NA,NA,NA
S1_40727204,1,40727204,NA,NA,NA,NA
S9_147335889,9,147335889,NA,NA,NA,NA
S3_228998574,3,228998574,NA,NA,NA,NA
S5_77748104,5,77748104,NA,NA,NA,NA
S2_146706453,2,146706453,NA,NA,NA,NA
S1_251079356,1,251079356,NA,NA,NA,NA
S9_141841282,9,141841282,NA,NA,NA,NA
S5_10687069,5,10687069,NA,NA,NA,NA
S2_60913334,2,60913334,NA,NA,NA,NA
S2_60913335,2,60913335,NA,NA,NA,NA
S2_60913340,2,60913340,NA,NA,NA,NA
S7_152354377,7,152354377,NA,NA,NA,NA
S2_32518810,2,32518810,NA,NA,NA,NA
S9_153520586,9,153520586,NA,NA,NA,NA
S2_51751376,2,51751376,NA,NA,NA,NA
S5_151415881,5,151415881,NA,NA,NA,NA
S10_140746383,10,140746383,NA,NA,NA,NA
S2_19457676,2,19457676,NA,NA,NA,NA
S6_137514889,6,137514889,NA,NA,NA,NA
S7_126518927,7,126518927,NA,NA,NA,NA
S10_127937389,10,127937389,NA,NA,NA,NA
S4_238168312,4,238168312,NA,NA,NA,NA
S2_3417223,2,3417223,NA,NA,NA,NA
S6_63921270,6,63921270,NA,NA,NA,NA
S3_165448324,3,165448324,NA,NA,NA,NA
S6_33638149,6,33638149,NA,NA,NA,NA
S5_213733767,5,213733767,NA,NA,NA,NA
S9_152258232,9,152258232,NA,NA,NA,NA
S7_123850713,7,123850713,NA,NA,NA,NA
S2_12112152,2,12112152,NA,NA,NA,NA
S5_199209620,5,199209620,NA,NA,NA,NA
S2_184260377,2,184260377,NA,NA,NA,NA
S8_113773179,8,113773179,NA,NA,NA,NA
S7_155108793,7,155108793,NA,NA,NA,NA
S3_48102147,3,48102147,NA,NA,NA,NA
S2_195525980,2,195525980,NA,NA,NA,NA
S2_38765165,2,38765165,NA,NA,NA,NA
S7_1315983,7,1315983,NA,NA,NA,NA
S8_61520095,8,61520095,NA,NA,NA,NA
S7_157586490,7,157586490,NA,NA,NA,NA
S10_147997683,10,147997683,NA,NA,NA,NA
S8_162467087,8,162467087,NA,NA,NA,NA
S3_217877750,3,217877750,NA,NA,NA,NA
S5_11597170,5,11597170,NA,NA,NA,NA
S5_11597181,5,11597181,NA,NA,NA,NA
S2_23093362,2,23093362,NA,NA,NA,NA
S10_8786282,10,8786282,NA,NA,NA,NA
S9_101099737,9,101099737,NA,NA,NA,NA
S6_118307796,6,118307796,NA,NA,NA,NA
S5_17376149,5,17376149,NA,NA,NA,NA
S6_42730934,6,42730934,NA,NA,NA,NA
S5_78639330,5,78639330,NA,NA,NA,NA
S7_163575646,7,163575646,NA,NA,NA,NA
S7_163575680,7,163575680,NA,NA,NA,NA
S7_163575683,7,163575683,NA,NA,NA,NA
S8_172891571,8,172891571,NA,NA,NA,NA
S1_202299270,1,202299270,NA,NA,NA,NA
S1_202299273,1,202299273,NA,NA,NA,NA
S10_148426775,10,148426775,NA,NA,NA,NA
S5_200652279,5,200652279,NA,NA,NA,NA
S6_144414340,6,144414340,NA,NA,NA,NA
S9_20870029,9,20870029,NA,NA,NA,NA
S2_104966072,2,104966072,NA,NA,NA,NA
S6_123596729,6,123596729,NA,NA,NA,NA
S8_164175569,8,164175569,NA,NA,NA,NA
S3_88707212,3,88707212,NA,NA,NA,NA
S2_190084226,2,190084226,NA,NA,NA,NA
S9_2275443,9,2275443,NA,NA,NA,NA
S2_226453405,2,226453405,NA,NA,NA,NA
S3_15422102,3,15422102,NA,NA,NA,NA
S5_191630809,5,191630809,NA,NA,NA,NA
S5_76727697,5,76727697,NA,NA,NA,NA
S7_170396804,7,170396804,NA,NA,NA,NA
S3_11534170,3,11534170,NA,NA,NA,NA
S2_2051871,2,2051871,NA,NA,NA,NA
S3_19940325,3,19940325,NA,NA,NA,NA
S4_237488807,4,237488807,NA,NA,NA,NA
S6_111153612,6,111153612,NA,NA,NA,NA
S2_9262674,2,9262674,NA,NA,NA,NA
S4_3210561,4,3210561,NA,NA,NA,NA
S8_161190068,8,161190068,NA,NA,NA,NA
S5_49827081,5,49827081,NA,NA,NA,NA
S8_12933991,8,12933991,NA,NA,NA,NA
S1_56978214,1,56978214,NA,NA,NA,NA
S1_56978215,1,56978215,NA,NA,NA,NA
S1_33423719,1,33423719,NA,NA,NA,NA
S4_236371137,4,236371137,NA,NA,NA,NA
S1_42848269,1,42848269,NA,NA,NA,NA
S8_4555216,8,4555216,NA,NA,NA,NA
S4_163251883,4,163251883,NA,NA,NA,NA
S7_78785391,7,78785391,NA,NA,NA,NA
S1_181705712,1,181705712,NA,NA,NA,NA
S1_181705719,1,181705719,NA,NA,NA,NA
S3_156284329,3,156284329,NA,NA,NA,NA
S3_49566352,3,49566352,NA,NA,NA,NA
S5_53448982,5,53448982,NA,NA,NA,NA
S5_53448992,5,53448992,NA,NA,NA,NA
S6_141470092,6,141470092,NA,NA,NA,NA
S10_101870556,10,101870556,NA,NA,NA,NA
S5_159330958,5,159330958,NA,NA,NA,NA
S3_188664155,3,188664155,NA,NA,NA,NA
S2_232405635,2,232405635,NA,NA,NA,NA
S5_184227425,5,184227425,NA,NA,NA,NA
S7_99385230,7,99385230,NA,NA,NA,NA
S7_99385234,7,99385234,NA,NA,NA,NA
S8_145619849,8,145619849,NA,NA,NA,NA
S8_145619859,8,145619859,NA,NA,NA,NA
S2_21601520,2,21601520,NA,NA,NA,NA
S7_109741118,7,109741118,NA,NA,NA,NA
S7_136571120,7,136571120,NA,NA,NA,NA
S7_136571127,7,136571127,NA,NA,NA,NA
S7_136571150,7,136571150,NA,NA,NA,NA
S3_139507589,3,139507589,NA,NA,NA,NA
S9_100310645,9,100310645,NA,NA,NA,NA
S5_51212142,5,51212142,NA,NA,NA,NA
S7_154180660,7,154180660,NA,NA,NA,NA
S7_154180666,7,154180666,NA,NA,NA,NA
S1_65351053,1,65351053,NA,NA,NA,NA
S10_125301429,10,125301429,NA,NA,NA,NA
S4_62572909,4,62572909,NA,NA,NA,NA
S4_62572919,4,62572919,NA,NA,NA,NA
S3_199278464,3,199278464,NA,NA,NA,NA
S3_10221490,3,10221490,NA,NA,NA,NA
S10_84229674,10,84229674,NA,NA,NA,NA
S3_2117341,3,2117341,NA,NA,NA,NA
S7_168087264,7,168087264,NA,NA,NA,NA
S6_75634068,6,75634068,NA,NA,NA,NA
S8_3629816,8,3629816,NA,NA,NA,NA
S8_171538602,8,171538602,NA,NA,NA,NA
S3_226763940,3,226763940,NA,NA,NA,NA
S3_226763950,3,226763950,NA,NA,NA,NA
S8_53874212,8,53874212,NA,NA,NA,NA
S5_89288229,5,89288229,NA,NA,NA,NA
S9_97141182,9,97141182,NA,NA,NA,NA
S5_175440408,5,175440408,NA,NA,NA,NA
S2_86786482,2,86786482,NA,NA,NA,NA
S2_28671362,2,28671362,NA,NA,NA,NA
S2_184967726,2,184967726,NA,NA,NA,NA
S2_213818294,2,213818294,NA,NA,NA,NA
S7_6435608,7,6435608,NA,NA,NA,NA
S7_13578778,7,13578778,NA,NA,NA,NA
S1_10877061,1,10877061,NA,NA,NA,NA
S4_189294831,4,189294831,NA,NA,NA,NA
S2_18205672,2,18205672,NA,NA,NA,NA
S6_150939861,6,150939861,NA,NA,NA,NA
S2_216847833,2,216847833,NA,NA,NA,NA
S2_134310308,2,134310308,NA,NA,NA,NA
S9_136073229,9,136073229,NA,NA,NA,NA
S1_209120162,1,209120162,NA,NA,NA,NA
S9_101199756,9,101199756,NA,NA,NA,NA
S6_103513635,6,103513635,NA,NA,NA,NA
S8_116980834,8,116980834,NA,NA,NA,NA
S5_30601216,5,30601216,NA,NA,NA,NA
S1_103419435,1,103419435,NA,NA,NA,NA
S3_148291302,3,148291302,NA,NA,NA,NA
S3_41244505,3,41244505,NA,NA,NA,NA
S8_133948506,8,133948506,NA,NA,NA,NA
S10_147238259,10,147238259,NA,NA,NA,NA
S6_153773021,6,153773021,NA,NA,NA,NA
S2_47365077,2,47365077,NA,NA,NA,NA
S7_142782700,7,142782700,NA,NA,NA,NA
S6_162746085,6,162746085,NA,NA,NA,NA
S6_98313734,6,98313734,NA,NA,NA,NA
S10_147891626,10,147891626,NA,NA,NA,NA
S1_16948600,1,16948600,NA,NA,NA,NA
S4_201747411,4,201747411,NA,NA,NA,NA
S8_140008618,8,140008618,NA,NA,NA,NA
S4_3256746,4,3256746,NA,NA,NA,NA
S5_175592632,5,175592632,NA,NA,NA,NA
S10_125195206,10,125195206,NA,NA,NA,NA
S1_199837724,1,199837724,NA,NA,NA,NA
S8_83777803,8,83777803,NA,NA,NA,NA
S7_117512986,7,117512986,NA,NA,NA,NA
S4_158705441,4,158705441,NA,NA,NA,NA
S10_119413214,10,119413214,NA,NA,NA,NA
S9_91421219,9,91421219,NA,NA,NA,NA
S10_138667405,10,138667405,NA,NA,NA,NA
S8_171514476,8,171514476,NA,NA,NA,NA
S2_180192834,2,180192834,NA,NA,NA,NA
S2_180192835,2,180192835,NA,NA,NA,NA
S9_23060289,9,23060289,NA,NA,NA,NA
S1_291901821,1,291901821,NA,NA,NA,NA
S2_16232945,2,16232945,NA,NA,NA,NA
S2_186176309,2,186176309,NA,NA,NA,NA
S3_215903132,3,215903132,NA,NA,NA,NA
S3_162179381,3,162179381,NA,NA,NA,NA
S2_26881506,2,26881506,NA,NA,NA,NA
S5_1051374,5,1051374,NA,NA,NA,NA
S1_207037286,1,207037286,NA,NA,NA,NA
S6_150376069,6,150376069,NA,NA,NA,NA
S3_215373714,3,215373714,NA,NA,NA,NA
S6_62353565,6,62353565,NA,NA,NA,NA
S4_240545083,4,240545083,NA,NA,NA,NA
S7_172975483,7,172975483,NA,NA,NA,NA
S8_29732811,8,29732811,NA,NA,NA,NA
S6_149088343,6,149088343,NA,NA,NA,NA
S9_115182455,9,115182455,NA,NA,NA,NA
S2_4990077,2,4990077,NA,NA,NA,NA
S3_15434855,3,15434855,NA,NA,NA,NA
S10_138027106,10,138027106,NA,NA,NA,NA
S1_162464005,1,162464005,NA,NA,NA,NA
S7_145179563,7,145179563,NA,NA,NA,NA
S6_94761249,6,94761249,NA,NA,NA,NA
S4_9850384,4,9850384,NA,NA,NA,NA
S9_138899602,9,138899602,NA,NA,NA,NA
S9_138899627,9,138899627,NA,NA,NA,NA
S8_18824152,8,18824152,NA,NA,NA,NA
S8_19961824,8,19961824,NA,NA,NA,NA
S2_3339864,2,3339864,NA,NA,NA,NA
S2_187687820,2,187687820,NA,NA,NA,NA
S6_146217676,6,146217676,NA,NA,NA,NA
S6_118694378,6,118694378,NA,NA,NA,NA
S4_18687116,4,18687116,NA,NA,NA,NA
S9_88927112,9,88927112,NA,NA,NA,NA
S1_270355994,1,270355994,NA,NA,NA,NA
S1_34661166,1,34661166,NA,NA,NA,NA
S9_26618598,9,26618598,NA,NA,NA,NA
S4_230756875,4,230756875,NA,NA,NA,NA
S3_136566863,3,136566863,NA,NA,NA,NA
S8_88275249,8,88275249,NA,NA,NA,NA
S10_94002819,10,94002819,NA,NA,NA,NA
S9_140347357,9,140347357,NA,NA,NA,NA
S5_71851473,5,71851473,NA,NA,NA,NA
S1_280088964,1,280088964,NA,NA,NA,NA
S10_133270008,10,133270008,NA,NA,NA,NA
S2_11827089,2,11827089,NA,NA,NA,NA
S4_185181458,4,185181458,NA,NA,NA,NA
S1_296990773,1,296990773,NA,NA,NA,NA
S6_165317033,6,165317033,NA,NA,NA,NA
S9_141712314,9,141712314,NA,NA,NA,NA
S1_150481574,1,150481574,NA,NA,NA,NA
S1_33676845,1,33676845,NA,NA,NA,NA
S4_2409577,4,2409577,NA,NA,NA,NA
S3_216246428,3,216246428,NA,NA,NA,NA
S9_26715220,9,26715220,NA,NA,NA,NA
S3_125714224,3,125714224,NA,NA,NA,NA
S4_197563873,4,197563873,NA,NA,NA,NA
S8_21866862,8,21866862,NA,NA,NA,NA
S5_61697390,5,61697390,NA,NA,NA,NA
S3_13485017,3,13485017,NA,NA,NA,NA
S3_13485018,3,13485018,NA,NA,NA,NA
S5_88664285,5,88664285,NA,NA,NA,NA
S3_29793666,3,29793666,NA,NA,NA,NA
S3_9810785,3,9810785,NA,NA,NA,NA
S3_9810787,3,9810787,NA,NA,NA,NA
S3_9810802,3,9810802,NA,NA,NA,NA
S3_32401710,3,32401710,NA,NA,NA,NA
S6_131958522,6,131958522,NA,NA,NA,NA
S1_29742488,1,29742488,NA,NA,NA,NA
S10_9532316,10,9532316,NA,NA,NA,NA
S2_99178246,2,99178246,NA,NA,NA,NA
S7_83146966,7,83146966,NA,NA,NA,NA
S5_194166616,5,194166616,NA,NA,NA,NA
S5_10100300,5,10100300,NA,NA,NA,NA
S3_15433446,3,15433446,NA,NA,NA,NA
S10_139314751,10,139314751,NA,NA,NA,NA
S1_259181338,1,259181338,NA,NA,NA,NA
S3_201177260,3,201177260,NA,NA,NA,NA
S1_299045443,1,299045443,NA,NA,NA,NA
S6_150740537,6,150740537,NA,NA,NA,NA
S6_150740541,6,150740541,NA,NA,NA,NA
S5_163119100,5,163119100,NA,NA,NA,NA
S1_229187089,1,229187089,NA,NA,NA,NA
S1_173681355,1,173681355,NA,NA,NA,NA
S1_34810388,1,34810388,NA,NA,NA,NA
S1_299983471,1,299983471,NA,NA,NA,NA
S2_10608679,2,10608679,NA,NA,NA,NA
S4_5010551,4,5010551,NA,NA,NA,NA
S4_231254982,4,231254982,NA,NA,NA,NA
S4_231254989,4,231254989,NA,NA,NA,NA
S5_186945308,5,186945308,NA,NA,NA,NA
S2_31924013,2,31924013,NA,NA,NA,NA
S9_154564572,9,154564572,NA,NA,NA,NA
S5_74451533,5,74451533,NA,NA,NA,NA
S9_20114175,9,20114175,NA,NA,NA,NA
S9_92346116,9,92346116,NA,NA,NA,NA
S6_130840748,6,130840748,NA,NA,NA,NA
S6_130840753,6,130840753,NA,NA,NA,NA
S6_130840754,6,130840754,NA,NA,NA,NA
S8_3629815,8,3629815,NA,NA,NA,NA
S6_43101930,6,43101930,NA,NA,NA,NA
S10_137479788,10,137479788,NA,NA,NA,NA
S6_102681086,6,102681086,NA,NA,NA,NA
S1_192400466,1,192400466,NA,NA,NA,NA
S10_121851078,10,121851078,NA,NA,NA,NA
S10_146165279,10,146165279,NA,NA,NA,NA
S2_44202104,2,44202104,NA,NA,NA,NA
S2_44202107,2,44202107,NA,NA,NA,NA
S5_188849331,5,188849331,NA,NA,NA,NA
S4_133249524,4,133249524,NA,NA,NA,NA
S5_115585549,5,115585549,NA,NA,NA,NA
S6_60182741,6,60182741,NA,NA,NA,NA
S6_60182742,6,60182742,NA,NA,NA,NA
S6_160547076,6,160547076,NA,NA,NA,NA
S6_155666949,6,155666949,NA,NA,NA,NA
S4_185081383,4,185081383,NA,NA,NA,NA
S6_127769934,6,127769934,NA,NA,NA,NA
S3_156053067,3,156053067,NA,NA,NA,NA
S10_68726278,10,68726278,NA,NA,NA,NA
S2_233598219,2,233598219,NA,NA,NA,NA
S4_768517,4,768517,NA,NA,NA,NA
S4_192232721,4,192232721,NA,NA,NA,NA
S2_222440163,2,222440163,NA,NA,NA,NA
S5_186945253,5,186945253,NA,NA,NA,NA
S5_3088712,5,3088712,NA,NA,NA,NA
S6_164149280,6,164149280,NA,NA,NA,NA
S2_48664915,2,48664915,NA,NA,NA,NA
S2_33345079,2,33345079,NA,NA,NA,NA
S1_228555362,1,228555362,NA,NA,NA,NA
S10_13788406,10,13788406,NA,NA,NA,NA
S5_183857938,5,183857938,NA,NA,NA,NA
S4_155837890,4,155837890,NA,NA,NA,NA
S6_157582634,6,157582634,NA,NA,NA,NA
S3_19256097,3,19256097,NA,NA,NA,NA
S3_63949067,3,63949067,NA,NA,NA,NA
S7_172824164,7,172824164,NA,NA,NA,NA
S6_42612678,6,42612678,NA,NA,NA,NA
S10_28601398,10,28601398,NA,NA,NA,NA
S6_58446787,6,58446787,NA,NA,NA,NA
S10_9214874,10,9214874,NA,NA,NA,NA
S8_168009434,8,168009434,NA,NA,NA,NA
S2_205606041,2,205606041,NA,NA,NA,NA
S1_61949159,1,61949159,NA,NA,NA,NA
S4_235202921,4,235202921,NA,NA,NA,NA
S1_294167121,1,294167121,NA,NA,NA,NA
S8_65098375,8,65098375,NA,NA,NA,NA
S4_238275759,4,238275759,NA,NA,NA,NA
S8_172017125,8,172017125,NA,NA,NA,NA
S1_256939501,1,256939501,NA,NA,NA,NA
S6_67258592,6,67258592,NA,NA,NA,NA
S1_15908246,1,15908246,NA,NA,NA,NA
S2_38563762,2,38563762,NA,NA,NA,NA
S1_19296293,1,19296293,NA,NA,NA,NA
S9_116948101,9,116948101,NA,NA,NA,NA
S3_148974849,3,148974849,NA,NA,NA,NA
S1_279123485,1,279123485,NA,NA,NA,NA
S6_88905566,6,88905566,NA,NA,NA,NA
S1_36222104,1,36222104,NA,NA,NA,NA
S7_28322220,7,28322220,NA,NA,NA,NA
S2_234437691,2,234437691,NA,NA,NA,NA
S4_174915619,4,174915619,NA,NA,NA,NA
S6_105539114,6,105539114,NA,NA,NA,NA
S3_213655501,3,213655501,NA,NA,NA,NA
S9_138245099,9,138245099,NA,NA,NA,NA
S2_16126146,2,16126146,NA,NA,NA,NA
S10_2142222,10,2142222,NA,NA,NA,NA
S7_20893995,7,20893995,NA,NA,NA,NA
S5_38985430,5,38985430,NA,NA,NA,NA
S2_32949590,2,32949590,NA,NA,NA,NA
S3_139674123,3,139674123,NA,NA,NA,NA
S3_157202032,3,157202032,NA,NA,NA,NA
S7_133170555,7,133170555,NA,NA,NA,NA
S5_166934315,5,166934315,NA,NA,NA,NA
S5_199649869,5,199649869,NA,NA,NA,NA
S3_27552564,3,27552564,NA,NA,NA,NA
S1_94820667,1,94820667,NA,NA,NA,NA
S9_13769672,9,13769672,NA,NA,NA,NA
S9_113812482,9,113812482,NA,NA,NA,NA
S1_259023731,1,259023731,NA,NA,NA,NA
S5_1340693,5,1340693,NA,NA,NA,NA
S10_148513370,10,148513370,NA,NA,NA,NA
S3_215536298,3,215536298,NA,NA,NA,NA
S10_124732415,10,124732415,NA,NA,NA,NA
S1_183891297,1,183891297,NA,NA,NA,NA
S3_193795915,3,193795915,NA,NA,NA,NA
S10_14446128,10,14446128,NA,NA,NA,NA
S3_26022920,3,26022920,NA,NA,NA,NA
S10_132620939,10,132620939,NA,NA,NA,NA
S6_155453068,6,155453068,NA,NA,NA,NA
S6_5642915,6,5642915,NA,NA,NA,NA
S1_184014110,1,184014110,NA,NA,NA,NA
S2_26717573,2,26717573,NA,NA,NA,NA
S2_182348419,2,182348419,NA,NA,NA,NA
S4_157115413,4,157115413,NA,NA,NA,NA
S4_157115418,4,157115418,NA,NA,NA,NA
S5_142257060,5,142257060,NA,NA,NA,NA
S5_142257078,5,142257078,NA,NA,NA,NA
S7_47966818,7,47966818,NA,NA,NA,NA
S9_154642359,9,154642359,NA,NA,NA,NA
S7_34634993,7,34634993,NA,NA,NA,NA
S1_7457435,1,7457435,NA,NA,NA,NA
S4_214285675,4,214285675,NA,NA,NA,NA
S3_219891242,3,219891242,NA,NA,NA,NA
S6_86282298,6,86282298,NA,NA,NA,NA
S8_121798115,8,121798115,NA,NA,NA,NA
S5_201939197,5,201939197,NA,NA,NA,NA
S4_163843415,4,163843415,NA,NA,NA,NA
S5_7457174,5,7457174,NA,NA,NA,NA
S4_171919706,4,171919706,NA,NA,NA,NA
S9_26828478,9,26828478,NA,NA,NA,NA
S4_192219130,4,192219130,NA,NA,NA,NA
S4_122345431,4,122345431,NA,NA,NA,NA
S10_137649845,10,137649845,NA,NA,NA,NA
S8_146152780,8,146152780,NA,NA,NA,NA
S9_16322321,9,16322321,NA,NA,NA,NA
S8_13981395,8,13981395,NA,NA,NA,NA
S2_195912165,2,195912165,NA,NA,NA,NA
S10_138075484,10,138075484,NA,NA,NA,NA
S2_6333458,2,6333458,NA,NA,NA,NA
S9_143894855,9,143894855,NA,NA,NA,NA
S1_25745015,1,25745015,NA,NA,NA,NA
S5_65434957,5,65434957,NA,NA,NA,NA
S1_254245987,1,254245987,NA,NA,NA,NA
S8_88047096,8,88047096,NA,NA,NA,NA
S1_24740029,1,24740029,NA,NA,NA,NA
S9_57012525,9,57012525,NA,NA,NA,NA
S9_57012530,9,57012530,NA,NA,NA,NA
S6_124299631,6,124299631,NA,NA,NA,NA
S10_146165334,10,146165334,NA,NA,NA,NA
S1_214677319,1,214677319,NA,NA,NA,NA
S3_205012997,3,205012997,NA,NA,NA,NA
S3_5566750,3,5566750,NA,NA,NA,NA
S3_198376236,3,198376236,NA,NA,NA,NA
S6_25545214,6,25545214,NA,NA,NA,NA
S1_69400985,1,69400985,NA,NA,NA,NA
S2_14715410,2,14715410,NA,NA,NA,NA
S3_18999799,3,18999799,NA,NA,NA,NA
S8_159889493,8,159889493,NA,NA,NA,NA
S1_2469056,1,2469056,NA,NA,NA,NA
S7_156216701,7,156216701,NA,NA,NA,NA
S9_33440973,9,33440973,NA,NA,NA,NA
S2_213174900,2,213174900,NA,NA,NA,NA
S7_10157497,7,10157497,NA,NA,NA,NA
S5_7702814,5,7702814,NA,NA,NA,NA
S5_201614401,5,201614401,NA,NA,NA,NA
S8_139887582,8,139887582,NA,NA,NA,NA
S3_20417592,3,20417592,NA,NA,NA,NA
S2_104178505,2,104178505,NA,NA,NA,NA
S1_28424547,1,28424547,NA,NA,NA,NA
S1_28424548,1,28424548,NA,NA,NA,NA
S2_37573014,2,37573014,NA,NA,NA,NA
S8_96269225,8,96269225,NA,NA,NA,NA
S4_177124543,4,177124543,NA,NA,NA,NA
S2_45989380,2,45989380,NA,NA,NA,NA
S2_220646894,2,220646894,NA,NA,NA,NA
S9_110495167,9,110495167,NA,NA,NA,NA
S6_112349524,6,112349524,NA,NA,NA,NA
S9_149526011,9,149526011,NA,NA,NA,NA
S8_150677385,8,150677385,NA,NA,NA,NA
S6_162676016,6,162676016,NA,NA,NA,NA
S7_150088192,7,150088192,NA,NA,NA,NA
S6_146817571,6,146817571,NA,NA,NA,NA
S1_228665446,1,228665446,NA,NA,NA,NA
S2_11582487,2,11582487,NA,NA,NA,NA
S2_33590366,2,33590366,NA,NA,NA,NA
S1_195043360,1,195043360,NA,NA,NA,NA
S1_4018273,1,4018273,NA,NA,NA,NA
S8_140192723,8,140192723,NA,NA,NA,NA
S2_72208419,2,72208419,NA,NA,NA,NA
S3_199551580,3,199551580,NA,NA,NA,NA
S1_267531250,1,267531250,NA,NA,NA,NA
S6_137397536,6,137397536,NA,NA,NA,NA
S8_149302418,8,149302418,NA,NA,NA,NA
S1_248152048,1,248152048,NA,NA,NA,NA
S3_15434416,3,15434416,NA,NA,NA,NA
S4_1916146,4,1916146,NA,NA,NA,NA
S5_9908747,5,9908747,NA,NA,NA,NA
S3_228551509,3,228551509,NA,NA,NA,NA
S3_5440588,3,5440588,NA,NA,NA,NA
S7_139601794,7,139601794,NA,NA,NA,NA
S4_96326688,4,96326688,NA,NA,NA,NA
S5_158894484,5,158894484,NA,NA,NA,NA
S10_147141219,10,147141219,NA,NA,NA,NA
S5_188389641,5,188389641,NA,NA,NA,NA
S7_172718862,7,172718862,NA,NA,NA,NA
S3_187261756,3,187261756,NA,NA,NA,NA
S5_6680168,5,6680168,NA,NA,NA,NA
S2_14463172,2,14463172,NA,NA,NA,NA
S6_165104417,6,165104417,NA,NA,NA,NA
S4_133249525,4,133249525,NA,NA,NA,NA
S7_147381407,7,147381407,NA,NA,NA,NA
S3_60778623,3,60778623,NA,NA,NA,NA
S4_2027880,4,2027880,NA,NA,NA,NA
S1_48763952,1,48763952,NA,NA,NA,NA
S2_235930862,2,235930862,NA,NA,NA,NA
S5_193453045,5,193453045,NA,NA,NA,NA
S1_190763612,1,190763612,NA,NA,NA,NA
S9_26831675,9,26831675,NA,NA,NA,NA
S7_29396590,7,29396590,NA,NA,NA,NA
S2_207237226,2,207237226,NA,NA,NA,NA
S5_18156754,5,18156754,NA,NA,NA,NA
S10_140193290,10,140193290,NA,NA,NA,NA
S2_204338930,2,204338930,NA,NA,NA,NA
S9_151976831,9,151976831,NA,NA,NA,NA
S3_117087564,3,117087564,NA,NA,NA,NA
S2_215011292,2,215011292,NA,NA,NA,NA
S1_24599496,1,24599496,NA,NA,NA,NA
S8_14728266,8,14728266,NA,NA,NA,NA
S2_22505181,2,22505181,NA,NA,NA,NA
S1_106063472,1,106063472,NA,NA,NA,NA
S4_26377787,4,26377787,NA,NA,NA,NA
S3_152203476,3,152203476,NA,NA,NA,NA
S4_237318180,4,237318180,NA,NA,NA,NA
S8_167423184,8,167423184,NA,NA,NA,NA
S2_230880776,2,230880776,NA,NA,NA,NA
S2_212479133,2,212479133,NA,NA,NA,NA
S5_213545291,5,213545291,NA,NA,NA,NA
S5_213545292,5,213545292,NA,NA,NA,NA
S4_188055803,4,188055803,NA,NA,NA,NA
S4_212041114,4,212041114,NA,NA,NA,NA
S2_202295412,2,202295412,NA,NA,NA,NA
S8_101118222,8,101118222,NA,NA,NA,NA
S7_167914780,7,167914780,NA,NA,NA,NA
S6_81546687,6,81546687,NA,NA,NA,NA
S1_235569965,1,235569965,NA,NA,NA,NA
S2_233762531,2,233762531,NA,NA,NA,NA
S3_199867150,3,199867150,NA,NA,NA,NA
S7_107857599,7,107857599,NA,NA,NA,NA
S10_100028147,10,100028147,NA,NA,NA,NA
S4_187417455,4,187417455,NA,NA,NA,NA
S10_4664379,10,4664379,NA,NA,NA,NA
S3_219400428,3,219400428,NA,NA,NA,NA
S2_6628458,2,6628458,NA,NA,NA,NA
S4_166924864,4,166924864,NA,NA,NA,NA
S3_189692794,3,189692794,NA,NA,NA,NA
S3_1613909,3,1613909,NA,NA,NA,NA
S3_1613912,3,1613912,NA,NA,NA,NA
S9_143190830,9,143190830,NA,NA,NA,NA
S7_19347649,7,19347649,NA,NA,NA,NA
S9_137287883,9,137287883,NA,NA,NA,NA
S1_181705731,1,181705731,NA,NA,NA,NA
S4_239704652,4,239704652,NA,NA,NA,NA
S8_59316983,8,59316983,NA,NA,NA,NA
S2_213100470,2,213100470,NA,NA,NA,NA
S2_213100472,2,213100472,NA,NA,NA,NA
S2_213100475,2,213100475,NA,NA,NA,NA
S2_213100476,2,213100476,NA,NA,NA,NA
S2_213100477,2,213100477,NA,NA,NA,NA
S2_213100479,2,213100479,NA,NA,NA,NA
S2_213100480,2,213100480,NA,NA,NA,NA
S2_213100481,2,213100481,NA,NA,NA,NA
S2_213100483,2,213100483,NA,NA,NA,NA
S3_174370905,3,174370905,NA,NA,NA,NA
S6_118141392,6,118141392,NA,NA,NA,NA
S5_174284706,5,174284706,NA,NA,NA,NA
S10_134307595,10,134307595,NA,NA,NA,NA
S9_27171780,9,27171780,NA,NA,NA,NA
S2_9561503,2,9561503,NA,NA,NA,NA
S1_281632544,1,281632544,NA,NA,NA,NA
S2_140661606,2,140661606,NA,NA,NA,NA
S6_54775569,6,54775569,NA,NA,NA,NA
S6_103360761,6,103360761,NA,NA,NA,NA
S3_114355768,3,114355768,NA,NA,NA,NA
S3_154665419,3,154665419,NA,NA,NA,NA
S4_3211932,4,3211932,NA,NA,NA,NA
S5_80807956,5,80807956,NA,NA,NA,NA
S9_8037693,9,8037693,NA,NA,NA,NA
S1_238813556,1,238813556,NA,NA,NA,NA
S3_178805406,3,178805406,NA,NA,NA,NA
S2_11358494,2,11358494,NA,NA,NA,NA
S4_240842731,4,240842731,NA,NA,NA,NA
S9_153610593,9,153610593,NA,NA,NA,NA
S9_137493976,9,137493976,NA,NA,NA,NA
S6_150688044,6,150688044,NA,NA,NA,NA
S5_10213489,5,10213489,NA,NA,NA,NA
S2_70559914,2,70559914,NA,NA,NA,NA
S2_37133542,2,37133542,NA,NA,NA,NA
S3_17827958,3,17827958,NA,NA,NA,NA
S6_5512068,6,5512068,NA,NA,NA,NA
S3_7275811,3,7275811,NA,NA,NA,NA
S5_29918641,5,29918641,NA,NA,NA,NA
S2_233746651,2,233746651,NA,NA,NA,NA
S2_36425286,2,36425286,NA,NA,NA,NA
S6_128524481,6,128524481,NA,NA,NA,NA
S5_83859926,5,83859926,NA,NA,NA,NA
S1_214531608,1,214531608,NA,NA,NA,NA
S2_232528319,2,232528319,NA,NA,NA,NA
S2_232528336,2,232528336,NA,NA,NA,NA
S5_22654858,5,22654858,NA,NA,NA,NA
S9_66904897,9,66904897,NA,NA,NA,NA
S5_66038012,5,66038012,NA,NA,NA,NA
S5_199389615,5,199389615,NA,NA,NA,NA
S5_199389663,5,199389663,NA,NA,NA,NA
S2_210383244,2,210383244,NA,NA,NA,NA
S2_36548242,2,36548242,NA,NA,NA,NA
S9_154601473,9,154601473,NA,NA,NA,NA
S9_97246119,9,97246119,NA,NA,NA,NA
S8_106854818,8,106854818,NA,NA,NA,NA
S5_80492787,5,80492787,NA,NA,NA,NA
S1_54844923,1,54844923,NA,NA,NA,NA
S1_276286941,1,276286941,NA,NA,NA,NA
S8_13372096,8,13372096,NA,NA,NA,NA
S9_137335716,9,137335716,NA,NA,NA,NA
S9_137335724,9,137335724,NA,NA,NA,NA
S2_222435409,2,222435409,NA,NA,NA,NA
S4_123979408,4,123979408,NA,NA,NA,NA
S10_147122501,10,147122501,NA,NA,NA,NA
S3_201301820,3,201301820,NA,NA,NA,NA
S1_256514201,1,256514201,NA,NA,NA,NA
S2_231153454,2,231153454,NA,NA,NA,NA
S3_165734682,3,165734682,NA,NA,NA,NA
S8_17175702,8,17175702,NA,NA,NA,NA
S8_14095297,8,14095297,NA,NA,NA,NA
S3_121202907,3,121202907,NA,NA,NA,NA
S1_242709503,1,242709503,NA,NA,NA,NA
S5_32036274,5,32036274,NA,NA,NA,NA
S2_164889866,2,164889866,NA,NA,NA,NA
S10_129250446,10,129250446,NA,NA,NA,NA
S7_161339532,7,161339532,NA,NA,NA,NA
S1_23047830,1,23047830,NA,NA,NA,NA
S1_42520476,1,42520476,NA,NA,NA,NA
S1_235864778,1,235864778,NA,NA,NA,NA
S10_140851957,10,140851957,NA,NA,NA,NA
S1_7457125,1,7457125,NA,NA,NA,NA
S4_13688510,4,13688510,NA,NA,NA,NA
S7_101123660,7,101123660,NA,NA,NA,NA
S5_4303244,5,4303244,NA,NA,NA,NA
S8_11302187,8,11302187,NA,NA,NA,NA
S2_18205904,2,18205904,NA,NA,NA,NA
S4_16212721,4,16212721,NA,NA,NA,NA
S4_16212722,4,16212722,NA,NA,NA,NA
S4_16212725,4,16212725,NA,NA,NA,NA
S4_16212726,4,16212726,NA,NA,NA,NA
S4_16212729,4,16212729,NA,NA,NA,NA
S5_164655592,5,164655592,NA,NA,NA,NA
S3_184366609,3,184366609,NA,NA,NA,NA
S9_15401225,9,15401225,NA,NA,NA,NA
S2_223169205,2,223169205,NA,NA,NA,NA
S7_154700252,7,154700252,NA,NA,NA,NA
S1_297750397,1,297750397,NA,NA,NA,NA
S8_5917632,8,5917632,NA,NA,NA,NA
S8_138658947,8,138658947,NA,NA,NA,NA
S6_128062043,6,128062043,NA,NA,NA,NA
S1_4453485,1,4453485,NA,NA,NA,NA
S5_2333275,5,2333275,NA,NA,NA,NA
S8_170415182,8,170415182,NA,NA,NA,NA
S4_144532471,4,144532471,NA,NA,NA,NA
S4_237775541,4,237775541,NA,NA,NA,NA
S7_109053863,7,109053863,NA,NA,NA,NA
S4_5465210,4,5465210,NA,NA,NA,NA
S3_23842882,3,23842882,NA,NA,NA,NA
S7_99298029,7,99298029,NA,NA,NA,NA
S6_148777041,6,148777041,NA,NA,NA,NA
S4_171131837,4,171131837,NA,NA,NA,NA
S2_178362742,2,178362742,NA,NA,NA,NA
S7_9201536,7,9201536,NA,NA,NA,NA
S2_16873555,2,16873555,NA,NA,NA,NA
S5_173165341,5,173165341,NA,NA,NA,NA
S5_214518350,5,214518350,NA,NA,NA,NA
S5_214518378,5,214518378,NA,NA,NA,NA
S5_173389216,5,173389216,NA,NA,NA,NA
S6_144119580,6,144119580,NA,NA,NA,NA
S3_202433096,3,202433096,NA,NA,NA,NA
S10_96251345,10,96251345,NA,NA,NA,NA
S3_198376208,3,198376208,NA,NA,NA,NA
S1_231279327,1,231279327,NA,NA,NA,NA
S5_196508730,5,196508730,NA,NA,NA,NA
S1_2693995,1,2693995,NA,NA,NA,NA
S6_119200400,6,119200400,NA,NA,NA,NA
S9_147800989,9,147800989,NA,NA,NA,NA
S4_27980734,4,27980734,NA,NA,NA,NA
S10_132539028,10,132539028,NA,NA,NA,NA
S7_89034954,7,89034954,NA,NA,NA,NA
S5_169785949,5,169785949,NA,NA,NA,NA
S6_154887691,6,154887691,NA,NA,NA,NA
S1_199640914,1,199640914,NA,NA,NA,NA
S8_118772157,8,118772157,NA,NA,NA,NA
S8_118772166,8,118772166,NA,NA,NA,NA
S5_4909931,5,4909931,NA,NA,NA,NA
S5_147540775,5,147540775,NA,NA,NA,NA
S3_148556920,3,148556920,NA,NA,NA,NA
S6_151789705,6,151789705,NA,NA,NA,NA
S7_18428307,7,18428307,NA,NA,NA,NA
S1_270668685,1,270668685,NA,NA,NA,NA
S7_176215606,7,176215606,NA,NA,NA,NA
S5_59728031,5,59728031,NA,NA,NA,NA
S8_19851420,8,19851420,NA,NA,NA,NA
S5_8261456,5,8261456,NA,NA,NA,NA
S6_160605795,6,160605795,NA,NA,NA,NA
S6_34438516,6,34438516,NA,NA,NA,NA
S3_48956815,3,48956815,NA,NA,NA,NA
S8_20516303,8,20516303,NA,NA,NA,NA
S1_31249634,1,31249634,NA,NA,NA,NA
S2_235919188,2,235919188,NA,NA,NA,NA
S9_116961286,9,116961286,NA,NA,NA,NA
S1_226929129,1,226929129,NA,NA,NA,NA
S7_155590466,7,155590466,NA,NA,NA,NA
S8_168823805,8,168823805,NA,NA,NA,NA
S2_9998906,2,9998906,NA,NA,NA,NA
S3_203869991,3,203869991,NA,NA,NA,NA
S10_5591882,10,5591882,NA,NA,NA,NA
S6_163098469,6,163098469,NA,NA,NA,NA
S1_289223328,1,289223328,NA,NA,NA,NA
S5_185657247,5,185657247,NA,NA,NA,NA
S5_185657262,5,185657262,NA,NA,NA,NA
S6_44382123,6,44382123,NA,NA,NA,NA
S10_77441490,10,77441490,NA,NA,NA,NA
S8_13339378,8,13339378,NA,NA,NA,NA
S6_115642603,6,115642603,NA,NA,NA,NA
S9_121589717,9,121589717,NA,NA,NA,NA
S9_121589738,9,121589738,NA,NA,NA,NA
S5_5187911,5,5187911,NA,NA,NA,NA
S5_5187918,5,5187918,NA,NA,NA,NA
S10_133303741,10,133303741,NA,NA,NA,NA
S7_129722859,7,129722859,NA,NA,NA,NA
S3_14227295,3,14227295,NA,NA,NA,NA
S7_167025567,7,167025567,NA,NA,NA,NA
S7_167025569,7,167025569,NA,NA,NA,NA
S5_201867525,5,201867525,NA,NA,NA,NA
S4_5245749,4,5245749,NA,NA,NA,NA
S8_156023085,8,156023085,NA,NA,NA,NA
S7_104262247,7,104262247,NA,NA,NA,NA
S8_169191903,8,169191903,NA,NA,NA,NA
S3_4341231,3,4341231,NA,NA,NA,NA
S2_11646314,2,11646314,NA,NA,NA,NA
S3_186213506,3,186213506,NA,NA,NA,NA
S3_186213508,3,186213508,NA,NA,NA,NA
S1_237583882,1,237583882,NA,NA,NA,NA
S2_44445593,2,44445593,NA,NA,NA,NA
S1_206859400,1,206859400,NA,NA,NA,NA
S6_85882180,6,85882180,NA,NA,NA,NA
S6_130131301,6,130131301,NA,NA,NA,NA
S8_10080361,8,10080361,NA,NA,NA,NA
S3_184850947,3,184850947,NA,NA,NA,NA
S3_184850950,3,184850950,NA,NA,NA,NA
S3_184850964,3,184850964,NA,NA,NA,NA
S2_180827331,2,180827331,NA,NA,NA,NA
S5_20921916,5,20921916,NA,NA,NA,NA
S3_13688944,3,13688944,NA,NA,NA,NA
S1_283253289,1,283253289,NA,NA,NA,NA
S8_159700141,8,159700141,NA,NA,NA,NA
S9_149551640,9,149551640,NA,NA,NA,NA
S5_141166441,5,141166441,NA,NA,NA,NA
S5_141166449,5,141166449,NA,NA,NA,NA
S5_141166450,5,141166450,NA,NA,NA,NA
S6_106065538,6,106065538,NA,NA,NA,NA
S7_109058077,7,109058077,NA,NA,NA,NA
S2_230388748,2,230388748,NA,NA,NA,NA
S3_152451030,3,152451030,NA,NA,NA,NA
S9_124666528,9,124666528,NA,NA,NA,NA
S5_61234831,5,61234831,NA,NA,NA,NA
S9_142997485,9,142997485,NA,NA,NA,NA
S3_198040059,3,198040059,NA,NA,NA,NA
S9_96718188,9,96718188,NA,NA,NA,NA
S3_23176943,3,23176943,NA,NA,NA,NA
S8_118103564,8,118103564,NA,NA,NA,NA
S3_176794931,3,176794931,NA,NA,NA,NA
S6_3677919,6,3677919,NA,NA,NA,NA
S5_204904333,5,204904333,NA,NA,NA,NA
S4_172053557,4,172053557,NA,NA,NA,NA
S8_152261362,8,152261362,NA,NA,NA,NA
S9_16678367,9,16678367,NA,NA,NA,NA
S3_221608154,3,221608154,NA,NA,NA,NA
S10_78061189,10,78061189,NA,NA,NA,NA
S2_17477044,2,17477044,NA,NA,NA,NA
S7_26489241,7,26489241,NA,NA,NA,NA
S1_33837037,1,33837037,NA,NA,NA,NA
S1_88891845,1,88891845,NA,NA,NA,NA
S2_66745772,2,66745772,NA,NA,NA,NA
S3_56990291,3,56990291,NA,NA,NA,NA
S2_44445569,2,44445569,NA,NA,NA,NA
S1_102245022,1,102245022,NA,NA,NA,NA
S8_75648851,8,75648851,NA,NA,NA,NA
S6_36947965,6,36947965,NA,NA,NA,NA
S1_58646339,1,58646339,NA,NA,NA,NA
S10_108359913,10,108359913,NA,NA,NA,NA
S2_185770690,2,185770690,NA,NA,NA,NA
S3_149247408,3,149247408,NA,NA,NA,NA
S9_1587732,9,1587732,NA,NA,NA,NA
S8_62669300,8,62669300,NA,NA,NA,NA
S5_170501860,5,170501860,NA,NA,NA,NA
S3_178555723,3,178555723,NA,NA,NA,NA
S8_150450528,8,150450528,NA,NA,NA,NA
S4_17977671,4,17977671,NA,NA,NA,NA
S3_196530399,3,196530399,NA,NA,NA,NA
S4_514330,4,514330,NA,NA,NA,NA
S1_9398379,1,9398379,NA,NA,NA,NA
S4_2625138,4,2625138,NA,NA,NA,NA
S6_142760982,6,142760982,NA,NA,NA,NA
S3_34108016,3,34108016,NA,NA,NA,NA
S3_114355777,3,114355777,NA,NA,NA,NA
S5_58052234,5,58052234,NA,NA,NA,NA
S3_228665238,3,228665238,NA,NA,NA,NA
S4_159978639,4,159978639,NA,NA,NA,NA
S3_208768234,3,208768234,NA,NA,NA,NA
S3_208768242,3,208768242,NA,NA,NA,NA
S4_239703949,4,239703949,NA,NA,NA,NA
S3_181906460,3,181906460,NA,NA,NA,NA
S5_7587398,5,7587398,NA,NA,NA,NA
S2_131350249,2,131350249,NA,NA,NA,NA
S6_157495565,6,157495565,NA,NA,NA,NA
S2_21008145,2,21008145,NA,NA,NA,NA
S2_173641655,2,173641655,NA,NA,NA,NA
S3_32110776,3,32110776,NA,NA,NA,NA
S6_161349048,6,161349048,NA,NA,NA,NA
S7_156215556,7,156215556,NA,NA,NA,NA
S2_45989409,2,45989409,NA,NA,NA,NA
S2_45989412,2,45989412,NA,NA,NA,NA
S2_45989415,2,45989415,NA,NA,NA,NA
S1_60395952,1,60395952,NA,NA,NA,NA
S4_179629894,4,179629894,NA,NA,NA,NA
S4_139983379,4,139983379,NA,NA,NA,NA
S1_21389520,1,21389520,NA,NA,NA,NA
S10_37538147,10,37538147,NA,NA,NA,NA
S1_290201012,1,290201012,NA,NA,NA,NA
S5_36682309,5,36682309,NA,NA,NA,NA
S5_36682330,5,36682330,NA,NA,NA,NA
S5_36682353,5,36682353,NA,NA,NA,NA
S5_58535116,5,58535116,NA,NA,NA,NA
S7_161620332,7,161620332,NA,NA,NA,NA
S7_167504632,7,167504632,NA,NA,NA,NA
S3_543673,3,543673,NA,NA,NA,NA
S7_107931118,7,107931118,NA,NA,NA,NA
S7_165157223,7,165157223,NA,NA,NA,NA
S3_35738005,3,35738005,NA,NA,NA,NA
S7_12275151,7,12275151,NA,NA,NA,NA
S7_12275175,7,12275175,NA,NA,NA,NA
S8_171331657,8,171331657,NA,NA,NA,NA
S2_217404254,2,217404254,NA,NA,NA,NA
S3_121437392,3,121437392,NA,NA,NA,NA
S4_120887175,4,120887175,NA,NA,NA,NA
S6_63849690,6,63849690,NA,NA,NA,NA
S6_63849730,6,63849730,NA,NA,NA,NA
S4_20546603,4,20546603,NA,NA,NA,NA
S1_29191601,1,29191601,NA,NA,NA,NA
S1_29191607,1,29191607,NA,NA,NA,NA
S1_290202694,1,290202694,NA,NA,NA,NA
S8_8617158,8,8617158,NA,NA,NA,NA
S2_1462813,2,1462813,NA,NA,NA,NA
S5_159091240,5,159091240,NA,NA,NA,NA
S7_2585236,7,2585236,NA,NA,NA,NA
S7_99385226,7,99385226,NA,NA,NA,NA
S1_191586133,1,191586133,NA,NA,NA,NA
S8_152769158,8,152769158,NA,NA,NA,NA
S1_234221885,1,234221885,NA,NA,NA,NA
S7_137276305,7,137276305,NA,NA,NA,NA
S5_188455743,5,188455743,NA,NA,NA,NA
S6_120916425,6,120916425,NA,NA,NA,NA
S8_155081836,8,155081836,NA,NA,NA,NA
S1_93268640,1,93268640,NA,NA,NA,NA
S5_46426859,5,46426859,NA,NA,NA,NA
S1_81441974,1,81441974,NA,NA,NA,NA
S7_157503186,7,157503186,NA,NA,NA,NA
S2_1563736,2,1563736,NA,NA,NA,NA
S3_142730674,3,142730674,NA,NA,NA,NA
S1_27627335,1,27627335,NA,NA,NA,NA
S3_23009927,3,23009927,NA,NA,NA,NA
S3_23009945,3,23009945,NA,NA,NA,NA
S7_19054229,7,19054229,NA,NA,NA,NA
S9_87812660,9,87812660,NA,NA,NA,NA
S9_87812663,9,87812663,NA,NA,NA,NA
S1_202647682,1,202647682,NA,NA,NA,NA
S9_26478210,9,26478210,NA,NA,NA,NA
S10_2648058,10,2648058,NA,NA,NA,NA
S8_119829462,8,119829462,NA,NA,NA,NA
S8_21817246,8,21817246,NA,NA,NA,NA
S5_194091989,5,194091989,NA,NA,NA,NA
S4_238437893,4,238437893,NA,NA,NA,NA
S9_152650050,9,152650050,NA,NA,NA,NA
S3_168367117,3,168367117,NA,NA,NA,NA
S4_171732048,4,171732048,NA,NA,NA,NA
S1_279560115,1,279560115,NA,NA,NA,NA
S4_224625807,4,224625807,NA,NA,NA,NA
S2_232364638,2,232364638,NA,NA,NA,NA
S7_173250815,7,173250815,NA,NA,NA,NA
S7_173250824,7,173250824,NA,NA,NA,NA
S9_152803824,9,152803824,NA,NA,NA,NA
S9_152803825,9,152803825,NA,NA,NA,NA
S4_201462852,4,201462852,NA,NA,NA,NA
S3_202223762,3,202223762,NA,NA,NA,NA
S8_131533098,8,131533098,NA,NA,NA,NA
S8_119829448,8,119829448,NA,NA,NA,NA
S8_119829488,8,119829488,NA,NA,NA,NA
S2_203517734,2,203517734,NA,NA,NA,NA
S3_200432652,3,200432652,NA,NA,NA,NA
S3_200432654,3,200432654,NA,NA,NA,NA
S4_2115973,4,2115973,NA,NA,NA,NA
S5_19133843,5,19133843,NA,NA,NA,NA
S3_227273491,3,227273491,NA,NA,NA,NA
S5_2289840,5,2289840,NA,NA,NA,NA
S3_14408510,3,14408510,NA,NA,NA,NA
S9_130510681,9,130510681,NA,NA,NA,NA
S1_187667832,1,187667832,NA,NA,NA,NA
S9_16286483,9,16286483,NA,NA,NA,NA
S9_73248110,9,73248110,NA,NA,NA,NA
S1_253798853,1,253798853,NA,NA,NA,NA
S1_253798875,1,253798875,NA,NA,NA,NA
S1_228665983,1,228665983,NA,NA,NA,NA
S5_190959869,5,190959869,NA,NA,NA,NA
S1_73341197,1,73341197,NA,NA,NA,NA
S3_10514322,3,10514322,NA,NA,NA,NA
S9_124578517,9,124578517,NA,NA,NA,NA
S6_153662341,6,153662341,NA,NA,NA,NA
S7_958440,7,958440,NA,NA,NA,NA
S5_25715345,5,25715345,NA,NA,NA,NA
S1_278516080,1,278516080,NA,NA,NA,NA
S7_149917750,7,149917750,NA,NA,NA,NA
S10_60153728,10,60153728,NA,NA,NA,NA
S10_60153753,10,60153753,NA,NA,NA,NA
S3_200187150,3,200187150,NA,NA,NA,NA
S8_134071818,8,134071818,NA,NA,NA,NA
S10_141078356,10,141078356,NA,NA,NA,NA
S2_9445803,2,9445803,NA,NA,NA,NA
S2_32517992,2,32517992,NA,NA,NA,NA
S7_170031033,7,170031033,NA,NA,NA,NA
S10_116893466,10,116893466,NA,NA,NA,NA
S1_282902844,1,282902844,NA,NA,NA,NA
S1_82154910,1,82154910,NA,NA,NA,NA
S1_32308600,1,32308600,NA,NA,NA,NA
S3_189936692,3,189936692,NA,NA,NA,NA
S4_195061483,4,195061483,NA,NA,NA,NA
S2_54204689,2,54204689,NA,NA,NA,NA
S4_182297916,4,182297916,NA,NA,NA,NA
S6_110436699,6,110436699,NA,NA,NA,NA
S7_23960276,7,23960276,NA,NA,NA,NA
S1_81516943,1,81516943,NA,NA,NA,NA
S5_198823119,5,198823119,NA,NA,NA,NA
S8_166796382,8,166796382,NA,NA,NA,NA
S7_156739213,7,156739213,NA,NA,NA,NA
S2_201799347,2,201799347,NA,NA,NA,NA
S8_8731037,8,8731037,NA,NA,NA,NA
S3_48808094,3,48808094,NA,NA,NA,NA
S9_86402181,9,86402181,NA,NA,NA,NA
S6_36622435,6,36622435,NA,NA,NA,NA
S5_188858142,5,188858142,NA,NA,NA,NA
S6_35061159,6,35061159,NA,NA,NA,NA
S10_144684817,10,144684817,NA,NA,NA,NA
S8_119042321,8,119042321,NA,NA,NA,NA
S2_83451078,2,83451078,NA,NA,NA,NA
S3_228998566,3,228998566,NA,NA,NA,NA
S6_155633985,6,155633985,NA,NA,NA,NA
S5_163981089,5,163981089,NA,NA,NA,NA
S3_130047225,3,130047225,NA,NA,NA,NA
S8_4512449,8,4512449,NA,NA,NA,NA
S6_142752176,6,142752176,NA,NA,NA,NA
S6_142752194,6,142752194,NA,NA,NA,NA
S1_182655104,1,182655104,NA,NA,NA,NA
S7_154468983,7,154468983,NA,NA,NA,NA
S8_40384876,8,40384876,NA,NA,NA,NA
S5_51665702,5,51665702,NA,NA,NA,NA
S5_179931778,5,179931778,NA,NA,NA,NA
S6_8145860,6,8145860,NA,NA,NA,NA
S4_3048577,4,3048577,NA,NA,NA,NA
S2_143521246,2,143521246,NA,NA,NA,NA
S9_93062153,9,93062153,NA,NA,NA,NA
S4_237503928,4,237503928,NA,NA,NA,NA
S10_9213467,10,9213467,NA,NA,NA,NA
S7_153419457,7,153419457,NA,NA,NA,NA
S6_9195042,6,9195042,NA,NA,NA,NA
S1_106846764,1,106846764,NA,NA,NA,NA
S8_5531982,8,5531982,NA,NA,NA,NA
S9_22781550,9,22781550,NA,NA,NA,NA
S5_211752440,5,211752440,NA,NA,NA,NA
S9_3934589,9,3934589,NA,NA,NA,NA
S1_289598893,1,289598893,NA,NA,NA,NA
S1_5518031,1,5518031,NA,NA,NA,NA
S10_140737390,10,140737390,NA,NA,NA,NA
S3_181678435,3,181678435,NA,NA,NA,NA
S6_57751745,6,57751745,NA,NA,NA,NA
S8_173864228,8,173864228,NA,NA,NA,NA
S2_4343031,2,4343031,NA,NA,NA,NA
S7_128742440,7,128742440,NA,NA,NA,NA
S4_162263457,4,162263457,NA,NA,NA,NA
S6_72179048,6,72179048,NA,NA,NA,NA
S3_205600252,3,205600252,NA,NA,NA,NA
S6_120679987,6,120679987,NA,NA,NA,NA
S2_232985984,2,232985984,NA,NA,NA,NA
S9_124149942,9,124149942,NA,NA,NA,NA
S7_151729474,7,151729474,NA,NA,NA,NA
S3_131331636,3,131331636,NA,NA,NA,NA
S4_236560589,4,236560589,NA,NA,NA,NA
S6_99770832,6,99770832,NA,NA,NA,NA
S7_36633975,7,36633975,NA,NA,NA,NA
S1_182851622,1,182851622,NA,NA,NA,NA
S4_60176290,4,60176290,NA,NA,NA,NA
S3_212406510,3,212406510,NA,NA,NA,NA
S1_187094748,1,187094748,NA,NA,NA,NA
S3_118065765,3,118065765,NA,NA,NA,NA
S6_149687738,6,149687738,NA,NA,NA,NA
S7_2712339,7,2712339,NA,NA,NA,NA
S4_124636023,4,124636023,NA,NA,NA,NA
S4_124636034,4,124636034,NA,NA,NA,NA
S6_104674381,6,104674381,NA,NA,NA,NA
S3_218006371,3,218006371,NA,NA,NA,NA
S1_296205820,1,296205820,NA,NA,NA,NA
S10_125951324,10,125951324,NA,NA,NA,NA
S9_44974726,9,44974726,NA,NA,NA,NA
S1_209639317,1,209639317,NA,NA,NA,NA
S3_197364550,3,197364550,NA,NA,NA,NA
S1_52920580,1,52920580,NA,NA,NA,NA
S5_193966482,5,193966482,NA,NA,NA,NA
S2_235064709,2,235064709,NA,NA,NA,NA
S1_166060726,1,166060726,NA,NA,NA,NA
S6_150741963,6,150741963,NA,NA,NA,NA
S4_124931074,4,124931074,NA,NA,NA,NA
S6_107360458,6,107360458,NA,NA,NA,NA
S5_2299037,5,2299037,NA,NA,NA,NA
S1_294135512,1,294135512,NA,NA,NA,NA
S1_166863654,1,166863654,NA,NA,NA,NA
S10_80737704,10,80737704,NA,NA,NA,NA
S6_162990802,6,162990802,NA,NA,NA,NA
S5_180039436,5,180039436,NA,NA,NA,NA
S7_2615515,7,2615515,NA,NA,NA,NA
S5_213916302,5,213916302,NA,NA,NA,NA
S10_85587910,10,85587910,NA,NA,NA,NA
S9_19608029,9,19608029,NA,NA,NA,NA
S9_19608045,9,19608045,NA,NA,NA,NA
S7_164773896,7,164773896,NA,NA,NA,NA
S1_290955677,1,290955677,NA,NA,NA,NA
S1_183307371,1,183307371,NA,NA,NA,NA
S1_183307374,1,183307374,NA,NA,NA,NA
S4_12909633,4,12909633,NA,NA,NA,NA
S4_201184111,4,201184111,NA,NA,NA,NA
S7_121816050,7,121816050,NA,NA,NA,NA
S5_3996396,5,3996396,NA,NA,NA,NA
S1_27778061,1,27778061,NA,NA,NA,NA
S5_59808261,5,59808261,NA,NA,NA,NA
S10_136756562,10,136756562,NA,NA,NA,NA
S2_142532765,2,142532765,NA,NA,NA,NA
S9_110542212,9,110542212,NA,NA,NA,NA
S1_297377751,1,297377751,NA,NA,NA,NA
S4_165645593,4,165645593,NA,NA,NA,NA
S2_195541184,2,195541184,NA,NA,NA,NA
S1_280219859,1,280219859,NA,NA,NA,NA
S7_152810005,7,152810005,NA,NA,NA,NA
S2_2492527,2,2492527,NA,NA,NA,NA
S6_158649455,6,158649455,NA,NA,NA,NA
S5_213340524,5,213340524,NA,NA,NA,NA
S2_179748200,2,179748200,NA,NA,NA,NA
S9_123240719,9,123240719,NA,NA,NA,NA
S1_32580263,1,32580263,NA,NA,NA,NA
S7_164954285,7,164954285,NA,NA,NA,NA
S2_233400962,2,233400962,NA,NA,NA,NA
S6_128735682,6,128735682,NA,NA,NA,NA
S8_75642537,8,75642537,NA,NA,NA,NA
S2_216557276,2,216557276,NA,NA,NA,NA
S6_118084562,6,118084562,NA,NA,NA,NA
S2_203251870,2,203251870,NA,NA,NA,NA
S8_26870000,8,26870000,NA,NA,NA,NA
S5_153946081,5,153946081,NA,NA,NA,NA
S6_62180750,6,62180750,NA,NA,NA,NA
S8_157638864,8,157638864,NA,NA,NA,NA
S3_119614021,3,119614021,NA,NA,NA,NA
S6_4889042,6,4889042,NA,NA,NA,NA
S9_113604460,9,113604460,NA,NA,NA,NA
S1_202304607,1,202304607,NA,NA,NA,NA
S1_292890314,1,292890314,NA,NA,NA,NA
S5_18754278,5,18754278,NA,NA,NA,NA
S9_77620028,9,77620028,NA,NA,NA,NA
S1_17673566,1,17673566,NA,NA,NA,NA
S1_234966022,1,234966022,NA,NA,NA,NA
S7_175208220,7,175208220,NA,NA,NA,NA
S7_175208224,7,175208224,NA,NA,NA,NA
S7_175208237,7,175208237,NA,NA,NA,NA
S7_175208241,7,175208241,NA,NA,NA,NA
S8_142226277,8,142226277,NA,NA,NA,NA
S3_60645509,3,60645509,NA,NA,NA,NA
S5_186726280,5,186726280,NA,NA,NA,NA
S2_214671557,2,214671557,NA,NA,NA,NA
S2_214671594,2,214671594,NA,NA,NA,NA
S1_69400989,1,69400989,NA,NA,NA,NA
S4_235408530,4,235408530,NA,NA,NA,NA
S6_162604687,6,162604687,NA,NA,NA,NA
S3_13271051,3,13271051,NA,NA,NA,NA
S1_29614122,1,29614122,NA,NA,NA,NA
S2_188532066,2,188532066,NA,NA,NA,NA
S2_11827133,2,11827133,NA,NA,NA,NA
S2_11827135,2,11827135,NA,NA,NA,NA
S2_11827136,2,11827136,NA,NA,NA,NA
S2_11827137,2,11827137,NA,NA,NA,NA
S5_8350276,5,8350276,NA,NA,NA,NA
S2_19832374,2,19832374,NA,NA,NA,NA
S10_4586067,10,4586067,NA,NA,NA,NA
S9_153509055,9,153509055,NA,NA,NA,NA
S3_10522229,3,10522229,NA,NA,NA,NA
S3_178004462,3,178004462,NA,NA,NA,NA
S5_159330891,5,159330891,NA,NA,NA,NA
S3_12605939,3,12605939,NA,NA,NA,NA
S1_188185464,1,188185464,NA,NA,NA,NA
S9_66686062,9,66686062,NA,NA,NA,NA
S3_225548492,3,225548492,NA,NA,NA,NA
S3_34417624,3,34417624,NA,NA,NA,NA
S8_107219929,8,107219929,NA,NA,NA,NA
S7_145729559,7,145729559,NA,NA,NA,NA
S2_18113775,2,18113775,NA,NA,NA,NA
S2_198408504,2,198408504,NA,NA,NA,NA
S3_1477471,3,1477471,NA,NA,NA,NA
S1_45425476,1,45425476,NA,NA,NA,NA
S1_28604396,1,28604396,NA,NA,NA,NA
S7_172796700,7,172796700,NA,NA,NA,NA
S1_10899900,1,10899900,NA,NA,NA,NA
S7_151959580,7,151959580,NA,NA,NA,NA
S3_118065768,3,118065768,NA,NA,NA,NA
S2_42000566,2,42000566,NA,NA,NA,NA
S3_220855250,3,220855250,NA,NA,NA,NA
S4_238428748,4,238428748,NA,NA,NA,NA
S9_76641274,9,76641274,NA,NA,NA,NA
S7_51966842,7,51966842,NA,NA,NA,NA
S5_7223911,5,7223911,NA,NA,NA,NA
S4_175275579,4,175275579,NA,NA,NA,NA
S6_5642905,6,5642905,NA,NA,NA,NA
S5_181388736,5,181388736,NA,NA,NA,NA
S2_163563636,2,163563636,NA,NA,NA,NA
S7_34371475,7,34371475,NA,NA,NA,NA
S1_213460018,1,213460018,NA,NA,NA,NA
S3_197364642,3,197364642,NA,NA,NA,NA
S3_206690186,3,206690186,NA,NA,NA,NA
S4_79758361,4,79758361,NA,NA,NA,NA
S4_239803170,4,239803170,NA,NA,NA,NA
S1_25745016,1,25745016,NA,NA,NA,NA
S1_282668035,1,282668035,NA,NA,NA,NA
S10_114198196,10,114198196,NA,NA,NA,NA
S1_160956409,1,160956409,NA,NA,NA,NA
S4_178754150,4,178754150,NA,NA,NA,NA
S1_233815573,1,233815573,NA,NA,NA,NA
S3_155735999,3,155735999,NA,NA,NA,NA
S10_125850158,10,125850158,NA,NA,NA,NA
S7_8049865,7,8049865,NA,NA,NA,NA
S2_207974793,2,207974793,NA,NA,NA,NA
S10_131744494,10,131744494,NA,NA,NA,NA
S10_131744531,10,131744531,NA,NA,NA,NA
S10_131744532,10,131744532,NA,NA,NA,NA
S6_22668227,6,22668227,NA,NA,NA,NA
S8_118769478,8,118769478,NA,NA,NA,NA
S10_74517927,10,74517927,NA,NA,NA,NA
S8_74661620,8,74661620,NA,NA,NA,NA
S8_122410215,8,122410215,NA,NA,NA,NA
S3_157577141,3,157577141,NA,NA,NA,NA
S4_16211949,4,16211949,NA,NA,NA,NA
S6_147727369,6,147727369,NA,NA,NA,NA
S1_289572157,1,289572157,NA,NA,NA,NA
S3_188571273,3,188571273,NA,NA,NA,NA
S6_77144618,6,77144618,NA,NA,NA,NA
S6_150804910,6,150804910,NA,NA,NA,NA
S1_62230831,1,62230831,NA,NA,NA,NA
S4_38286439,4,38286439,NA,NA,NA,NA
S4_38286441,4,38286441,NA,NA,NA,NA
S8_162756592,8,162756592,NA,NA,NA,NA
S1_6170208,1,6170208,NA,NA,NA,NA
S3_5321932,3,5321932,NA,NA,NA,NA
S9_116444807,9,116444807,NA,NA,NA,NA
S4_176502364,4,176502364,NA,NA,NA,NA
S3_187475555,3,187475555,NA,NA,NA,NA
S8_151339194,8,151339194,NA,NA,NA,NA
S9_120414810,9,120414810,NA,NA,NA,NA
S5_216951139,5,216951139,NA,NA,NA,NA
S6_102226570,6,102226570,NA,NA,NA,NA
S3_209553302,3,209553302,NA,NA,NA,NA
S5_174620623,5,174620623,NA,NA,NA,NA
S5_208751119,5,208751119,NA,NA,NA,NA
S10_146170738,10,146170738,NA,NA,NA,NA
S8_113657816,8,113657816,NA,NA,NA,NA
S3_50098797,3,50098797,NA,NA,NA,NA
S7_20171965,7,20171965,NA,NA,NA,NA
S4_22558020,4,22558020,NA,NA,NA,NA
S2_6823195,2,6823195,NA,NA,NA,NA
S1_257792377,1,257792377,NA,NA,NA,NA
S10_114237307,10,114237307,NA,NA,NA,NA
S7_83143730,7,83143730,NA,NA,NA,NA
S6_66107055,6,66107055,NA,NA,NA,NA
S6_8141064,6,8141064,NA,NA,NA,NA
S2_48738973,2,48738973,NA,NA,NA,NA
S7_129741438,7,129741438,NA,NA,NA,NA
S1_74711239,1,74711239,NA,NA,NA,NA
S6_129496207,6,129496207,NA,NA,NA,NA
S6_121078052,6,121078052,NA,NA,NA,NA
S3_196149299,3,196149299,NA,NA,NA,NA
S5_206073127,5,206073127,NA,NA,NA,NA
S3_69965962,3,69965962,NA,NA,NA,NA
S4_196820899,4,196820899,NA,NA,NA,NA
S3_226873219,3,226873219,NA,NA,NA,NA
S5_86032975,5,86032975,NA,NA,NA,NA
S5_86032981,5,86032981,NA,NA,NA,NA
S8_26101846,8,26101846,NA,NA,NA,NA
S6_27336391,6,27336391,NA,NA,NA,NA
S2_62291362,2,62291362,NA,NA,NA,NA
S2_62291363,2,62291363,NA,NA,NA,NA
S8_140582556,8,140582556,NA,NA,NA,NA
S9_130525549,9,130525549,NA,NA,NA,NA
S5_58607921,5,58607921,NA,NA,NA,NA
S6_162676771,6,162676771,NA,NA,NA,NA
S6_133872524,6,133872524,NA,NA,NA,NA
S9_15364651,9,15364651,NA,NA,NA,NA
S8_138510200,8,138510200,NA,NA,NA,NA
S9_4507597,9,4507597,NA,NA,NA,NA
S2_186628938,2,186628938,NA,NA,NA,NA
S2_5763547,2,5763547,NA,NA,NA,NA
S8_145231779,8,145231779,NA,NA,NA,NA
S2_145059535,2,145059535,NA,NA,NA,NA
S3_136380561,3,136380561,NA,NA,NA,NA
S4_146135730,4,146135730,NA,NA,NA,NA
S6_101991919,6,101991919,NA,NA,NA,NA
S5_206744550,5,206744550,NA,NA,NA,NA
S1_18199356,1,18199356,NA,NA,NA,NA
S1_18199385,1,18199385,NA,NA,NA,NA
S1_18199403,1,18199403,NA,NA,NA,NA
S6_141414498,6,141414498,NA,NA,NA,NA
S1_205091150,1,205091150,NA,NA,NA,NA
S2_4046430,2,4046430,NA,NA,NA,NA
S3_147292558,3,147292558,NA,NA,NA,NA
S8_93112212,8,93112212,NA,NA,NA,NA
S8_93112255,8,93112255,NA,NA,NA,NA
S4_211197244,4,211197244,NA,NA,NA,NA
S6_160622666,6,160622666,NA,NA,NA,NA
S3_69965968,3,69965968,NA,NA,NA,NA
S8_170881778,8,170881778,NA,NA,NA,NA
S8_69591768,8,69591768,NA,NA,NA,NA
S5_210885567,5,210885567,NA,NA,NA,NA
S3_177124495,3,177124495,NA,NA,NA,NA
S10_138027028,10,138027028,NA,NA,NA,NA
S6_112280688,6,112280688,NA,NA,NA,NA
S10_148513360,10,148513360,NA,NA,NA,NA
S10_148513361,10,148513361,NA,NA,NA,NA
S8_20829327,8,20829327,NA,NA,NA,NA
S1_86359591,1,86359591,NA,NA,NA,NA
S7_116023633,7,116023633,NA,NA,NA,NA
S6_155392451,6,155392451,NA,NA,NA,NA
S1_209819551,1,209819551,NA,NA,NA,NA
S3_54801888,3,54801888,NA,NA,NA,NA
S4_23524301,4,23524301,NA,NA,NA,NA
S4_23524304,4,23524304,NA,NA,NA,NA
S2_1040723,2,1040723,NA,NA,NA,NA
S2_223706912,2,223706912,NA,NA,NA,NA
S2_224834449,2,224834449,NA,NA,NA,NA
S5_15448423,5,15448423,NA,NA,NA,NA
S10_139301092,10,139301092,NA,NA,NA,NA
S9_56590398,9,56590398,NA,NA,NA,NA
S4_1046471,4,1046471,NA,NA,NA,NA
S5_59310015,5,59310015,NA,NA,NA,NA
S7_133941410,7,133941410,NA,NA,NA,NA
S9_64411543,9,64411543,NA,NA,NA,NA
S1_211451839,1,211451839,NA,NA,NA,NA
S4_170468004,4,170468004,NA,NA,NA,NA
S1_157236881,1,157236881,NA,NA,NA,NA
S2_33178328,2,33178328,NA,NA,NA,NA
S5_84089512,5,84089512,NA,NA,NA,NA
S10_99524294,10,99524294,NA,NA,NA,NA
S4_192232702,4,192232702,NA,NA,NA,NA
S5_31422191,5,31422191,NA,NA,NA,NA
S2_29526764,2,29526764,NA,NA,NA,NA
S8_21909912,8,21909912,NA,NA,NA,NA
S3_225343071,3,225343071,NA,NA,NA,NA
S2_205493595,2,205493595,NA,NA,NA,NA
S9_23280315,9,23280315,NA,NA,NA,NA
S2_54360894,2,54360894,NA,NA,NA,NA
S1_82154917,1,82154917,NA,NA,NA,NA
S3_202114752,3,202114752,NA,NA,NA,NA
S1_1792012,1,1792012,NA,NA,NA,NA
S7_125835683,7,125835683,NA,NA,NA,NA
S5_6568968,5,6568968,NA,NA,NA,NA
S1_194802517,1,194802517,NA,NA,NA,NA
S6_5512214,6,5512214,NA,NA,NA,NA
S3_22320429,3,22320429,NA,NA,NA,NA
S5_179015062,5,179015062,NA,NA,NA,NA
S3_11727559,3,11727559,NA,NA,NA,NA
S7_121011338,7,121011338,NA,NA,NA,NA
S1_283310829,1,283310829,NA,NA,NA,NA
S3_215758405,3,215758405,NA,NA,NA,NA
S4_234358063,4,234358063,NA,NA,NA,NA
S1_16792466,1,16792466,NA,NA,NA,NA
S1_246663778,1,246663778,NA,NA,NA,NA
S1_246663804,1,246663804,NA,NA,NA,NA
S6_102226215,6,102226215,NA,NA,NA,NA
S6_102226217,6,102226217,NA,NA,NA,NA
S5_214949996,5,214949996,NA,NA,NA,NA
S6_128524985,6,128524985,NA,NA,NA,NA
S3_159742848,3,159742848,NA,NA,NA,NA
S1_86654401,1,86654401,NA,NA,NA,NA
S7_130133357,7,130133357,NA,NA,NA,NA
S7_130133358,7,130133358,NA,NA,NA,NA
S7_130133360,7,130133360,NA,NA,NA,NA
S5_200494467,5,200494467,NA,NA,NA,NA
S2_202130980,2,202130980,NA,NA,NA,NA
S7_19055759,7,19055759,NA,NA,NA,NA
S5_1536367,5,1536367,NA,NA,NA,NA
S1_25374670,1,25374670,NA,NA,NA,NA
S9_148261485,9,148261485,NA,NA,NA,NA
S2_117321015,2,117321015,NA,NA,NA,NA
S1_278604708,1,278604708,NA,NA,NA,NA
S6_107105126,6,107105126,NA,NA,NA,NA
S1_258657748,1,258657748,NA,NA,NA,NA
S1_4041107,1,4041107,NA,NA,NA,NA
S1_119698119,1,119698119,NA,NA,NA,NA
S10_147577516,10,147577516,NA,NA,NA,NA
S6_132075503,6,132075503,NA,NA,NA,NA
S9_96711961,9,96711961,NA,NA,NA,NA
S8_27666343,8,27666343,NA,NA,NA,NA
S6_7150083,6,7150083,NA,NA,NA,NA
S9_149646865,9,149646865,NA,NA,NA,NA
S9_149646866,9,149646866,NA,NA,NA,NA
S8_79127843,8,79127843,NA,NA,NA,NA
S1_197581723,1,197581723,NA,NA,NA,NA
S9_152188150,9,152188150,NA,NA,NA,NA
S4_3408014,4,3408014,NA,NA,NA,NA
S7_72260258,7,72260258,NA,NA,NA,NA
S1_230012821,1,230012821,NA,NA,NA,NA
S4_56178946,4,56178946,NA,NA,NA,NA
S6_121499756,6,121499756,NA,NA,NA,NA
S10_114771902,10,114771902,NA,NA,NA,NA
S10_137504133,10,137504133,NA,NA,NA,NA
S7_8930258,7,8930258,NA,NA,NA,NA
S7_172123750,7,172123750,NA,NA,NA,NA
S1_211451841,1,211451841,NA,NA,NA,NA
S1_211451842,1,211451842,NA,NA,NA,NA
S1_211451844,1,211451844,NA,NA,NA,NA
S1_211451845,1,211451845,NA,NA,NA,NA
S3_35493663,3,35493663,NA,NA,NA,NA
S4_113064651,4,113064651,NA,NA,NA,NA
S3_32033531,3,32033531,NA,NA,NA,NA
S8_1523915,8,1523915,NA,NA,NA,NA
S10_149596545,10,149596545,NA,NA,NA,NA
S3_2946607,3,2946607,NA,NA,NA,NA
S1_264953740,1,264953740,NA,NA,NA,NA
S9_138304650,9,138304650,NA,NA,NA,NA
S10_132538996,10,132538996,NA,NA,NA,NA
S1_279135657,1,279135657,NA,NA,NA,NA
S1_239405048,1,239405048,NA,NA,NA,NA
S1_59116665,1,59116665,NA,NA,NA,NA
S1_285310392,1,285310392,NA,NA,NA,NA
S9_81310694,9,81310694,NA,NA,NA,NA
S5_23573801,5,23573801,NA,NA,NA,NA
S2_127824117,2,127824117,NA,NA,NA,NA
S8_13620474,8,13620474,NA,NA,NA,NA
S6_158480137,6,158480137,NA,NA,NA,NA
S9_154651468,9,154651468,NA,NA,NA,NA
S3_175690791,3,175690791,NA,NA,NA,NA
S7_85579298,7,85579298,NA,NA,NA,NA
S2_131337010,2,131337010,NA,NA,NA,NA
S7_137521207,7,137521207,NA,NA,NA,NA
S4_32060664,4,32060664,NA,NA,NA,NA
S4_32060677,4,32060677,NA,NA,NA,NA
S5_206186204,5,206186204,NA,NA,NA,NA
S9_119286841,9,119286841,NA,NA,NA,NA
S5_9812874,5,9812874,NA,NA,NA,NA
S5_9812879,5,9812879,NA,NA,NA,NA
S5_205149653,5,205149653,NA,NA,NA,NA
S5_205149693,5,205149693,NA,NA,NA,NA
S1_9581620,1,9581620,NA,NA,NA,NA
S5_203215174,5,203215174,NA,NA,NA,NA
S8_104268061,8,104268061,NA,NA,NA,NA
S4_237457873,4,237457873,NA,NA,NA,NA
S2_195046874,2,195046874,NA,NA,NA,NA
S5_208262442,5,208262442,NA,NA,NA,NA
S1_234771064,1,234771064,NA,NA,NA,NA
S1_256662921,1,256662921,NA,NA,NA,NA
S3_229583250,3,229583250,NA,NA,NA,NA
S9_98495768,9,98495768,NA,NA,NA,NA
S3_48102159,3,48102159,NA,NA,NA,NA
S9_7107161,9,7107161,NA,NA,NA,NA
S5_193439130,5,193439130,NA,NA,NA,NA
S2_81811956,2,81811956,NA,NA,NA,NA
S5_12387387,5,12387387,NA,NA,NA,NA
S6_123604780,6,123604780,NA,NA,NA,NA
S1_27126864,1,27126864,NA,NA,NA,NA
S1_154080009,1,154080009,NA,NA,NA,NA
S3_205776095,3,205776095,NA,NA,NA,NA
S8_8617154,8,8617154,NA,NA,NA,NA
S1_7391420,1,7391420,NA,NA,NA,NA
S9_115589062,9,115589062,NA,NA,NA,NA
S1_249419690,1,249419690,NA,NA,NA,NA
S2_210388909,2,210388909,NA,NA,NA,NA
S5_176122243,5,176122243,NA,NA,NA,NA
S8_38699240,8,38699240,NA,NA,NA,NA
S1_44176443,1,44176443,NA,NA,NA,NA
S8_135061006,8,135061006,NA,NA,NA,NA
S8_401371,8,401371,NA,NA,NA,NA
S4_152413243,4,152413243,NA,NA,NA,NA
S5_67183201,5,67183201,NA,NA,NA,NA
S5_67183203,5,67183203,NA,NA,NA,NA
S8_139299323,8,139299323,NA,NA,NA,NA
S2_189721850,2,189721850,NA,NA,NA,NA
S1_24206867,1,24206867,NA,NA,NA,NA
S6_156535325,6,156535325,NA,NA,NA,NA
S1_56575033,1,56575033,NA,NA,NA,NA
S2_236609538,2,236609538,NA,NA,NA,NA
S10_143739028,10,143739028,NA,NA,NA,NA
S4_196242422,4,196242422,NA,NA,NA,NA
S1_69288248,1,69288248,NA,NA,NA,NA
S5_208195197,5,208195197,NA,NA,NA,NA
S2_192438466,2,192438466,NA,NA,NA,NA
S3_205392731,3,205392731,NA,NA,NA,NA
S1_63210924,1,63210924,NA,NA,NA,NA
S3_190774878,3,190774878,NA,NA,NA,NA
S5_194114929,5,194114929,NA,NA,NA,NA
S5_199721973,5,199721973,NA,NA,NA,NA
S9_147613069,9,147613069,NA,NA,NA,NA
S8_14841454,8,14841454,NA,NA,NA,NA
S6_149687780,6,149687780,NA,NA,NA,NA
S1_86600323,1,86600323,NA,NA,NA,NA
S1_202167937,1,202167937,NA,NA,NA,NA
S2_44199843,2,44199843,NA,NA,NA,NA
S6_150690851,6,150690851,NA,NA,NA,NA
S5_131570639,5,131570639,NA,NA,NA,NA
S4_165974128,4,165974128,NA,NA,NA,NA
S2_186639658,2,186639658,NA,NA,NA,NA
S2_138892304,2,138892304,NA,NA,NA,NA
S2_2598413,2,2598413,NA,NA,NA,NA
S7_165384622,7,165384622,NA,NA,NA,NA
S8_123844193,8,123844193,NA,NA,NA,NA
S6_159385071,6,159385071,NA,NA,NA,NA
S5_2323691,5,2323691,NA,NA,NA,NA
S1_28424546,1,28424546,NA,NA,NA,NA
S1_28424556,1,28424556,NA,NA,NA,NA
S5_168671641,5,168671641,NA,NA,NA,NA
S1_64239480,1,64239480,NA,NA,NA,NA
S8_158099003,8,158099003,NA,NA,NA,NA
S2_2802061,2,2802061,NA,NA,NA,NA
S8_170160251,8,170160251,NA,NA,NA,NA
S5_177843905,5,177843905,NA,NA,NA,NA
S10_138487650,10,138487650,NA,NA,NA,NA
S2_222415912,2,222415912,NA,NA,NA,NA
S4_7313583,4,7313583,NA,NA,NA,NA
S1_80431822,1,80431822,NA,NA,NA,NA
S1_80431859,1,80431859,NA,NA,NA,NA
S2_203059599,2,203059599,NA,NA,NA,NA
S7_166959064,7,166959064,NA,NA,NA,NA
S7_9363775,7,9363775,NA,NA,NA,NA
S8_150725875,8,150725875,NA,NA,NA,NA
S2_6643962,2,6643962,NA,NA,NA,NA
S2_6643995,2,6643995,NA,NA,NA,NA
S7_168487875,7,168487875,NA,NA,NA,NA
S6_158294470,6,158294470,NA,NA,NA,NA
S8_151339125,8,151339125,NA,NA,NA,NA
S7_161819742,7,161819742,NA,NA,NA,NA
S8_130100127,8,130100127,NA,NA,NA,NA
S2_213815822,2,213815822,NA,NA,NA,NA
S9_24140937,9,24140937,NA,NA,NA,NA
S4_77482238,4,77482238,NA,NA,NA,NA
S7_147159647,7,147159647,NA,NA,NA,NA
S1_102245144,1,102245144,NA,NA,NA,NA
S2_7293430,2,7293430,NA,NA,NA,NA
S9_116243122,9,116243122,NA,NA,NA,NA
S10_133303703,10,133303703,NA,NA,NA,NA
S10_37538066,10,37538066,NA,NA,NA,NA
S1_7390776,1,7390776,NA,NA,NA,NA
S1_5719689,1,5719689,NA,NA,NA,NA
S3_196560212,3,196560212,NA,NA,NA,NA
S8_166837770,8,166837770,NA,NA,NA,NA
S3_173292897,3,173292897,NA,NA,NA,NA
S3_212501788,3,212501788,NA,NA,NA,NA
S9_20114168,9,20114168,NA,NA,NA,NA
S1_227510348,1,227510348,NA,NA,NA,NA
S1_253914095,1,253914095,NA,NA,NA,NA
S7_19254852,7,19254852,NA,NA,NA,NA
S2_149186992,2,149186992,NA,NA,NA,NA
S6_128062358,6,128062358,NA,NA,NA,NA
S1_282668100,1,282668100,NA,NA,NA,NA
S2_3114419,2,3114419,NA,NA,NA,NA
S8_165732993,8,165732993,NA,NA,NA,NA
S8_165733020,8,165733020,NA,NA,NA,NA
S6_167326465,6,167326465,NA,NA,NA,NA
S7_3074278,7,3074278,NA,NA,NA,NA
S9_59830627,9,59830627,NA,NA,NA,NA
S7_152255521,7,152255521,NA,NA,NA,NA
S7_160152511,7,160152511,NA,NA,NA,NA
S10_144919716,10,144919716,NA,NA,NA,NA
S1_295589295,1,295589295,NA,NA,NA,NA
S4_156994628,4,156994628,NA,NA,NA,NA
S5_5901118,5,5901118,NA,NA,NA,NA
S6_165316192,6,165316192,NA,NA,NA,NA
S4_77481552,4,77481552,NA,NA,NA,NA
S3_166796988,3,166796988,NA,NA,NA,NA
S7_173807217,7,173807217,NA,NA,NA,NA
S8_157959988,8,157959988,NA,NA,NA,NA
S6_88152933,6,88152933,NA,NA,NA,NA
S6_88152935,6,88152935,NA,NA,NA,NA
S6_88152949,6,88152949,NA,NA,NA,NA
S6_88152950,6,88152950,NA,NA,NA,NA
S6_88152951,6,88152951,NA,NA,NA,NA
S7_171933625,7,171933625,NA,NA,NA,NA
S5_169876668,5,169876668,NA,NA,NA,NA
S7_132594675,7,132594675,NA,NA,NA,NA
S5_188920036,5,188920036,NA,NA,NA,NA
S1_275765937,1,275765937,NA,NA,NA,NA
S2_196304568,2,196304568,NA,NA,NA,NA
S9_13755136,9,13755136,NA,NA,NA,NA
S3_8124654,3,8124654,NA,NA,NA,NA
S4_199598052,4,199598052,NA,NA,NA,NA
S2_9617579,2,9617579,NA,NA,NA,NA
S2_9617629,2,9617629,NA,NA,NA,NA
S2_202278768,2,202278768,NA,NA,NA,NA
S3_169030279,3,169030279,NA,NA,NA,NA
S1_81516139,1,81516139,NA,NA,NA,NA
S2_195525960,2,195525960,NA,NA,NA,NA
S3_18999789,3,18999789,NA,NA,NA,NA
S5_156970954,5,156970954,NA,NA,NA,NA
S2_20109780,2,20109780,NA,NA,NA,NA
S9_43949680,9,43949680,NA,NA,NA,NA
S10_146338196,10,146338196,NA,NA,NA,NA
S3_2154835,3,2154835,NA,NA,NA,NA
S8_119747737,8,119747737,NA,NA,NA,NA
S3_17002454,3,17002454,NA,NA,NA,NA
S7_164828584,7,164828584,NA,NA,NA,NA
S3_13205843,3,13205843,NA,NA,NA,NA
S2_219293288,2,219293288,NA,NA,NA,NA
S6_114380210,6,114380210,NA,NA,NA,NA
S9_10942605,9,10942605,NA,NA,NA,NA
S6_160331044,6,160331044,NA,NA,NA,NA
S1_221381566,1,221381566,NA,NA,NA,NA
S2_16939180,2,16939180,NA,NA,NA,NA
S2_16939189,2,16939189,NA,NA,NA,NA
S2_16939196,2,16939196,NA,NA,NA,NA
S2_16939202,2,16939202,NA,NA,NA,NA
S2_16939213,2,16939213,NA,NA,NA,NA
S2_16939214,2,16939214,NA,NA,NA,NA
S5_27683593,5,27683593,NA,NA,NA,NA
S5_27683602,5,27683602,NA,NA,NA,NA
S5_27683604,5,27683604,NA,NA,NA,NA
S5_27683635,5,27683635,NA,NA,NA,NA
S5_27683637,5,27683637,NA,NA,NA,NA
S5_27683638,5,27683638,NA,NA,NA,NA
S5_16416345,5,16416345,NA,NA,NA,NA
S2_1360500,2,1360500,NA,NA,NA,NA
S3_58714741,3,58714741,NA,NA,NA,NA
S1_279120228,1,279120228,NA,NA,NA,NA
S2_195541171,2,195541171,NA,NA,NA,NA
S6_162140459,6,162140459,NA,NA,NA,NA
S3_157585695,3,157585695,NA,NA,NA,NA
S3_157585698,3,157585698,NA,NA,NA,NA
S7_171861074,7,171861074,NA,NA,NA,NA
S7_14606282,7,14606282,NA,NA,NA,NA
S9_103687985,9,103687985,NA,NA,NA,NA
S9_103687991,9,103687991,NA,NA,NA,NA
S4_72055959,4,72055959,NA,NA,NA,NA
S2_207040885,2,207040885,NA,NA,NA,NA
S8_10365121,8,10365121,NA,NA,NA,NA
S3_189455714,3,189455714,NA,NA,NA,NA
S10_139839059,10,139839059,NA,NA,NA,NA
S1_10584075,1,10584075,NA,NA,NA,NA
S3_209724389,3,209724389,NA,NA,NA,NA
S3_210558730,3,210558730,NA,NA,NA,NA
S1_44179060,1,44179060,NA,NA,NA,NA
S3_85663005,3,85663005,NA,NA,NA,NA
S1_11910984,1,11910984,NA,NA,NA,NA
S9_147336933,9,147336933,NA,NA,NA,NA
S2_153967749,2,153967749,NA,NA,NA,NA
S2_216984161,2,216984161,NA,NA,NA,NA
S2_220756183,2,220756183,NA,NA,NA,NA
S3_229900361,3,229900361,NA,NA,NA,NA
S1_58473388,1,58473388,NA,NA,NA,NA
S4_144281188,4,144281188,NA,NA,NA,NA
S7_32478663,7,32478663,NA,NA,NA,NA
S6_156535195,6,156535195,NA,NA,NA,NA
S5_191768706,5,191768706,NA,NA,NA,NA
S4_174844887,4,174844887,NA,NA,NA,NA
S1_234218365,1,234218365,NA,NA,NA,NA
S3_134916545,3,134916545,NA,NA,NA,NA
S10_13788567,10,13788567,NA,NA,NA,NA
S9_128120621,9,128120621,NA,NA,NA,NA
S9_128120624,9,128120624,NA,NA,NA,NA
S9_128120625,9,128120625,NA,NA,NA,NA
S9_128120629,9,128120629,NA,NA,NA,NA
S1_51022085,1,51022085,NA,NA,NA,NA
S6_3648877,6,3648877,NA,NA,NA,NA
S7_85263475,7,85263475,NA,NA,NA,NA
S5_198307874,5,198307874,NA,NA,NA,NA
S4_133925876,4,133925876,NA,NA,NA,NA
S4_133925884,4,133925884,NA,NA,NA,NA
S4_32143232,4,32143232,NA,NA,NA,NA
S3_28616548,3,28616548,NA,NA,NA,NA
S1_287985554,1,287985554,NA,NA,NA,NA
S10_140051120,10,140051120,NA,NA,NA,NA
S5_204813637,5,204813637,NA,NA,NA,NA
S8_115294848,8,115294848,NA,NA,NA,NA
S10_94002790,10,94002790,NA,NA,NA,NA
S6_159623364,6,159623364,NA,NA,NA,NA
S4_80247632,4,80247632,NA,NA,NA,NA
S4_80247658,4,80247658,NA,NA,NA,NA
S6_107054272,6,107054272,NA,NA,NA,NA
S6_93323528,6,93323528,NA,NA,NA,NA
S5_3429376,5,3429376,NA,NA,NA,NA
S2_143181321,2,143181321,NA,NA,NA,NA
S4_181890626,4,181890626,NA,NA,NA,NA
S1_2537420,1,2537420,NA,NA,NA,NA
S5_191372656,5,191372656,NA,NA,NA,NA
S7_2874139,7,2874139,NA,NA,NA,NA
S3_208542974,3,208542974,NA,NA,NA,NA
S1_297608050,1,297608050,NA,NA,NA,NA
S4_67022926,4,67022926,NA,NA,NA,NA
S2_165624923,2,165624923,NA,NA,NA,NA
S10_82044932,10,82044932,NA,NA,NA,NA
S3_181097589,3,181097589,NA,NA,NA,NA
S3_4835288,3,4835288,NA,NA,NA,NA
S1_175655273,1,175655273,NA,NA,NA,NA
S5_205145884,5,205145884,NA,NA,NA,NA
S8_120876044,8,120876044,NA,NA,NA,NA
S1_14959113,1,14959113,NA,NA,NA,NA
S1_206859427,1,206859427,NA,NA,NA,NA
S6_87697229,6,87697229,NA,NA,NA,NA
S2_1974360,2,1974360,NA,NA,NA,NA
S3_3477220,3,3477220,NA,NA,NA,NA
S2_233740138,2,233740138,NA,NA,NA,NA
S7_153435764,7,153435764,NA,NA,NA,NA
S1_56307424,1,56307424,NA,NA,NA,NA
S3_212502416,3,212502416,NA,NA,NA,NA
S1_252374502,1,252374502,NA,NA,NA,NA
S4_240047018,4,240047018,NA,NA,NA,NA
S5_20923956,5,20923956,NA,NA,NA,NA
S5_20923952,5,20923952,NA,NA,NA,NA
S5_18157211,5,18157211,NA,NA,NA,NA
S3_167052035,3,167052035,NA,NA,NA,NA
S4_238227895,4,238227895,NA,NA,NA,NA
S1_253798663,1,253798663,NA,NA,NA,NA
S5_32464367,5,32464367,NA,NA,NA,NA
S7_29176768,7,29176768,NA,NA,NA,NA
S5_8334715,5,8334715,NA,NA,NA,NA
S5_8334716,5,8334716,NA,NA,NA,NA
S3_56042925,3,56042925,NA,NA,NA,NA
S9_66686074,9,66686074,NA,NA,NA,NA
S9_66686080,9,66686080,NA,NA,NA,NA
S3_220747697,3,220747697,NA,NA,NA,NA
S5_213913926,5,213913926,NA,NA,NA,NA
S9_14312560,9,14312560,NA,NA,NA,NA
S6_87523974,6,87523974,NA,NA,NA,NA
S4_164170305,4,164170305,NA,NA,NA,NA
S1_228643724,1,228643724,NA,NA,NA,NA
S1_234965995,1,234965995,NA,NA,NA,NA
S8_5604187,8,5604187,NA,NA,NA,NA
S6_159623373,6,159623373,NA,NA,NA,NA
S6_96152977,6,96152977,NA,NA,NA,NA
S8_134630475,8,134630475,NA,NA,NA,NA
S7_167914816,7,167914816,NA,NA,NA,NA
S3_172927922,3,172927922,NA,NA,NA,NA
S6_168111011,6,168111011,NA,NA,NA,NA
S2_15283638,2,15283638,NA,NA,NA,NA
S1_174007805,1,174007805,NA,NA,NA,NA
S3_11397896,3,11397896,NA,NA,NA,NA
S1_32228227,1,32228227,NA,NA,NA,NA
S1_32228238,1,32228238,NA,NA,NA,NA
S7_13959978,7,13959978,NA,NA,NA,NA
S2_51234892,2,51234892,NA,NA,NA,NA
S7_167980640,7,167980640,NA,NA,NA,NA
S9_7266925,9,7266925,NA,NA,NA,NA
S5_200827378,5,200827378,NA,NA,NA,NA
S2_183571129,2,183571129,NA,NA,NA,NA
S5_46529290,5,46529290,NA,NA,NA,NA
S3_15434849,3,15434849,NA,NA,NA,NA
S3_15434900,3,15434900,NA,NA,NA,NA
S3_125614451,3,125614451,NA,NA,NA,NA
S4_200530154,4,200530154,NA,NA,NA,NA
S3_128095947,3,128095947,NA,NA,NA,NA
S6_97382344,6,97382344,NA,NA,NA,NA
S4_35552161,4,35552161,NA,NA,NA,NA
S4_35552191,4,35552191,NA,NA,NA,NA
S2_42785161,2,42785161,NA,NA,NA,NA
S9_58496795,9,58496795,NA,NA,NA,NA
S5_10091280,5,10091280,NA,NA,NA,NA
S4_198566276,4,198566276,NA,NA,NA,NA
S9_137344562,9,137344562,NA,NA,NA,NA
S5_67401104,5,67401104,NA,NA,NA,NA
S1_33799569,1,33799569,NA,NA,NA,NA
S1_220365517,1,220365517,NA,NA,NA,NA
S3_178007067,3,178007067,NA,NA,NA,NA
S9_133939776,9,133939776,NA,NA,NA,NA
S10_113942028,10,113942028,NA,NA,NA,NA
S1_290201001,1,290201001,NA,NA,NA,NA
S6_6183917,6,6183917,NA,NA,NA,NA
S5_204436010,5,204436010,NA,NA,NA,NA
S5_204436025,5,204436025,NA,NA,NA,NA
S4_227660742,4,227660742,NA,NA,NA,NA
S1_288696441,1,288696441,NA,NA,NA,NA
S7_98569397,7,98569397,NA,NA,NA,NA
S4_162263440,4,162263440,NA,NA,NA,NA
S4_18575679,4,18575679,NA,NA,NA,NA
S10_132620479,10,132620479,NA,NA,NA,NA
S10_3191112,10,3191112,NA,NA,NA,NA
S2_14228692,2,14228692,NA,NA,NA,NA
S3_14410570,3,14410570,NA,NA,NA,NA
S8_112835153,8,112835153,NA,NA,NA,NA
S1_271110124,1,271110124,NA,NA,NA,NA
S8_18231765,8,18231765,NA,NA,NA,NA
S2_223284686,2,223284686,NA,NA,NA,NA
S10_5642714,10,5642714,NA,NA,NA,NA
S3_179513255,3,179513255,NA,NA,NA,NA
S10_146164582,10,146164582,NA,NA,NA,NA
S3_178730078,3,178730078,NA,NA,NA,NA
S1_276985041,1,276985041,NA,NA,NA,NA
S8_18231768,8,18231768,NA,NA,NA,NA
S7_174512475,7,174512475,NA,NA,NA,NA
S7_174512526,7,174512526,NA,NA,NA,NA
S7_156739206,7,156739206,NA,NA,NA,NA
S7_99385227,7,99385227,NA,NA,NA,NA
S3_157085274,3,157085274,NA,NA,NA,NA
S3_209113024,3,209113024,NA,NA,NA,NA
S4_198378873,4,198378873,NA,NA,NA,NA
S2_62291306,2,62291306,NA,NA,NA,NA
S3_136907521,3,136907521,NA,NA,NA,NA
S1_102891835,1,102891835,NA,NA,NA,NA
S1_187667824,1,187667824,NA,NA,NA,NA
S2_24258318,2,24258318,NA,NA,NA,NA
S10_145284855,10,145284855,NA,NA,NA,NA
S3_214175963,3,214175963,NA,NA,NA,NA
S5_175589159,5,175589159,NA,NA,NA,NA
S4_22981134,4,22981134,NA,NA,NA,NA
S9_143175735,9,143175735,NA,NA,NA,NA
S2_46437302,2,46437302,NA,NA,NA,NA
S10_139301095,10,139301095,NA,NA,NA,NA
S10_139301097,10,139301097,NA,NA,NA,NA
S2_199175492,2,199175492,NA,NA,NA,NA
S7_2615843,7,2615843,NA,NA,NA,NA
S10_110584061,10,110584061,NA,NA,NA,NA
S10_110584063,10,110584063,NA,NA,NA,NA
S1_182851613,1,182851613,NA,NA,NA,NA
S8_162785639,8,162785639,NA,NA,NA,NA
S5_23268742,5,23268742,NA,NA,NA,NA
S7_52307498,7,52307498,NA,NA,NA,NA
S5_184053730,5,184053730,NA,NA,NA,NA
S9_118062585,9,118062585,NA,NA,NA,NA
S10_148513681,10,148513681,NA,NA,NA,NA
S3_226150275,3,226150275,NA,NA,NA,NA
S3_226150315,3,226150315,NA,NA,NA,NA
S3_199827032,3,199827032,NA,NA,NA,NA
S10_139315280,10,139315280,NA,NA,NA,NA
S9_151302773,9,151302773,NA,NA,NA,NA
S4_146976373,4,146976373,NA,NA,NA,NA
S7_105907533,7,105907533,NA,NA,NA,NA
S1_54926640,1,54926640,NA,NA,NA,NA
S5_210417283,5,210417283,NA,NA,NA,NA
S6_8142472,6,8142472,NA,NA,NA,NA
S6_6259329,6,6259329,NA,NA,NA,NA
S4_41662022,4,41662022,NA,NA,NA,NA
S3_148797155,3,148797155,NA,NA,NA,NA
S8_17420750,8,17420750,NA,NA,NA,NA
S10_107759934,10,107759934,NA,NA,NA,NA
S4_51260618,4,51260618,NA,NA,NA,NA
S5_63802522,5,63802522,NA,NA,NA,NA
S2_220832955,2,220832955,NA,NA,NA,NA
S7_121183373,7,121183373,NA,NA,NA,NA
S2_184967720,2,184967720,NA,NA,NA,NA
S2_136562145,2,136562145,NA,NA,NA,NA
S3_229034827,3,229034827,NA,NA,NA,NA
S1_278034265,1,278034265,NA,NA,NA,NA
S1_279424101,1,279424101,NA,NA,NA,NA
S7_156001363,7,156001363,NA,NA,NA,NA
S4_159747611,4,159747611,NA,NA,NA,NA
S5_204324098,5,204324098,NA,NA,NA,NA
S10_136939318,10,136939318,NA,NA,NA,NA
S10_136939340,10,136939340,NA,NA,NA,NA
S4_189294754,4,189294754,NA,NA,NA,NA
S2_42105358,2,42105358,NA,NA,NA,NA
S3_56014172,3,56014172,NA,NA,NA,NA
S1_15143071,1,15143071,NA,NA,NA,NA
S7_156495795,7,156495795,NA,NA,NA,NA
S7_156495832,7,156495832,NA,NA,NA,NA
S1_88969271,1,88969271,NA,NA,NA,NA
S8_153860390,8,153860390,NA,NA,NA,NA
S1_247944982,1,247944982,NA,NA,NA,NA
S3_49565839,3,49565839,NA,NA,NA,NA
S10_147358175,10,147358175,NA,NA,NA,NA
S6_62735937,6,62735937,NA,NA,NA,NA
S2_222438557,2,222438557,NA,NA,NA,NA
S8_11661307,8,11661307,NA,NA,NA,NA
S6_148593213,6,148593213,NA,NA,NA,NA
S9_153451620,9,153451620,NA,NA,NA,NA
S3_55167339,3,55167339,NA,NA,NA,NA
S1_288805764,1,288805764,NA,NA,NA,NA
S4_186482025,4,186482025,NA,NA,NA,NA
S7_27226426,7,27226426,NA,NA,NA,NA
S1_220823757,1,220823757,NA,NA,NA,NA
S7_6126449,7,6126449,NA,NA,NA,NA
S7_111662551,7,111662551,NA,NA,NA,NA
S8_26344921,8,26344921,NA,NA,NA,NA
S8_72298969,8,72298969,NA,NA,NA,NA
S2_16939193,2,16939193,NA,NA,NA,NA
S4_201083274,4,201083274,NA,NA,NA,NA
S1_46554943,1,46554943,NA,NA,NA,NA
S1_46554950,1,46554950,NA,NA,NA,NA
S4_238040889,4,238040889,NA,NA,NA,NA
S6_76508642,6,76508642,NA,NA,NA,NA
S6_81969267,6,81969267,NA,NA,NA,NA
S7_132594717,7,132594717,NA,NA,NA,NA
S2_9087222,2,9087222,NA,NA,NA,NA
S3_224940351,3,224940351,NA,NA,NA,NA
S4_217595025,4,217595025,NA,NA,NA,NA
S3_3477166,3,3477166,NA,NA,NA,NA
S6_122727992,6,122727992,NA,NA,NA,NA
S3_187711029,3,187711029,NA,NA,NA,NA
S7_19083764,7,19083764,NA,NA,NA,NA
S1_155891493,1,155891493,NA,NA,NA,NA
S3_118066197,3,118066197,NA,NA,NA,NA
S3_118066199,3,118066199,NA,NA,NA,NA
S6_112124037,6,112124037,NA,NA,NA,NA
S6_83616488,6,83616488,NA,NA,NA,NA
S10_132620360,10,132620360,NA,NA,NA,NA
S2_5922348,2,5922348,NA,NA,NA,NA
S10_139193679,10,139193679,NA,NA,NA,NA
S10_1135819,10,1135819,NA,NA,NA,NA
S7_170396819,7,170396819,NA,NA,NA,NA
S7_152586012,7,152586012,NA,NA,NA,NA
S1_29543329,1,29543329,NA,NA,NA,NA
S9_60087808,9,60087808,NA,NA,NA,NA
S5_186961400,5,186961400,NA,NA,NA,NA
S2_204080452,2,204080452,NA,NA,NA,NA
S7_155590086,7,155590086,NA,NA,NA,NA
S7_10047265,7,10047265,NA,NA,NA,NA
S9_135855226,9,135855226,NA,NA,NA,NA
S5_178825825,5,178825825,NA,NA,NA,NA
S5_188667327,5,188667327,NA,NA,NA,NA
S1_195484810,1,195484810,NA,NA,NA,NA
S7_158298828,7,158298828,NA,NA,NA,NA
S1_280579338,1,280579338,NA,NA,NA,NA
S2_130293166,2,130293166,NA,NA,NA,NA
S3_208046297,3,208046297,NA,NA,NA,NA
S4_152893230,4,152893230,NA,NA,NA,NA
S9_20595289,9,20595289,NA,NA,NA,NA
S1_202920553,1,202920553,NA,NA,NA,NA
S2_7178334,2,7178334,NA,NA,NA,NA
S2_42630805,2,42630805,NA,NA,NA,NA
S2_17676757,2,17676757,NA,NA,NA,NA
S2_51814704,2,51814704,NA,NA,NA,NA
S2_188063712,2,188063712,NA,NA,NA,NA
S7_29396619,7,29396619,NA,NA,NA,NA
S10_5896707,10,5896707,NA,NA,NA,NA
S3_166450783,3,166450783,NA,NA,NA,NA
S9_27217591,9,27217591,NA,NA,NA,NA
S4_92346753,4,92346753,NA,NA,NA,NA
S9_116752941,9,116752941,NA,NA,NA,NA
S6_106342083,6,106342083,NA,NA,NA,NA
S1_174005478,1,174005478,NA,NA,NA,NA
S7_106119750,7,106119750,NA,NA,NA,NA
S4_177328731,4,177328731,NA,NA,NA,NA
S1_263200803,1,263200803,NA,NA,NA,NA
S9_109173000,9,109173000,NA,NA,NA,NA
S5_39898304,5,39898304,NA,NA,NA,NA
S8_12848832,8,12848832,NA,NA,NA,NA
S9_123637609,9,123637609,NA,NA,NA,NA
S5_195419383,5,195419383,NA,NA,NA,NA
S1_195187861,1,195187861,NA,NA,NA,NA
S9_23531086,9,23531086,NA,NA,NA,NA
S4_18575682,4,18575682,NA,NA,NA,NA
S5_206745199,5,206745199,NA,NA,NA,NA
S3_164587425,3,164587425,NA,NA,NA,NA
S4_159871344,4,159871344,NA,NA,NA,NA
S8_150801746,8,150801746,NA,NA,NA,NA
S2_14890320,2,14890320,NA,NA,NA,NA
S7_1295584,7,1295584,NA,NA,NA,NA
S7_28818140,7,28818140,NA,NA,NA,NA
S8_171515373,8,171515373,NA,NA,NA,NA
S3_187649652,3,187649652,NA,NA,NA,NA
S10_25301975,10,25301975,NA,NA,NA,NA
S7_107237433,7,107237433,NA,NA,NA,NA
S6_114574899,6,114574899,NA,NA,NA,NA
S4_20409953,4,20409953,NA,NA,NA,NA
S2_189579989,2,189579989,NA,NA,NA,NA
S6_159210946,6,159210946,NA,NA,NA,NA
S5_56902087,5,56902087,NA,NA,NA,NA
S3_159805556,3,159805556,NA,NA,NA,NA
S2_170868093,2,170868093,NA,NA,NA,NA
S3_26022910,3,26022910,NA,NA,NA,NA
S1_12498445,1,12498445,NA,NA,NA,NA
S3_193638463,3,193638463,NA,NA,NA,NA
S4_6544777,4,6544777,NA,NA,NA,NA
S7_29396591,7,29396591,NA,NA,NA,NA
S4_184179207,4,184179207,NA,NA,NA,NA
S2_12267709,2,12267709,NA,NA,NA,NA
S2_32518803,2,32518803,NA,NA,NA,NA
S10_71176067,10,71176067,NA,NA,NA,NA
S3_156053212,3,156053212,NA,NA,NA,NA
S1_150709115,1,150709115,NA,NA,NA,NA
S2_5922364,2,5922364,NA,NA,NA,NA
S1_238813548,1,238813548,NA,NA,NA,NA
S1_30686032,1,30686032,NA,NA,NA,NA
S1_84347629,1,84347629,NA,NA,NA,NA
S2_183919186,2,183919186,NA,NA,NA,NA
S9_140773287,9,140773287,NA,NA,NA,NA
S2_170863621,2,170863621,NA,NA,NA,NA
S4_214783315,4,214783315,NA,NA,NA,NA
S10_132255215,10,132255215,NA,NA,NA,NA
S1_293944033,1,293944033,NA,NA,NA,NA
S2_229021041,2,229021041,NA,NA,NA,NA
S4_201545294,4,201545294,NA,NA,NA,NA
S2_145059524,2,145059524,NA,NA,NA,NA
S7_165157235,7,165157235,NA,NA,NA,NA
S8_14837721,8,14837721,NA,NA,NA,NA
S6_88080289,6,88080289,NA,NA,NA,NA
S5_21933397,5,21933397,NA,NA,NA,NA
S1_28794056,1,28794056,NA,NA,NA,NA
S5_19590445,5,19590445,NA,NA,NA,NA
S6_164802285,6,164802285,NA,NA,NA,NA
S8_101961670,8,101961670,NA,NA,NA,NA
S3_198388275,3,198388275,NA,NA,NA,NA
S6_148828192,6,148828192,NA,NA,NA,NA
S3_181707810,3,181707810,NA,NA,NA,NA
S10_29537222,10,29537222,NA,NA,NA,NA
S8_173805810,8,173805810,NA,NA,NA,NA
S1_77032997,1,77032997,NA,NA,NA,NA
S4_23790725,4,23790725,NA,NA,NA,NA
S10_2228346,10,2228346,NA,NA,NA,NA
S4_198132027,4,198132027,NA,NA,NA,NA
S1_189774841,1,189774841,NA,NA,NA,NA
S1_189774856,1,189774856,NA,NA,NA,NA
S8_17067768,8,17067768,NA,NA,NA,NA
S5_176590150,5,176590150,NA,NA,NA,NA
S2_14439033,2,14439033,NA,NA,NA,NA
S8_166561753,8,166561753,NA,NA,NA,NA
S6_6259250,6,6259250,NA,NA,NA,NA
S9_107791406,9,107791406,NA,NA,NA,NA
S6_19987285,6,19987285,NA,NA,NA,NA
S9_102963323,9,102963323,NA,NA,NA,NA
S6_161835366,6,161835366,NA,NA,NA,NA
S8_139345509,8,139345509,NA,NA,NA,NA
S1_220058577,1,220058577,NA,NA,NA,NA
S7_154701119,7,154701119,NA,NA,NA,NA
S4_180498561,4,180498561,NA,NA,NA,NA
S5_197786186,5,197786186,NA,NA,NA,NA
S3_217096294,3,217096294,NA,NA,NA,NA
S5_36547569,5,36547569,NA,NA,NA,NA
S10_3185550,10,3185550,NA,NA,NA,NA
S1_106063698,1,106063698,NA,NA,NA,NA
S9_37539150,9,37539150,NA,NA,NA,NA
S5_168224042,5,168224042,NA,NA,NA,NA
S1_175165473,1,175165473,NA,NA,NA,NA
S9_104993163,9,104993163,NA,NA,NA,NA
S9_111117695,9,111117695,NA,NA,NA,NA
S9_140347350,9,140347350,NA,NA,NA,NA
S5_208159243,5,208159243,NA,NA,NA,NA
S7_158113488,7,158113488,NA,NA,NA,NA
S6_104673030,6,104673030,NA,NA,NA,NA
S6_85412324,6,85412324,NA,NA,NA,NA
S7_2176124,7,2176124,NA,NA,NA,NA
S8_138943019,8,138943019,NA,NA,NA,NA
S3_221217449,3,221217449,NA,NA,NA,NA
S10_148934738,10,148934738,NA,NA,NA,NA
S10_124824289,10,124824289,NA,NA,NA,NA
S4_67652877,4,67652877,NA,NA,NA,NA
S9_43791243,9,43791243,NA,NA,NA,NA
S9_131520393,9,131520393,NA,NA,NA,NA
S5_78641282,5,78641282,NA,NA,NA,NA
S3_133183810,3,133183810,NA,NA,NA,NA
S10_126538911,10,126538911,NA,NA,NA,NA
S1_12356603,1,12356603,NA,NA,NA,NA
S3_19260565,3,19260565,NA,NA,NA,NA
S3_5581280,3,5581280,NA,NA,NA,NA
S9_1447832,9,1447832,NA,NA,NA,NA
S1_214533866,1,214533866,NA,NA,NA,NA
S2_204238131,2,204238131,NA,NA,NA,NA
S4_38544381,4,38544381,NA,NA,NA,NA
S7_156505000,7,156505000,NA,NA,NA,NA
S3_190568607,3,190568607,NA,NA,NA,NA
S7_153851102,7,153851102,NA,NA,NA,NA
S9_120359825,9,120359825,NA,NA,NA,NA
S8_153708754,8,153708754,NA,NA,NA,NA
S4_127011982,4,127011982,NA,NA,NA,NA
S8_81245243,8,81245243,NA,NA,NA,NA
S5_203110086,5,203110086,NA,NA,NA,NA
S9_145333832,9,145333832,NA,NA,NA,NA
S2_2536660,2,2536660,NA,NA,NA,NA
S4_239413702,4,239413702,NA,NA,NA,NA
S9_148233001,9,148233001,NA,NA,NA,NA
S2_230887760,2,230887760,NA,NA,NA,NA
S10_34415371,10,34415371,NA,NA,NA,NA
S2_44941187,2,44941187,NA,NA,NA,NA
S3_122061563,3,122061563,NA,NA,NA,NA
S8_38429157,8,38429157,NA,NA,NA,NA
S8_38429159,8,38429159,NA,NA,NA,NA
S8_38429160,8,38429160,NA,NA,NA,NA
S8_38429186,8,38429186,NA,NA,NA,NA
S10_140959102,10,140959102,NA,NA,NA,NA
S5_6372845,5,6372845,NA,NA,NA,NA
S9_84127672,9,84127672,NA,NA,NA,NA
S3_169877155,3,169877155,NA,NA,NA,NA
S5_178086934,5,178086934,NA,NA,NA,NA
S1_293575314,1,293575314,NA,NA,NA,NA
S8_138888990,8,138888990,NA,NA,NA,NA
S3_92149433,3,92149433,NA,NA,NA,NA
S3_7689474,3,7689474,NA,NA,NA,NA
S9_114691242,9,114691242,NA,NA,NA,NA
S6_475049,6,475049,NA,NA,NA,NA
S2_168775826,2,168775826,NA,NA,NA,NA
S3_182127055,3,182127055,NA,NA,NA,NA
S10_149556779,10,149556779,NA,NA,NA,NA
S1_267867035,1,267867035,NA,NA,NA,NA
S6_18156740,6,18156740,NA,NA,NA,NA
S1_237583852,1,237583852,NA,NA,NA,NA
S1_237583853,1,237583853,NA,NA,NA,NA
S3_21260935,3,21260935,NA,NA,NA,NA
S1_85989158,1,85989158,NA,NA,NA,NA
S9_152205344,9,152205344,NA,NA,NA,NA
S6_2428162,6,2428162,NA,NA,NA,NA
S9_28047364,9,28047364,NA,NA,NA,NA
S2_37573017,2,37573017,NA,NA,NA,NA
S7_157459657,7,157459657,NA,NA,NA,NA
S10_87132067,10,87132067,NA,NA,NA,NA
S8_142233368,8,142233368,NA,NA,NA,NA
S7_131037726,7,131037726,NA,NA,NA,NA
S7_131037737,7,131037737,NA,NA,NA,NA
S3_216523205,3,216523205,NA,NA,NA,NA
S6_63563322,6,63563322,NA,NA,NA,NA
S1_64966469,1,64966469,NA,NA,NA,NA
S6_25290812,6,25290812,NA,NA,NA,NA
S7_160092465,7,160092465,NA,NA,NA,NA
S1_280977339,1,280977339,NA,NA,NA,NA
S3_186779991,3,186779991,NA,NA,NA,NA
S3_3525375,3,3525375,NA,NA,NA,NA
S10_141509645,10,141509645,NA,NA,NA,NA
S5_46071070,5,46071070,NA,NA,NA,NA
S5_2137843,5,2137843,NA,NA,NA,NA
S1_88891864,1,88891864,NA,NA,NA,NA
S3_230438428,3,230438428,NA,NA,NA,NA
S5_128107308,5,128107308,NA,NA,NA,NA
S4_80246201,4,80246201,NA,NA,NA,NA
S3_169734787,3,169734787,NA,NA,NA,NA
S2_199175436,2,199175436,NA,NA,NA,NA
S1_202305518,1,202305518,NA,NA,NA,NA
S9_149246713,9,149246713,NA,NA,NA,NA
S1_220095770,1,220095770,NA,NA,NA,NA
S5_204333599,5,204333599,NA,NA,NA,NA
S10_4664380,10,4664380,NA,NA,NA,NA
S4_188210319,4,188210319,NA,NA,NA,NA
S4_188210322,4,188210322,NA,NA,NA,NA
S1_29191594,1,29191594,NA,NA,NA,NA
S9_147614798,9,147614798,NA,NA,NA,NA
S5_191768691,5,191768691,NA,NA,NA,NA
S5_191768713,5,191768713,NA,NA,NA,NA
S10_143062372,10,143062372,NA,NA,NA,NA
S5_208085355,5,208085355,NA,NA,NA,NA
S10_114114104,10,114114104,NA,NA,NA,NA
S6_98574047,6,98574047,NA,NA,NA,NA
S7_157504094,7,157504094,NA,NA,NA,NA
S7_157504096,7,157504096,NA,NA,NA,NA
S3_14408467,3,14408467,NA,NA,NA,NA
S2_174677762,2,174677762,NA,NA,NA,NA
S1_65417331,1,65417331,NA,NA,NA,NA
S9_149382039,9,149382039,NA,NA,NA,NA
S4_182010175,4,182010175,NA,NA,NA,NA
S5_68399407,5,68399407,NA,NA,NA,NA
S3_183867892,3,183867892,NA,NA,NA,NA
S6_66897178,6,66897178,NA,NA,NA,NA
S3_225547851,3,225547851,NA,NA,NA,NA
S9_88649565,9,88649565,NA,NA,NA,NA
S2_9557094,2,9557094,NA,NA,NA,NA
S10_144314709,10,144314709,NA,NA,NA,NA
S10_113924666,10,113924666,NA,NA,NA,NA
S6_153128463,6,153128463,NA,NA,NA,NA
S6_153128497,6,153128497,NA,NA,NA,NA
S7_91494799,7,91494799,NA,NA,NA,NA
S1_285096207,1,285096207,NA,NA,NA,NA
S4_35005053,4,35005053,NA,NA,NA,NA
S4_35005089,4,35005089,NA,NA,NA,NA
S1_83781507,1,83781507,NA,NA,NA,NA
S7_165360083,7,165360083,NA,NA,NA,NA
S10_4564890,10,4564890,NA,NA,NA,NA
S8_71061177,8,71061177,NA,NA,NA,NA
S1_25104823,1,25104823,NA,NA,NA,NA
S9_114980354,9,114980354,NA,NA,NA,NA
S8_147263936,8,147263936,NA,NA,NA,NA
S7_128740455,7,128740455,NA,NA,NA,NA
S6_154887714,6,154887714,NA,NA,NA,NA
S6_131142303,6,131142303,NA,NA,NA,NA
S3_86197649,3,86197649,NA,NA,NA,NA
S3_189936751,3,189936751,NA,NA,NA,NA
S7_2175894,7,2175894,NA,NA,NA,NA
S3_179513040,3,179513040,NA,NA,NA,NA
S1_37805063,1,37805063,NA,NA,NA,NA
S5_211038357,5,211038357,NA,NA,NA,NA
S8_13686352,8,13686352,NA,NA,NA,NA
S4_174907255,4,174907255,NA,NA,NA,NA
S10_71051094,10,71051094,NA,NA,NA,NA
S2_202728858,2,202728858,NA,NA,NA,NA
S6_164776510,6,164776510,NA,NA,NA,NA
S6_164776530,6,164776530,NA,NA,NA,NA
S4_155224967,4,155224967,NA,NA,NA,NA
S8_148261707,8,148261707,NA,NA,NA,NA
S1_14103918,1,14103918,NA,NA,NA,NA
S2_20122396,2,20122396,NA,NA,NA,NA
S2_232878021,2,232878021,NA,NA,NA,NA
S1_211199881,1,211199881,NA,NA,NA,NA
S2_183854646,2,183854646,NA,NA,NA,NA
S2_183854647,2,183854647,NA,NA,NA,NA
S10_5727839,10,5727839,NA,NA,NA,NA
S9_139374979,9,139374979,NA,NA,NA,NA
S5_177668298,5,177668298,NA,NA,NA,NA
S1_207191051,1,207191051,NA,NA,NA,NA
S7_169924553,7,169924553,NA,NA,NA,NA
S8_25726333,8,25726333,NA,NA,NA,NA
S1_115219662,1,115219662,NA,NA,NA,NA
S7_162093865,7,162093865,NA,NA,NA,NA
S10_80582141,10,80582141,NA,NA,NA,NA
S5_48836196,5,48836196,NA,NA,NA,NA
S1_10826945,1,10826945,NA,NA,NA,NA
S5_195419371,5,195419371,NA,NA,NA,NA
S7_115704954,7,115704954,NA,NA,NA,NA
S5_140415934,5,140415934,NA,NA,NA,NA
S5_156275074,5,156275074,NA,NA,NA,NA
S7_120353443,7,120353443,NA,NA,NA,NA
S8_13784093,8,13784093,NA,NA,NA,NA
S3_3120492,3,3120492,NA,NA,NA,NA
S4_207260688,4,207260688,NA,NA,NA,NA
S4_207260709,4,207260709,NA,NA,NA,NA
S1_29359982,1,29359982,NA,NA,NA,NA
S9_5292750,9,5292750,NA,NA,NA,NA
S1_53423512,1,53423512,NA,NA,NA,NA
S1_39145326,1,39145326,NA,NA,NA,NA
S2_53680659,2,53680659,NA,NA,NA,NA
S3_229084304,3,229084304,NA,NA,NA,NA
S3_229084346,3,229084346,NA,NA,NA,NA
S3_201250893,3,201250893,NA,NA,NA,NA
S9_152441112,9,152441112,NA,NA,NA,NA
S3_32125600,3,32125600,NA,NA,NA,NA
S1_81579624,1,81579624,NA,NA,NA,NA
S1_211451826,1,211451826,NA,NA,NA,NA
S1_211451828,1,211451828,NA,NA,NA,NA
S1_211451830,1,211451830,NA,NA,NA,NA
S1_211451838,1,211451838,NA,NA,NA,NA
S2_47111423,2,47111423,NA,NA,NA,NA
S6_155607236,6,155607236,NA,NA,NA,NA
S9_151993519,9,151993519,NA,NA,NA,NA
S2_10535122,2,10535122,NA,NA,NA,NA
S5_212595015,5,212595015,NA,NA,NA,NA
S5_7603594,5,7603594,NA,NA,NA,NA
S8_3482222,8,3482222,NA,NA,NA,NA
S10_139076201,10,139076201,NA,NA,NA,NA
S1_5056296,1,5056296,NA,NA,NA,NA
S3_2147101,3,2147101,NA,NA,NA,NA
S5_173389222,5,173389222,NA,NA,NA,NA
S5_212818438,5,212818438,NA,NA,NA,NA
S9_102781035,9,102781035,NA,NA,NA,NA
S9_102781036,9,102781036,NA,NA,NA,NA
S9_102781038,9,102781038,NA,NA,NA,NA
S9_102781039,9,102781039,NA,NA,NA,NA
S10_98799618,10,98799618,NA,NA,NA,NA
S5_16428825,5,16428825,NA,NA,NA,NA
S1_183307373,1,183307373,NA,NA,NA,NA
S2_36838988,2,36838988,NA,NA,NA,NA
S1_251379189,1,251379189,NA,NA,NA,NA
S6_67218491,6,67218491,NA,NA,NA,NA
S2_16037911,2,16037911,NA,NA,NA,NA
S4_29169159,4,29169159,NA,NA,NA,NA
S9_23010455,9,23010455,NA,NA,NA,NA
S3_166436445,3,166436445,NA,NA,NA,NA
S2_144984511,2,144984511,NA,NA,NA,NA
S1_12944898,1,12944898,NA,NA,NA,NA
S7_23960754,7,23960754,NA,NA,NA,NA
S4_146135080,4,146135080,NA,NA,NA,NA
S10_144979925,10,144979925,NA,NA,NA,NA
S5_89288255,5,89288255,NA,NA,NA,NA
S3_188331190,3,188331190,NA,NA,NA,NA
S3_175936733,3,175936733,NA,NA,NA,NA
S10_144729584,10,144729584,NA,NA,NA,NA
S10_144729585,10,144729585,NA,NA,NA,NA
S9_127697363,9,127697363,NA,NA,NA,NA
S3_57372390,3,57372390,NA,NA,NA,NA
S3_57372401,3,57372401,NA,NA,NA,NA
S3_57372428,3,57372428,NA,NA,NA,NA
S3_57372437,3,57372437,NA,NA,NA,NA
S8_132879659,8,132879659,NA,NA,NA,NA
S5_48274793,5,48274793,NA,NA,NA,NA
S5_17476536,5,17476536,NA,NA,NA,NA
S10_127615786,10,127615786,NA,NA,NA,NA
S9_137786902,9,137786902,NA,NA,NA,NA
S5_205147938,5,205147938,NA,NA,NA,NA
S8_22989586,8,22989586,NA,NA,NA,NA
S10_147386026,10,147386026,NA,NA,NA,NA
S3_157085264,3,157085264,NA,NA,NA,NA
S1_44346082,1,44346082,NA,NA,NA,NA
S9_88595633,9,88595633,NA,NA,NA,NA
S9_152205207,9,152205207,NA,NA,NA,NA
S5_76428858,5,76428858,NA,NA,NA,NA
S9_96718600,9,96718600,NA,NA,NA,NA
S4_236728026,4,236728026,NA,NA,NA,NA
S1_182355285,1,182355285,NA,NA,NA,NA
S3_204644548,3,204644548,NA,NA,NA,NA
S6_127767316,6,127767316,NA,NA,NA,NA
S5_208936213,5,208936213,NA,NA,NA,NA
S5_3403523,5,3403523,NA,NA,NA,NA
S6_150075643,6,150075643,NA,NA,NA,NA
S1_190561861,1,190561861,NA,NA,NA,NA
S6_140523356,6,140523356,NA,NA,NA,NA
S4_207871669,4,207871669,NA,NA,NA,NA
S8_1523916,8,1523916,NA,NA,NA,NA
S2_217011793,2,217011793,NA,NA,NA,NA
S8_22684709,8,22684709,NA,NA,NA,NA
S3_212022611,3,212022611,NA,NA,NA,NA
S3_210763265,3,210763265,NA,NA,NA,NA
S7_5134903,7,5134903,NA,NA,NA,NA
S7_165202479,7,165202479,NA,NA,NA,NA
S2_847586,2,847586,NA,NA,NA,NA
S5_193539577,5,193539577,NA,NA,NA,NA
S6_129970076,6,129970076,NA,NA,NA,NA
S3_154627413,3,154627413,NA,NA,NA,NA
S6_129516397,6,129516397,NA,NA,NA,NA
S2_184392045,2,184392045,NA,NA,NA,NA
S3_229386808,3,229386808,NA,NA,NA,NA
S4_17742510,4,17742510,NA,NA,NA,NA
S3_3551059,3,3551059,NA,NA,NA,NA
S5_182089522,5,182089522,NA,NA,NA,NA
S7_6305323,7,6305323,NA,NA,NA,NA
S7_133372618,7,133372618,NA,NA,NA,NA
S8_102951580,8,102951580,NA,NA,NA,NA
S3_12605907,3,12605907,NA,NA,NA,NA
S10_124327829,10,124327829,NA,NA,NA,NA
S3_160665876,3,160665876,NA,NA,NA,NA
S3_60644756,3,60644756,NA,NA,NA,NA
S6_6322503,6,6322503,NA,NA,NA,NA
S7_133162144,7,133162144,NA,NA,NA,NA
S7_133162145,7,133162145,NA,NA,NA,NA
S7_133162146,7,133162146,NA,NA,NA,NA
S5_60775330,5,60775330,NA,NA,NA,NA
S3_223172096,3,223172096,NA,NA,NA,NA
S8_68087222,8,68087222,NA,NA,NA,NA
S2_37117964,2,37117964,NA,NA,NA,NA
S2_31921099,2,31921099,NA,NA,NA,NA
S1_3731407,1,3731407,NA,NA,NA,NA
S2_216628816,2,216628816,NA,NA,NA,NA
S5_23161093,5,23161093,NA,NA,NA,NA
S5_23161099,5,23161099,NA,NA,NA,NA
S2_201211233,2,201211233,NA,NA,NA,NA
S1_166767257,1,166767257,NA,NA,NA,NA
S3_213937656,3,213937656,NA,NA,NA,NA
S3_213937689,3,213937689,NA,NA,NA,NA
S3_179994880,3,179994880,NA,NA,NA,NA
S7_156739192,7,156739192,NA,NA,NA,NA
S7_123684305,7,123684305,NA,NA,NA,NA
S5_21341978,5,21341978,NA,NA,NA,NA
S7_94400747,7,94400747,NA,NA,NA,NA
S4_35080942,4,35080942,NA,NA,NA,NA
S8_164362982,8,164362982,NA,NA,NA,NA
S3_91451688,3,91451688,NA,NA,NA,NA
S3_147408014,3,147408014,NA,NA,NA,NA
S3_147408021,3,147408021,NA,NA,NA,NA
S8_17067757,8,17067757,NA,NA,NA,NA
S4_236701167,4,236701167,NA,NA,NA,NA
S1_250066545,1,250066545,NA,NA,NA,NA
S9_121580853,9,121580853,NA,NA,NA,NA
S7_41418300,7,41418300,NA,NA,NA,NA
S2_6460392,2,6460392,NA,NA,NA,NA
S4_128894289,4,128894289,NA,NA,NA,NA
S7_155026206,7,155026206,NA,NA,NA,NA
S2_211280939,2,211280939,NA,NA,NA,NA
S1_119023786,1,119023786,NA,NA,NA,NA
S1_290286477,1,290286477,NA,NA,NA,NA
S3_33764652,3,33764652,NA,NA,NA,NA
S1_287738411,1,287738411,NA,NA,NA,NA
S3_202036457,3,202036457,NA,NA,NA,NA
S1_276695945,1,276695945,NA,NA,NA,NA
S1_67646712,1,67646712,NA,NA,NA,NA
S9_98920867,9,98920867,NA,NA,NA,NA
S1_6546332,1,6546332,NA,NA,NA,NA
S1_267531238,1,267531238,NA,NA,NA,NA
S4_170027564,4,170027564,NA,NA,NA,NA
S10_10669568,10,10669568,NA,NA,NA,NA
S2_213805599,2,213805599,NA,NA,NA,NA
S2_22947862,2,22947862,NA,NA,NA,NA
S2_42631473,2,42631473,NA,NA,NA,NA
S1_44346036,1,44346036,NA,NA,NA,NA
S6_72860130,6,72860130,NA,NA,NA,NA
S3_145183490,3,145183490,NA,NA,NA,NA
S5_56424606,5,56424606,NA,NA,NA,NA
S5_13726886,5,13726886,NA,NA,NA,NA
S7_130652636,7,130652636,NA,NA,NA,NA
S7_17180549,7,17180549,NA,NA,NA,NA
S5_19590465,5,19590465,NA,NA,NA,NA
S9_151634101,9,151634101,NA,NA,NA,NA
S4_157503596,4,157503596,NA,NA,NA,NA
S7_120721245,7,120721245,NA,NA,NA,NA
S1_55743824,1,55743824,NA,NA,NA,NA
S3_92980606,3,92980606,NA,NA,NA,NA
S7_174328487,7,174328487,NA,NA,NA,NA
S9_24599595,9,24599595,NA,NA,NA,NA
S4_165638046,4,165638046,NA,NA,NA,NA
S10_82049872,10,82049872,NA,NA,NA,NA
S2_192752253,2,192752253,NA,NA,NA,NA
S4_5255816,4,5255816,NA,NA,NA,NA
S5_129223977,5,129223977,NA,NA,NA,NA
S7_36866984,7,36866984,NA,NA,NA,NA
S1_222009214,1,222009214,NA,NA,NA,NA
S4_9485629,4,9485629,NA,NA,NA,NA
S8_109377718,8,109377718,NA,NA,NA,NA
S8_109377725,8,109377725,NA,NA,NA,NA
S8_16770535,8,16770535,NA,NA,NA,NA
S1_173654738,1,173654738,NA,NA,NA,NA
S5_60252303,5,60252303,NA,NA,NA,NA
S1_38252415,1,38252415,NA,NA,NA,NA
S1_246219746,1,246219746,NA,NA,NA,NA
S1_246219747,1,246219747,NA,NA,NA,NA
S7_132590204,7,132590204,NA,NA,NA,NA
S2_209634982,2,209634982,NA,NA,NA,NA
S7_11571973,7,11571973,NA,NA,NA,NA
S1_8538308,1,8538308,NA,NA,NA,NA
S8_8122790,8,8122790,NA,NA,NA,NA
S8_8122824,8,8122824,NA,NA,NA,NA
S2_111583230,2,111583230,NA,NA,NA,NA
S6_149087135,6,149087135,NA,NA,NA,NA
S8_169665436,8,169665436,NA,NA,NA,NA
S5_81860704,5,81860704,NA,NA,NA,NA
S10_99524055,10,99524055,NA,NA,NA,NA
S9_120940944,9,120940944,NA,NA,NA,NA
S4_239803158,4,239803158,NA,NA,NA,NA
S4_239803163,4,239803163,NA,NA,NA,NA
S10_60155916,10,60155916,NA,NA,NA,NA
S7_76563015,7,76563015,NA,NA,NA,NA
S3_129048462,3,129048462,NA,NA,NA,NA
S3_41739842,3,41739842,NA,NA,NA,NA
S6_154164363,6,154164363,NA,NA,NA,NA
S9_24597541,9,24597541,NA,NA,NA,NA
S5_157496744,5,157496744,NA,NA,NA,NA
S2_23737337,2,23737337,NA,NA,NA,NA
S3_148300043,3,148300043,NA,NA,NA,NA
S5_131570540,5,131570540,NA,NA,NA,NA
S8_17059139,8,17059139,NA,NA,NA,NA
S1_58368156,1,58368156,NA,NA,NA,NA
S8_646552,8,646552,NA,NA,NA,NA
S2_231338879,2,231338879,NA,NA,NA,NA
S1_80662087,1,80662087,NA,NA,NA,NA
S9_143037431,9,143037431,NA,NA,NA,NA
S2_195525958,2,195525958,NA,NA,NA,NA
S2_195525978,2,195525978,NA,NA,NA,NA
S2_233426509,2,233426509,NA,NA,NA,NA
S2_215521834,2,215521834,NA,NA,NA,NA
S5_193849787,5,193849787,NA,NA,NA,NA
S6_132472320,6,132472320,NA,NA,NA,NA
S1_212353767,1,212353767,NA,NA,NA,NA
S8_7434557,8,7434557,NA,NA,NA,NA
S4_184155921,4,184155921,NA,NA,NA,NA
S3_28355332,3,28355332,NA,NA,NA,NA
S5_194832347,5,194832347,NA,NA,NA,NA
S9_120735128,9,120735128,NA,NA,NA,NA
S10_148304779,10,148304779,NA,NA,NA,NA
S1_39855780,1,39855780,NA,NA,NA,NA
S9_25922534,9,25922534,NA,NA,NA,NA
S7_162717642,7,162717642,NA,NA,NA,NA
S3_28335147,3,28335147,NA,NA,NA,NA
S9_135271568,9,135271568,NA,NA,NA,NA
S9_135271570,9,135271570,NA,NA,NA,NA
S7_165197581,7,165197581,NA,NA,NA,NA
S9_57836463,9,57836463,NA,NA,NA,NA
S8_10864387,8,10864387,NA,NA,NA,NA
S10_96393193,10,96393193,NA,NA,NA,NA
S10_5642143,10,5642143,NA,NA,NA,NA
S3_142425041,3,142425041,NA,NA,NA,NA
S5_197974599,5,197974599,NA,NA,NA,NA
S6_167643976,6,167643976,NA,NA,NA,NA
S9_150826901,9,150826901,NA,NA,NA,NA
S6_161658030,6,161658030,NA,NA,NA,NA
S2_8502361,2,8502361,NA,NA,NA,NA
S2_22999364,2,22999364,NA,NA,NA,NA
S3_182710243,3,182710243,NA,NA,NA,NA
S6_152466455,6,152466455,NA,NA,NA,NA
S4_5406606,4,5406606,NA,NA,NA,NA
S3_180498840,3,180498840,NA,NA,NA,NA
S3_180498860,3,180498860,NA,NA,NA,NA
S1_166808493,1,166808493,NA,NA,NA,NA
S3_136907517,3,136907517,NA,NA,NA,NA
S6_31005681,6,31005681,NA,NA,NA,NA
S1_43761371,1,43761371,NA,NA,NA,NA
S10_97735087,10,97735087,NA,NA,NA,NA
S6_164869979,6,164869979,NA,NA,NA,NA
S5_10103219,5,10103219,NA,NA,NA,NA
S3_1539517,3,1539517,NA,NA,NA,NA
S2_22500244,2,22500244,NA,NA,NA,NA
S2_22500262,2,22500262,NA,NA,NA,NA
S6_105425226,6,105425226,NA,NA,NA,NA
S2_236974123,2,236974123,NA,NA,NA,NA
S3_226989897,3,226989897,NA,NA,NA,NA
S4_35133283,4,35133283,NA,NA,NA,NA
S4_9741874,4,9741874,NA,NA,NA,NA
S10_2031780,10,2031780,NA,NA,NA,NA
S1_221738938,1,221738938,NA,NA,NA,NA
S6_156821764,6,156821764,NA,NA,NA,NA
S1_22641334,1,22641334,NA,NA,NA,NA
S10_144854564,10,144854564,NA,NA,NA,NA
S7_156118068,7,156118068,NA,NA,NA,NA
S9_8660562,9,8660562,NA,NA,NA,NA
S8_123844185,8,123844185,NA,NA,NA,NA
S9_77316885,9,77316885,NA,NA,NA,NA
S2_177188042,2,177188042,NA,NA,NA,NA
S1_50653090,1,50653090,NA,NA,NA,NA
S5_191378331,5,191378331,NA,NA,NA,NA
S4_71280907,4,71280907,NA,NA,NA,NA
S3_206690180,3,206690180,NA,NA,NA,NA
S10_59877532,10,59877532,NA,NA,NA,NA
S10_59877546,10,59877546,NA,NA,NA,NA
S5_24155097,5,24155097,NA,NA,NA,NA
S3_55169725,3,55169725,NA,NA,NA,NA
S5_7002127,5,7002127,NA,NA,NA,NA
S3_210265641,3,210265641,NA,NA,NA,NA
S8_55982006,8,55982006,NA,NA,NA,NA
S6_118318825,6,118318825,NA,NA,NA,NA
S9_3310280,9,3310280,NA,NA,NA,NA
S1_34387071,1,34387071,NA,NA,NA,NA
S9_152042844,9,152042844,NA,NA,NA,NA
S1_166060711,1,166060711,NA,NA,NA,NA
S2_189721611,2,189721611,NA,NA,NA,NA
S1_30685975,1,30685975,NA,NA,NA,NA
S1_276989122,1,276989122,NA,NA,NA,NA
S3_216345861,3,216345861,NA,NA,NA,NA
S1_81639507,1,81639507,NA,NA,NA,NA
S3_10522277,3,10522277,NA,NA,NA,NA
S2_114790197,2,114790197,NA,NA,NA,NA
S2_114790222,2,114790222,NA,NA,NA,NA
S1_188063767,1,188063767,NA,NA,NA,NA
S1_208431558,1,208431558,NA,NA,NA,NA
S2_196387288,2,196387288,NA,NA,NA,NA
S2_113387505,2,113387505,NA,NA,NA,NA
S5_188714028,5,188714028,NA,NA,NA,NA
S5_200778777,5,200778777,NA,NA,NA,NA
S5_137936729,5,137936729,NA,NA,NA,NA
S6_31421638,6,31421638,NA,NA,NA,NA
S9_130096900,9,130096900,NA,NA,NA,NA
S9_13658074,9,13658074,NA,NA,NA,NA
S3_33971939,3,33971939,NA,NA,NA,NA
S1_5648074,1,5648074,NA,NA,NA,NA
S5_83133216,5,83133216,NA,NA,NA,NA
S4_830568,4,830568,NA,NA,NA,NA
S7_28265915,7,28265915,NA,NA,NA,NA
S5_2582810,5,2582810,NA,NA,NA,NA
S7_171346672,7,171346672,NA,NA,NA,NA
S7_171346684,7,171346684,NA,NA,NA,NA
S1_32081080,1,32081080,NA,NA,NA,NA
S3_189936689,3,189936689,NA,NA,NA,NA
S6_154161104,6,154161104,NA,NA,NA,NA
S1_291258884,1,291258884,NA,NA,NA,NA
S3_211725389,3,211725389,NA,NA,NA,NA
S7_126162367,7,126162367,NA,NA,NA,NA
S8_24430654,8,24430654,NA,NA,NA,NA
S2_199165290,2,199165290,NA,NA,NA,NA
S10_142798529,10,142798529,NA,NA,NA,NA
S2_4839313,2,4839313,NA,NA,NA,NA
S6_166828511,6,166828511,NA,NA,NA,NA
S3_209828904,3,209828904,NA,NA,NA,NA
S3_165448326,3,165448326,NA,NA,NA,NA
S1_158004045,1,158004045,NA,NA,NA,NA
S3_14863962,3,14863962,NA,NA,NA,NA
S1_198473237,1,198473237,NA,NA,NA,NA
S7_153851107,7,153851107,NA,NA,NA,NA
S8_13138185,8,13138185,NA,NA,NA,NA
S10_145175364,10,145175364,NA,NA,NA,NA
S9_57608906,9,57608906,NA,NA,NA,NA
S6_118752645,6,118752645,NA,NA,NA,NA
S6_118752647,6,118752647,NA,NA,NA,NA
S6_118752653,6,118752653,NA,NA,NA,NA
S8_129938761,8,129938761,NA,NA,NA,NA
S5_199389817,5,199389817,NA,NA,NA,NA
S7_148455745,7,148455745,NA,NA,NA,NA
S6_57748707,6,57748707,NA,NA,NA,NA
S1_3739939,1,3739939,NA,NA,NA,NA
S1_3739940,1,3739940,NA,NA,NA,NA
S1_3739941,1,3739941,NA,NA,NA,NA
S1_3739942,1,3739942,NA,NA,NA,NA
S9_30188048,9,30188048,NA,NA,NA,NA
S4_158705253,4,158705253,NA,NA,NA,NA
S3_169220254,3,169220254,NA,NA,NA,NA
S10_120793163,10,120793163,NA,NA,NA,NA
S2_37575697,2,37575697,NA,NA,NA,NA
S2_41244618,2,41244618,NA,NA,NA,NA
S1_279187360,1,279187360,NA,NA,NA,NA
S10_148581023,10,148581023,NA,NA,NA,NA
S7_158155290,7,158155290,NA,NA,NA,NA
S1_180626411,1,180626411,NA,NA,NA,NA
S2_16401953,2,16401953,NA,NA,NA,NA
S5_140092715,5,140092715,NA,NA,NA,NA
S5_140092718,5,140092718,NA,NA,NA,NA
S3_7925993,3,7925993,NA,NA,NA,NA
S6_91617226,6,91617226,NA,NA,NA,NA
S10_85195327,10,85195327,NA,NA,NA,NA
S3_153921713,3,153921713,NA,NA,NA,NA
S7_161684690,7,161684690,NA,NA,NA,NA
S7_154702367,7,154702367,NA,NA,NA,NA
S3_220856850,3,220856850,NA,NA,NA,NA
S8_117297679,8,117297679,NA,NA,NA,NA
S9_147546150,9,147546150,NA,NA,NA,NA
S9_147546162,9,147546162,NA,NA,NA,NA
S6_156879390,6,156879390,NA,NA,NA,NA
S4_237776678,4,237776678,NA,NA,NA,NA
S8_145083115,8,145083115,NA,NA,NA,NA
S9_111117720,9,111117720,NA,NA,NA,NA
S2_1543191,2,1543191,NA,NA,NA,NA
S7_15661033,7,15661033,NA,NA,NA,NA
S8_136298259,8,136298259,NA,NA,NA,NA
S5_208925799,5,208925799,NA,NA,NA,NA
S7_41795159,7,41795159,NA,NA,NA,NA
S9_104630845,9,104630845,NA,NA,NA,NA
S3_220845226,3,220845226,NA,NA,NA,NA
S3_220845228,3,220845228,NA,NA,NA,NA
S9_74313718,9,74313718,NA,NA,NA,NA
S1_176053311,1,176053311,NA,NA,NA,NA
S5_162897220,5,162897220,NA,NA,NA,NA
S3_219064024,3,219064024,NA,NA,NA,NA
S1_164090748,1,164090748,NA,NA,NA,NA
S10_129586298,10,129586298,NA,NA,NA,NA
S10_132620488,10,132620488,NA,NA,NA,NA
S3_61340676,3,61340676,NA,NA,NA,NA
S4_5037458,4,5037458,NA,NA,NA,NA
S1_288638938,1,288638938,NA,NA,NA,NA
S3_1633316,3,1633316,NA,NA,NA,NA
S1_196693620,1,196693620,NA,NA,NA,NA
S2_27999549,2,27999549,NA,NA,NA,NA
S1_24931721,1,24931721,NA,NA,NA,NA
S10_130077036,10,130077036,NA,NA,NA,NA
S1_12855584,1,12855584,NA,NA,NA,NA
S1_12855585,1,12855585,NA,NA,NA,NA
S10_2232149,10,2232149,NA,NA,NA,NA
S7_15277511,7,15277511,NA,NA,NA,NA
S10_37905072,10,37905072,NA,NA,NA,NA
S3_215087788,3,215087788,NA,NA,NA,NA
S9_19537865,9,19537865,NA,NA,NA,NA
S6_164776489,6,164776489,NA,NA,NA,NA
S10_113942072,10,113942072,NA,NA,NA,NA
S6_166812288,6,166812288,NA,NA,NA,NA
S2_15247048,2,15247048,NA,NA,NA,NA
S10_68394298,10,68394298,NA,NA,NA,NA
S2_187075395,2,187075395,NA,NA,NA,NA
S2_120131353,2,120131353,NA,NA,NA,NA
S2_120131375,2,120131375,NA,NA,NA,NA
S5_72696409,5,72696409,NA,NA,NA,NA
S5_169838118,5,169838118,NA,NA,NA,NA
S9_82734416,9,82734416,NA,NA,NA,NA
S6_656565,6,656565,NA,NA,NA,NA
S4_81526447,4,81526447,NA,NA,NA,NA
S4_81526453,4,81526453,NA,NA,NA,NA
S4_81526456,4,81526456,NA,NA,NA,NA
S5_156842214,5,156842214,NA,NA,NA,NA
S3_11631799,3,11631799,NA,NA,NA,NA
S3_126109240,3,126109240,NA,NA,NA,NA
S7_152809996,7,152809996,NA,NA,NA,NA
S1_201740357,1,201740357,NA,NA,NA,NA
S5_6113712,5,6113712,NA,NA,NA,NA
S1_214154771,1,214154771,NA,NA,NA,NA
S7_74167351,7,74167351,NA,NA,NA,NA
S7_25910221,7,25910221,NA,NA,NA,NA
S7_124149148,7,124149148,NA,NA,NA,NA
S6_7038193,6,7038193,NA,NA,NA,NA
S3_2720120,3,2720120,NA,NA,NA,NA
S2_12352862,2,12352862,NA,NA,NA,NA
S6_2591172,6,2591172,NA,NA,NA,NA
S3_148564155,3,148564155,NA,NA,NA,NA
S8_73852947,8,73852947,NA,NA,NA,NA
S5_7262285,5,7262285,NA,NA,NA,NA
S9_86530526,9,86530526,NA,NA,NA,NA
S3_184268692,3,184268692,NA,NA,NA,NA
S3_130182788,3,130182788,NA,NA,NA,NA
S2_13452861,2,13452861,NA,NA,NA,NA
S1_271627705,1,271627705,NA,NA,NA,NA
S3_2144091,3,2144091,NA,NA,NA,NA
S6_84521580,6,84521580,NA,NA,NA,NA
S5_174619981,5,174619981,NA,NA,NA,NA
S5_174619983,5,174619983,NA,NA,NA,NA
S8_165596652,8,165596652,NA,NA,NA,NA
S4_20409832,4,20409832,NA,NA,NA,NA
S2_185399318,2,185399318,NA,NA,NA,NA
S10_1714578,10,1714578,NA,NA,NA,NA
S9_24486987,9,24486987,NA,NA,NA,NA
S3_201228326,3,201228326,NA,NA,NA,NA
S8_144540182,8,144540182,NA,NA,NA,NA
S8_144540185,8,144540185,NA,NA,NA,NA
S8_144540203,8,144540203,NA,NA,NA,NA
S1_55503865,1,55503865,NA,NA,NA,NA
S6_32468364,6,32468364,NA,NA,NA,NA
S10_127255536,10,127255536,NA,NA,NA,NA
S5_76635623,5,76635623,NA,NA,NA,NA
S1_192731591,1,192731591,NA,NA,NA,NA
S5_200685249,5,200685249,NA,NA,NA,NA
S2_223284689,2,223284689,NA,NA,NA,NA
S2_222815122,2,222815122,NA,NA,NA,NA
S8_127722218,8,127722218,NA,NA,NA,NA
S1_11949092,1,11949092,NA,NA,NA,NA
S3_3716143,3,3716143,NA,NA,NA,NA
S8_87084946,8,87084946,NA,NA,NA,NA
S1_288013115,1,288013115,NA,NA,NA,NA
S6_107178927,6,107178927,NA,NA,NA,NA
S10_132620390,10,132620390,NA,NA,NA,NA
S3_201070611,3,201070611,NA,NA,NA,NA
S7_33915267,7,33915267,NA,NA,NA,NA
S3_229871649,3,229871649,NA,NA,NA,NA
S3_125714209,3,125714209,NA,NA,NA,NA
S3_125714221,3,125714221,NA,NA,NA,NA
S1_19560370,1,19560370,NA,NA,NA,NA
S1_16122832,1,16122832,NA,NA,NA,NA
S3_216257541,3,216257541,NA,NA,NA,NA
S3_132905769,3,132905769,NA,NA,NA,NA
S5_212351218,5,212351218,NA,NA,NA,NA
S3_189691696,3,189691696,NA,NA,NA,NA
S3_217007794,3,217007794,NA,NA,NA,NA
S10_137830985,10,137830985,NA,NA,NA,NA
S1_249497471,1,249497471,NA,NA,NA,NA
S4_193507623,4,193507623,NA,NA,NA,NA
S7_145969328,7,145969328,NA,NA,NA,NA
S6_90549580,6,90549580,NA,NA,NA,NA
S3_199494161,3,199494161,NA,NA,NA,NA
S7_45385136,7,45385136,NA,NA,NA,NA
S9_60954324,9,60954324,NA,NA,NA,NA
S5_200292417,5,200292417,NA,NA,NA,NA
S2_18072884,2,18072884,NA,NA,NA,NA
S2_38331233,2,38331233,NA,NA,NA,NA
S1_191199863,1,191199863,NA,NA,NA,NA
S8_166926271,8,166926271,NA,NA,NA,NA
S5_37719931,5,37719931,NA,NA,NA,NA
S4_196927659,4,196927659,NA,NA,NA,NA
S6_159435101,6,159435101,NA,NA,NA,NA
S4_232906069,4,232906069,NA,NA,NA,NA
S8_2079419,8,2079419,NA,NA,NA,NA
S6_57491597,6,57491597,NA,NA,NA,NA
S9_129078802,9,129078802,NA,NA,NA,NA
S8_145795246,8,145795246,NA,NA,NA,NA
S2_36451587,2,36451587,NA,NA,NA,NA
S8_169788397,8,169788397,NA,NA,NA,NA
S2_80446490,2,80446490,NA,NA,NA,NA
S9_77700787,9,77700787,NA,NA,NA,NA
S8_26859092,8,26859092,NA,NA,NA,NA
S1_167897496,1,167897496,NA,NA,NA,NA
S9_23279629,9,23279629,NA,NA,NA,NA
S3_122076004,3,122076004,NA,NA,NA,NA
S1_281635538,1,281635538,NA,NA,NA,NA
S3_143488376,3,143488376,NA,NA,NA,NA
S3_56819845,3,56819845,NA,NA,NA,NA
S6_129516798,6,129516798,NA,NA,NA,NA
S5_14606716,5,14606716,NA,NA,NA,NA
S5_173383047,5,173383047,NA,NA,NA,NA
S9_145378009,9,145378009,NA,NA,NA,NA
S3_199984348,3,199984348,NA,NA,NA,NA
S2_158388814,2,158388814,NA,NA,NA,NA
S2_136563210,2,136563210,NA,NA,NA,NA
S1_24196122,1,24196122,NA,NA,NA,NA
S2_36763385,2,36763385,NA,NA,NA,NA
S1_48379110,1,48379110,NA,NA,NA,NA
S1_180632060,1,180632060,NA,NA,NA,NA
S8_6465232,8,6465232,NA,NA,NA,NA
S2_55560563,2,55560563,NA,NA,NA,NA
S3_86873689,3,86873689,NA,NA,NA,NA
S1_92244122,1,92244122,NA,NA,NA,NA
S6_158476135,6,158476135,NA,NA,NA,NA
S1_287704664,1,287704664,NA,NA,NA,NA
S1_238343143,1,238343143,NA,NA,NA,NA
S1_268431317,1,268431317,NA,NA,NA,NA
S9_6887270,9,6887270,NA,NA,NA,NA
S9_94183012,9,94183012,NA,NA,NA,NA
S4_82776700,4,82776700,NA,NA,NA,NA
S4_218667107,4,218667107,NA,NA,NA,NA
S7_29396585,7,29396585,NA,NA,NA,NA
S7_29396586,7,29396586,NA,NA,NA,NA
S7_29396588,7,29396588,NA,NA,NA,NA
S8_159402187,8,159402187,NA,NA,NA,NA
S1_64015678,1,64015678,NA,NA,NA,NA
S1_14449198,1,14449198,NA,NA,NA,NA
S10_148640612,10,148640612,NA,NA,NA,NA
S10_148640618,10,148640618,NA,NA,NA,NA
S10_148640623,10,148640623,NA,NA,NA,NA
S10_148640626,10,148640626,NA,NA,NA,NA
S8_134742821,8,134742821,NA,NA,NA,NA
S3_34108049,3,34108049,NA,NA,NA,NA
S1_295439172,1,295439172,NA,NA,NA,NA
S3_66944596,3,66944596,NA,NA,NA,NA
S9_86530186,9,86530186,NA,NA,NA,NA
S3_5675908,3,5675908,NA,NA,NA,NA
S9_73248117,9,73248117,NA,NA,NA,NA
S2_30340797,2,30340797,NA,NA,NA,NA
S1_31578253,1,31578253,NA,NA,NA,NA
S3_187339659,3,187339659,NA,NA,NA,NA
S5_182091381,5,182091381,NA,NA,NA,NA
S8_158118055,8,158118055,NA,NA,NA,NA
S8_149801597,8,149801597,NA,NA,NA,NA
S7_33914275,7,33914275,NA,NA,NA,NA
S5_201079192,5,201079192,NA,NA,NA,NA
S5_201079207,5,201079207,NA,NA,NA,NA
S5_201079210,5,201079210,NA,NA,NA,NA
S9_115946280,9,115946280,NA,NA,NA,NA
S7_160029373,7,160029373,NA,NA,NA,NA
S6_106883172,6,106883172,NA,NA,NA,NA
S2_143272981,2,143272981,NA,NA,NA,NA
S2_232985999,2,232985999,NA,NA,NA,NA
S3_56282890,3,56282890,NA,NA,NA,NA
S2_41244576,2,41244576,NA,NA,NA,NA
S2_6979796,2,6979796,NA,NA,NA,NA
S7_121183372,7,121183372,NA,NA,NA,NA
S4_26805493,4,26805493,NA,NA,NA,NA
S2_169147193,2,169147193,NA,NA,NA,NA
S6_127446994,6,127446994,NA,NA,NA,NA
S8_153015600,8,153015600,NA,NA,NA,NA
S1_174008169,1,174008169,NA,NA,NA,NA
S3_143859241,3,143859241,NA,NA,NA,NA
S5_3393866,5,3393866,NA,NA,NA,NA
S7_116077015,7,116077015,NA,NA,NA,NA
S6_165352869,6,165352869,NA,NA,NA,NA
S6_129516776,6,129516776,NA,NA,NA,NA
S4_176646459,4,176646459,NA,NA,NA,NA
S4_176646487,4,176646487,NA,NA,NA,NA
S5_147109716,5,147109716,NA,NA,NA,NA
S8_43288389,8,43288389,NA,NA,NA,NA
S6_28092976,6,28092976,NA,NA,NA,NA
S5_208988336,5,208988336,NA,NA,NA,NA
S2_189825020,2,189825020,NA,NA,NA,NA
S4_161551156,4,161551156,NA,NA,NA,NA
S6_105753110,6,105753110,NA,NA,NA,NA
S10_114956580,10,114956580,NA,NA,NA,NA
S2_6015119,2,6015119,NA,NA,NA,NA
S2_6015130,2,6015130,NA,NA,NA,NA
S8_75991276,8,75991276,NA,NA,NA,NA
S2_17864855,2,17864855,NA,NA,NA,NA
S1_279913529,1,279913529,NA,NA,NA,NA
S6_139592072,6,139592072,NA,NA,NA,NA
S5_212203560,5,212203560,NA,NA,NA,NA
S9_26611444,9,26611444,NA,NA,NA,NA
S9_8429290,9,8429290,NA,NA,NA,NA
S1_44346098,1,44346098,NA,NA,NA,NA
S6_100083373,6,100083373,NA,NA,NA,NA
S7_168786088,7,168786088,NA,NA,NA,NA
S7_117675186,7,117675186,NA,NA,NA,NA
S1_207177099,1,207177099,NA,NA,NA,NA
S9_144882430,9,144882430,NA,NA,NA,NA
S8_11661299,8,11661299,NA,NA,NA,NA
S10_26717384,10,26717384,NA,NA,NA,NA
S3_175689146,3,175689146,NA,NA,NA,NA
S2_198408451,2,198408451,NA,NA,NA,NA
S7_147715984,7,147715984,NA,NA,NA,NA
S5_2255254,5,2255254,NA,NA,NA,NA
S4_27980684,4,27980684,NA,NA,NA,NA
S2_67884956,2,67884956,NA,NA,NA,NA
S7_103945885,7,103945885,NA,NA,NA,NA
S2_186439003,2,186439003,NA,NA,NA,NA
S8_129496568,8,129496568,NA,NA,NA,NA
S9_154310316,9,154310316,NA,NA,NA,NA
S5_69308290,5,69308290,NA,NA,NA,NA
S4_147746750,4,147746750,NA,NA,NA,NA
S4_147746755,4,147746755,NA,NA,NA,NA
S8_3240759,8,3240759,NA,NA,NA,NA
S2_192395606,2,192395606,NA,NA,NA,NA
S5_195419380,5,195419380,NA,NA,NA,NA
S3_146656332,3,146656332,NA,NA,NA,NA
S10_10245598,10,10245598,NA,NA,NA,NA
S3_86874187,3,86874187,NA,NA,NA,NA
S9_87813219,9,87813219,NA,NA,NA,NA
S6_162662708,6,162662708,NA,NA,NA,NA
S3_166450814,3,166450814,NA,NA,NA,NA
S3_166450823,3,166450823,NA,NA,NA,NA
S3_166450833,3,166450833,NA,NA,NA,NA
S4_30947335,4,30947335,NA,NA,NA,NA
S3_206943424,3,206943424,NA,NA,NA,NA
S6_138188506,6,138188506,NA,NA,NA,NA
S6_164776498,6,164776498,NA,NA,NA,NA
S6_164776506,6,164776506,NA,NA,NA,NA
S1_175295826,1,175295826,NA,NA,NA,NA
S3_178730023,3,178730023,NA,NA,NA,NA
S3_176677922,3,176677922,NA,NA,NA,NA
S3_176677931,3,176677931,NA,NA,NA,NA
S2_23837250,2,23837250,NA,NA,NA,NA
S9_19932716,9,19932716,NA,NA,NA,NA
S5_48504757,5,48504757,NA,NA,NA,NA
S1_286366154,1,286366154,NA,NA,NA,NA
S3_212771126,3,212771126,NA,NA,NA,NA
S1_191369813,1,191369813,NA,NA,NA,NA
S2_71605278,2,71605278,NA,NA,NA,NA
S2_29666471,2,29666471,NA,NA,NA,NA
S7_104262239,7,104262239,NA,NA,NA,NA
S9_149456962,9,149456962,NA,NA,NA,NA
S5_194091903,5,194091903,NA,NA,NA,NA
S4_173309247,4,173309247,NA,NA,NA,NA
S2_5685696,2,5685696,NA,NA,NA,NA
S1_222304681,1,222304681,NA,NA,NA,NA
S2_86001851,2,86001851,NA,NA,NA,NA
S6_26717560,6,26717560,NA,NA,NA,NA
S4_31674100,4,31674100,NA,NA,NA,NA
S8_93112223,8,93112223,NA,NA,NA,NA
S8_93112257,8,93112257,NA,NA,NA,NA
S9_34176853,9,34176853,NA,NA,NA,NA
S2_213100471,2,213100471,NA,NA,NA,NA
S1_196053478,1,196053478,NA,NA,NA,NA
S9_1587939,9,1587939,NA,NA,NA,NA
S7_141841169,7,141841169,NA,NA,NA,NA
S7_158958726,7,158958726,NA,NA,NA,NA
S9_73473619,9,73473619,NA,NA,NA,NA
S8_119584286,8,119584286,NA,NA,NA,NA
S8_171543964,8,171543964,NA,NA,NA,NA
S4_173792907,4,173792907,NA,NA,NA,NA
S5_163119015,5,163119015,NA,NA,NA,NA
S2_23738171,2,23738171,NA,NA,NA,NA
S9_152487487,9,152487487,NA,NA,NA,NA
S3_151971622,3,151971622,NA,NA,NA,NA
S10_146687463,10,146687463,NA,NA,NA,NA
S8_155160710,8,155160710,NA,NA,NA,NA
S2_180157632,2,180157632,NA,NA,NA,NA
S2_194115002,2,194115002,NA,NA,NA,NA
S3_143181265,3,143181265,NA,NA,NA,NA
S1_212573533,1,212573533,NA,NA,NA,NA
S8_145973520,8,145973520,NA,NA,NA,NA
S6_165316207,6,165316207,NA,NA,NA,NA
S2_127650854,2,127650854,NA,NA,NA,NA
S6_2881326,6,2881326,NA,NA,NA,NA
S7_136390686,7,136390686,NA,NA,NA,NA
S2_175629471,2,175629471,NA,NA,NA,NA
S1_158004261,1,158004261,NA,NA,NA,NA
S5_13970388,5,13970388,NA,NA,NA,NA
S7_164079269,7,164079269,NA,NA,NA,NA
S2_205904664,2,205904664,NA,NA,NA,NA
S2_209114441,2,209114441,NA,NA,NA,NA
S1_218286345,1,218286345,NA,NA,NA,NA
S2_160798572,2,160798572,NA,NA,NA,NA
S3_178151999,3,178151999,NA,NA,NA,NA
S6_147140408,6,147140408,NA,NA,NA,NA
S3_131050757,3,131050757,NA,NA,NA,NA
S3_131050767,3,131050767,NA,NA,NA,NA
S8_143278419,8,143278419,NA,NA,NA,NA
S8_65785251,8,65785251,NA,NA,NA,NA
S9_110320081,9,110320081,NA,NA,NA,NA
S4_158498476,4,158498476,NA,NA,NA,NA
S7_4802441,7,4802441,NA,NA,NA,NA
S5_197786177,5,197786177,NA,NA,NA,NA
S5_34960578,5,34960578,NA,NA,NA,NA
S4_240328710,4,240328710,NA,NA,NA,NA
S10_90244958,10,90244958,NA,NA,NA,NA
S8_146483206,8,146483206,NA,NA,NA,NA
S7_172717530,7,172717530,NA,NA,NA,NA
S2_189722450,2,189722450,NA,NA,NA,NA
S1_7072573,1,7072573,NA,NA,NA,NA
S9_9719840,9,9719840,NA,NA,NA,NA
S2_177187687,2,177187687,NA,NA,NA,NA
S4_20409895,4,20409895,NA,NA,NA,NA
S7_108386984,7,108386984,NA,NA,NA,NA
S2_10718985,2,10718985,NA,NA,NA,NA
S7_36259088,7,36259088,NA,NA,NA,NA
S3_179410462,3,179410462,NA,NA,NA,NA
S3_218835935,3,218835935,NA,NA,NA,NA
S9_127854256,9,127854256,NA,NA,NA,NA
S2_11060442,2,11060442,NA,NA,NA,NA
S7_103945874,7,103945874,NA,NA,NA,NA
S8_25011072,8,25011072,NA,NA,NA,NA
S3_24855747,3,24855747,NA,NA,NA,NA
S1_83009824,1,83009824,NA,NA,NA,NA
S3_86840593,3,86840593,NA,NA,NA,NA
S7_78785515,7,78785515,NA,NA,NA,NA
S5_215626764,5,215626764,NA,NA,NA,NA
S4_74639721,4,74639721,NA,NA,NA,NA
S5_174168947,5,174168947,NA,NA,NA,NA
S3_201189655,3,201189655,NA,NA,NA,NA
S3_26081370,3,26081370,NA,NA,NA,NA
S6_115582666,6,115582666,NA,NA,NA,NA
S2_225127676,2,225127676,NA,NA,NA,NA
S2_225127682,2,225127682,NA,NA,NA,NA
S9_132045449,9,132045449,NA,NA,NA,NA
S2_209130798,2,209130798,NA,NA,NA,NA
S2_209130801,2,209130801,NA,NA,NA,NA
S4_1222713,4,1222713,NA,NA,NA,NA
S1_289064443,1,289064443,NA,NA,NA,NA
S1_165075681,1,165075681,NA,NA,NA,NA
S1_6200717,1,6200717,NA,NA,NA,NA
S6_5639067,6,5639067,NA,NA,NA,NA
S2_212824128,2,212824128,NA,NA,NA,NA
S2_212824131,2,212824131,NA,NA,NA,NA
S7_130988045,7,130988045,NA,NA,NA,NA
S7_130988072,7,130988072,NA,NA,NA,NA
S6_110818663,6,110818663,NA,NA,NA,NA
S6_110818685,6,110818685,NA,NA,NA,NA
S9_100310640,9,100310640,NA,NA,NA,NA
S2_36451561,2,36451561,NA,NA,NA,NA
S3_147328293,3,147328293,NA,NA,NA,NA
S10_72646951,10,72646951,NA,NA,NA,NA
S10_89984330,10,89984330,NA,NA,NA,NA
S10_89984353,10,89984353,NA,NA,NA,NA
S2_40863853,2,40863853,NA,NA,NA,NA
S2_40863880,2,40863880,NA,NA,NA,NA
S1_283310922,1,283310922,NA,NA,NA,NA
S1_254689032,1,254689032,NA,NA,NA,NA
S6_58446322,6,58446322,NA,NA,NA,NA
S3_2627873,3,2627873,NA,NA,NA,NA
S8_159098287,8,159098287,NA,NA,NA,NA
S10_22362585,10,22362585,NA,NA,NA,NA
S2_11207006,2,11207006,NA,NA,NA,NA
S9_113013585,9,113013585,NA,NA,NA,NA
S2_163445458,2,163445458,NA,NA,NA,NA
S4_238057665,4,238057665,NA,NA,NA,NA
S3_98195073,3,98195073,NA,NA,NA,NA
S2_22998316,2,22998316,NA,NA,NA,NA
S2_43379157,2,43379157,NA,NA,NA,NA
S9_129519118,9,129519118,NA,NA,NA,NA
S1_289223355,1,289223355,NA,NA,NA,NA
S4_7313492,4,7313492,NA,NA,NA,NA
S2_195525972,2,195525972,NA,NA,NA,NA
S1_276072234,1,276072234,NA,NA,NA,NA
S8_18447001,8,18447001,NA,NA,NA,NA
S9_111997945,9,111997945,NA,NA,NA,NA
S4_164247228,4,164247228,NA,NA,NA,NA
S8_125902520,8,125902520,NA,NA,NA,NA
S5_162848904,5,162848904,NA,NA,NA,NA
S8_134066094,8,134066094,NA,NA,NA,NA
S5_135453985,5,135453985,NA,NA,NA,NA
S1_184242582,1,184242582,NA,NA,NA,NA
S2_202635930,2,202635930,NA,NA,NA,NA
S4_143803524,4,143803524,NA,NA,NA,NA
S7_165197605,7,165197605,NA,NA,NA,NA
S3_170491890,3,170491890,NA,NA,NA,NA
S6_106763944,6,106763944,NA,NA,NA,NA
S5_178196976,5,178196976,NA,NA,NA,NA
S9_24547597,9,24547597,NA,NA,NA,NA
S7_126779595,7,126779595,NA,NA,NA,NA
S3_21368918,3,21368918,NA,NA,NA,NA
S1_32839035,1,32839035,NA,NA,NA,NA
S2_20859383,2,20859383,NA,NA,NA,NA
S5_213267251,5,213267251,NA,NA,NA,NA
S5_213267255,5,213267255,NA,NA,NA,NA
S2_186642167,2,186642167,NA,NA,NA,NA
S3_156275421,3,156275421,NA,NA,NA,NA
S5_216618908,5,216618908,NA,NA,NA,NA
S1_161682373,1,161682373,NA,NA,NA,NA
S1_278604738,1,278604738,NA,NA,NA,NA
S1_176941223,1,176941223,NA,NA,NA,NA
S3_175937355,3,175937355,NA,NA,NA,NA
S3_20704058,3,20704058,NA,NA,NA,NA
S8_90967478,8,90967478,NA,NA,NA,NA
S6_6430701,6,6430701,NA,NA,NA,NA
S6_6430702,6,6430702,NA,NA,NA,NA
S6_6430703,6,6430703,NA,NA,NA,NA
S6_6430704,6,6430704,NA,NA,NA,NA
S5_190915345,5,190915345,NA,NA,NA,NA
S8_61648341,8,61648341,NA,NA,NA,NA
S5_61677666,5,61677666,NA,NA,NA,NA
S3_166245083,3,166245083,NA,NA,NA,NA
S5_133505829,5,133505829,NA,NA,NA,NA
S8_103457217,8,103457217,NA,NA,NA,NA
S2_27960396,2,27960396,NA,NA,NA,NA
S2_53680653,2,53680653,NA,NA,NA,NA
S1_182099569,1,182099569,NA,NA,NA,NA
S9_145376764,9,145376764,NA,NA,NA,NA
S2_48178064,2,48178064,NA,NA,NA,NA
S10_83742097,10,83742097,NA,NA,NA,NA
S5_182033167,5,182033167,NA,NA,NA,NA
S5_61671652,5,61671652,NA,NA,NA,NA
S2_160727286,2,160727286,NA,NA,NA,NA
S2_13405433,2,13405433,NA,NA,NA,NA
S10_142397169,10,142397169,NA,NA,NA,NA
S10_142397219,10,142397219,NA,NA,NA,NA
S9_136073235,9,136073235,NA,NA,NA,NA
S3_221308770,3,221308770,NA,NA,NA,NA
S8_175069747,8,175069747,NA,NA,NA,NA
S1_88897098,1,88897098,NA,NA,NA,NA
S5_172017287,5,172017287,NA,NA,NA,NA
S8_168923208,8,168923208,NA,NA,NA,NA
S7_174404155,7,174404155,NA,NA,NA,NA
S7_161684211,7,161684211,NA,NA,NA,NA
S1_268956281,1,268956281,NA,NA,NA,NA
S1_268956288,1,268956288,NA,NA,NA,NA
S1_268956289,1,268956289,NA,NA,NA,NA
S2_37133650,2,37133650,NA,NA,NA,NA
S1_70424776,1,70424776,NA,NA,NA,NA
S10_108360084,10,108360084,NA,NA,NA,NA
S8_93252870,8,93252870,NA,NA,NA,NA
S9_143866077,9,143866077,NA,NA,NA,NA
S3_152451120,3,152451120,NA,NA,NA,NA
S5_39411917,5,39411917,NA,NA,NA,NA
S2_9979997,2,9979997,NA,NA,NA,NA
S2_9979998,2,9979998,NA,NA,NA,NA
S3_2629620,3,2629620,NA,NA,NA,NA
S5_6982015,5,6982015,NA,NA,NA,NA
S7_173807351,7,173807351,NA,NA,NA,NA
S4_154853083,4,154853083,NA,NA,NA,NA
S6_125155415,6,125155415,NA,NA,NA,NA
S10_2232160,10,2232160,NA,NA,NA,NA
S7_172108242,7,172108242,NA,NA,NA,NA
S7_172108266,7,172108266,NA,NA,NA,NA
S3_14410545,3,14410545,NA,NA,NA,NA
S6_34220914,6,34220914,NA,NA,NA,NA
S6_34220946,6,34220946,NA,NA,NA,NA
S6_34220948,6,34220948,NA,NA,NA,NA
S6_100083364,6,100083364,NA,NA,NA,NA
S1_229757378,1,229757378,NA,NA,NA,NA
S2_5300599,2,5300599,NA,NA,NA,NA
S4_167033546,4,167033546,NA,NA,NA,NA
S6_112603120,6,112603120,NA,NA,NA,NA
S10_2839576,10,2839576,NA,NA,NA,NA
S10_1888234,10,1888234,NA,NA,NA,NA
S6_161835348,6,161835348,NA,NA,NA,NA
S7_13845027,7,13845027,NA,NA,NA,NA
S4_13688723,4,13688723,NA,NA,NA,NA
S10_55153867,10,55153867,NA,NA,NA,NA
S4_5151464,4,5151464,NA,NA,NA,NA
S5_18768587,5,18768587,NA,NA,NA,NA
S6_119695213,6,119695213,NA,NA,NA,NA
S2_33500058,2,33500058,NA,NA,NA,NA
S5_152746934,5,152746934,NA,NA,NA,NA
S1_237965381,1,237965381,NA,NA,NA,NA
S7_130248459,7,130248459,NA,NA,NA,NA
S6_163173978,6,163173978,NA,NA,NA,NA
S10_139502845,10,139502845,NA,NA,NA,NA
S7_166746221,7,166746221,NA,NA,NA,NA
S4_173800701,4,173800701,NA,NA,NA,NA
S9_81745248,9,81745248,NA,NA,NA,NA
S4_514585,4,514585,NA,NA,NA,NA
S1_251621686,1,251621686,NA,NA,NA,NA
S1_251621690,1,251621690,NA,NA,NA,NA
S4_22107866,4,22107866,NA,NA,NA,NA
S7_11571481,7,11571481,NA,NA,NA,NA
S8_132876005,8,132876005,NA,NA,NA,NA
S8_79150233,8,79150233,NA,NA,NA,NA
S1_208826196,1,208826196,NA,NA,NA,NA
S3_24356619,3,24356619,NA,NA,NA,NA
S3_2155914,3,2155914,NA,NA,NA,NA
S7_171789375,7,171789375,NA,NA,NA,NA
S7_171789376,7,171789376,NA,NA,NA,NA
S7_171789377,7,171789377,NA,NA,NA,NA
S7_171789382,7,171789382,NA,NA,NA,NA
S7_171789411,7,171789411,NA,NA,NA,NA
S7_4260729,7,4260729,NA,NA,NA,NA
S6_162024575,6,162024575,NA,NA,NA,NA
S10_117569947,10,117569947,NA,NA,NA,NA
S7_169267626,7,169267626,NA,NA,NA,NA
S9_114919645,9,114919645,NA,NA,NA,NA
S5_12585422,5,12585422,NA,NA,NA,NA
S5_56369777,5,56369777,NA,NA,NA,NA
S10_134992539,10,134992539,NA,NA,NA,NA
S9_100684623,9,100684623,NA,NA,NA,NA
S10_138027275,10,138027275,NA,NA,NA,NA
S1_196051702,1,196051702,NA,NA,NA,NA
S1_196051703,1,196051703,NA,NA,NA,NA
S10_7132845,10,7132845,NA,NA,NA,NA
S1_46580926,1,46580926,NA,NA,NA,NA
S3_217008621,3,217008621,NA,NA,NA,NA
S2_49057160,2,49057160,NA,NA,NA,NA
S9_136558828,9,136558828,NA,NA,NA,NA
S5_111342212,5,111342212,NA,NA,NA,NA
S5_11882524,5,11882524,NA,NA,NA,NA
S4_181890669,4,181890669,NA,NA,NA,NA
S1_105952848,1,105952848,NA,NA,NA,NA
S9_18765828,9,18765828,NA,NA,NA,NA
S3_9313695,3,9313695,NA,NA,NA,NA
S1_10995509,1,10995509,NA,NA,NA,NA
S2_24371222,2,24371222,NA,NA,NA,NA
S9_6562218,9,6562218,NA,NA,NA,NA
S4_151648999,4,151648999,NA,NA,NA,NA
S4_236371128,4,236371128,NA,NA,NA,NA
S6_1960381,6,1960381,NA,NA,NA,NA
S2_11206999,2,11206999,NA,NA,NA,NA
S6_139591336,6,139591336,NA,NA,NA,NA
S2_210963094,2,210963094,NA,NA,NA,NA
S7_19259028,7,19259028,NA,NA,NA,NA
S3_221639629,3,221639629,NA,NA,NA,NA
S1_294645805,1,294645805,NA,NA,NA,NA
S2_23838204,2,23838204,NA,NA,NA,NA
S9_145775532,9,145775532,NA,NA,NA,NA
S1_272452285,1,272452285,NA,NA,NA,NA
S7_109722251,7,109722251,NA,NA,NA,NA
S5_168224039,5,168224039,NA,NA,NA,NA
S7_123505176,7,123505176,NA,NA,NA,NA
S6_166671402,6,166671402,NA,NA,NA,NA
S7_162717664,7,162717664,NA,NA,NA,NA
S7_162717668,7,162717668,NA,NA,NA,NA
S4_120890604,4,120890604,NA,NA,NA,NA
S6_69393932,6,69393932,NA,NA,NA,NA
S5_48059391,5,48059391,NA,NA,NA,NA
S3_176334023,3,176334023,NA,NA,NA,NA
S3_202768369,3,202768369,NA,NA,NA,NA
S5_6140564,5,6140564,NA,NA,NA,NA
S8_69754119,8,69754119,NA,NA,NA,NA
S4_239423939,4,239423939,NA,NA,NA,NA
S4_239423948,4,239423948,NA,NA,NA,NA
S10_128528480,10,128528480,NA,NA,NA,NA
S1_77801418,1,77801418,NA,NA,NA,NA
S1_44960183,1,44960183,NA,NA,NA,NA
S3_139287825,3,139287825,NA,NA,NA,NA
S4_200826523,4,200826523,NA,NA,NA,NA
S3_133892265,3,133892265,NA,NA,NA,NA
S5_199978118,5,199978118,NA,NA,NA,NA
S5_5792430,5,5792430,NA,NA,NA,NA
S2_20123366,2,20123366,NA,NA,NA,NA
S7_152699653,7,152699653,NA,NA,NA,NA
S5_13814509,5,13814509,NA,NA,NA,NA
S9_112336748,9,112336748,NA,NA,NA,NA
S9_149239217,9,149239217,NA,NA,NA,NA
S9_149239225,9,149239225,NA,NA,NA,NA
S9_64295850,9,64295850,NA,NA,NA,NA
S10_34726049,10,34726049,NA,NA,NA,NA
S3_48981556,3,48981556,NA,NA,NA,NA
S2_144073708,2,144073708,NA,NA,NA,NA
S1_286400027,1,286400027,NA,NA,NA,NA
S2_16401944,2,16401944,NA,NA,NA,NA
S9_124160253,9,124160253,NA,NA,NA,NA
S1_80661985,1,80661985,NA,NA,NA,NA
S9_146528104,9,146528104,NA,NA,NA,NA
S6_26669184,6,26669184,NA,NA,NA,NA
S1_157251156,1,157251156,NA,NA,NA,NA
S10_14908696,10,14908696,NA,NA,NA,NA
S4_45666817,4,45666817,NA,NA,NA,NA
S1_295438516,1,295438516,NA,NA,NA,NA
S6_150800743,6,150800743,NA,NA,NA,NA
S4_237777456,4,237777456,NA,NA,NA,NA
S5_184394764,5,184394764,NA,NA,NA,NA
S7_132391221,7,132391221,NA,NA,NA,NA
S1_174996924,1,174996924,NA,NA,NA,NA
S9_149646801,9,149646801,NA,NA,NA,NA
S5_194093080,5,194093080,NA,NA,NA,NA
S9_706439,9,706439,NA,NA,NA,NA
S6_153202286,6,153202286,NA,NA,NA,NA
S7_153729954,7,153729954,NA,NA,NA,NA
S1_61138157,1,61138157,NA,NA,NA,NA
S1_61138160,1,61138160,NA,NA,NA,NA
S1_61138190,1,61138190,NA,NA,NA,NA
S8_54027994,8,54027994,NA,NA,NA,NA
S1_269126066,1,269126066,NA,NA,NA,NA
S5_196508719,5,196508719,NA,NA,NA,NA
S2_232463351,2,232463351,NA,NA,NA,NA
S5_183500980,5,183500980,NA,NA,NA,NA
S5_208173501,5,208173501,NA,NA,NA,NA
S2_100584677,2,100584677,NA,NA,NA,NA
S6_66125982,6,66125982,NA,NA,NA,NA
S2_144802104,2,144802104,NA,NA,NA,NA
S1_217273904,1,217273904,NA,NA,NA,NA
S4_1510338,4,1510338,NA,NA,NA,NA
S6_33622313,6,33622313,NA,NA,NA,NA
S6_33622316,6,33622316,NA,NA,NA,NA
S6_33622318,6,33622318,NA,NA,NA,NA
S6_33622320,6,33622320,NA,NA,NA,NA
S6_33622321,6,33622321,NA,NA,NA,NA
S6_33622324,6,33622324,NA,NA,NA,NA
S4_25743509,4,25743509,NA,NA,NA,NA
S2_236966516,2,236966516,NA,NA,NA,NA
S8_171751082,8,171751082,NA,NA,NA,NA
S7_84845770,7,84845770,NA,NA,NA,NA
S5_7133281,5,7133281,NA,NA,NA,NA
S3_184063541,3,184063541,NA,NA,NA,NA
S3_183638826,3,183638826,NA,NA,NA,NA
S5_72696410,5,72696410,NA,NA,NA,NA
S7_171345917,7,171345917,NA,NA,NA,NA
S1_42520464,1,42520464,NA,NA,NA,NA
S10_144306780,10,144306780,NA,NA,NA,NA
S5_176038855,5,176038855,NA,NA,NA,NA
S8_164378522,8,164378522,NA,NA,NA,NA
S7_107841306,7,107841306,NA,NA,NA,NA
S10_102370515,10,102370515,NA,NA,NA,NA
S8_13686347,8,13686347,NA,NA,NA,NA
S8_55966495,8,55966495,NA,NA,NA,NA
S6_62445041,6,62445041,NA,NA,NA,NA
S9_87460177,9,87460177,NA,NA,NA,NA
S1_258441145,1,258441145,NA,NA,NA,NA
S1_258441168,1,258441168,NA,NA,NA,NA
S5_15650642,5,15650642,NA,NA,NA,NA
S8_94697088,8,94697088,NA,NA,NA,NA
S6_163402570,6,163402570,NA,NA,NA,NA
S8_161711052,8,161711052,NA,NA,NA,NA
S5_215003326,5,215003326,NA,NA,NA,NA
S3_83972050,3,83972050,NA,NA,NA,NA
S3_83972087,3,83972087,NA,NA,NA,NA
S5_889996,5,889996,NA,NA,NA,NA
S8_128602759,8,128602759,NA,NA,NA,NA
S9_143166296,9,143166296,NA,NA,NA,NA
S5_202517586,5,202517586,NA,NA,NA,NA
S1_67649374,1,67649374,NA,NA,NA,NA
S5_14842041,5,14842041,NA,NA,NA,NA
S6_159824617,6,159824617,NA,NA,NA,NA
S4_42681027,4,42681027,NA,NA,NA,NA
S8_110711495,8,110711495,NA,NA,NA,NA
S9_109173421,9,109173421,NA,NA,NA,NA
S3_21260914,3,21260914,NA,NA,NA,NA
S10_148934907,10,148934907,NA,NA,NA,NA
S10_148934909,10,148934909,NA,NA,NA,NA
S9_154367220,9,154367220,NA,NA,NA,NA
S6_21465343,6,21465343,NA,NA,NA,NA
S4_72852057,4,72852057,NA,NA,NA,NA
S2_10568395,2,10568395,NA,NA,NA,NA
S1_31206062,1,31206062,NA,NA,NA,NA
S3_219399517,3,219399517,NA,NA,NA,NA
S6_79915811,6,79915811,NA,NA,NA,NA
S2_5922394,2,5922394,NA,NA,NA,NA
S1_259210845,1,259210845,NA,NA,NA,NA
S10_12084506,10,12084506,NA,NA,NA,NA
S5_164989887,5,164989887,NA,NA,NA,NA
S5_164989901,5,164989901,NA,NA,NA,NA
S5_164989904,5,164989904,NA,NA,NA,NA
S10_34356539,10,34356539,NA,NA,NA,NA
S5_58707046,5,58707046,NA,NA,NA,NA
S2_168293370,2,168293370,NA,NA,NA,NA
S5_183857943,5,183857943,NA,NA,NA,NA
S4_186039203,4,186039203,NA,NA,NA,NA
S3_228987751,3,228987751,NA,NA,NA,NA
S3_93986181,3,93986181,NA,NA,NA,NA
S3_179410185,3,179410185,NA,NA,NA,NA
S4_32604081,4,32604081,NA,NA,NA,NA
S4_227275207,4,227275207,NA,NA,NA,NA
S1_11944909,1,11944909,NA,NA,NA,NA
S10_99524292,10,99524292,NA,NA,NA,NA
S9_23540249,9,23540249,NA,NA,NA,NA
S10_136939327,10,136939327,NA,NA,NA,NA
S1_169984811,1,169984811,NA,NA,NA,NA
S7_171345225,7,171345225,NA,NA,NA,NA
S2_39795765,2,39795765,NA,NA,NA,NA
S3_215373678,3,215373678,NA,NA,NA,NA
S4_73366892,4,73366892,NA,NA,NA,NA
S1_22889335,1,22889335,NA,NA,NA,NA
S7_13578729,7,13578729,NA,NA,NA,NA
S9_26478204,9,26478204,NA,NA,NA,NA
S1_213097628,1,213097628,NA,NA,NA,NA
S2_234265011,2,234265011,NA,NA,NA,NA
S2_208129992,2,208129992,NA,NA,NA,NA
S1_188067509,1,188067509,NA,NA,NA,NA
S3_209022752,3,209022752,NA,NA,NA,NA
S9_88649550,9,88649550,NA,NA,NA,NA
S6_156825462,6,156825462,NA,NA,NA,NA
S8_171515351,8,171515351,NA,NA,NA,NA
S8_122409987,8,122409987,NA,NA,NA,NA
S7_130250872,7,130250872,NA,NA,NA,NA
S7_130250875,7,130250875,NA,NA,NA,NA
S7_130250876,7,130250876,NA,NA,NA,NA
S7_130250877,7,130250877,NA,NA,NA,NA
S7_2461860,7,2461860,NA,NA,NA,NA
S8_165238950,8,165238950,NA,NA,NA,NA
S2_216822362,2,216822362,NA,NA,NA,NA
S9_12600365,9,12600365,NA,NA,NA,NA
S4_178590663,4,178590663,NA,NA,NA,NA
S5_20198016,5,20198016,NA,NA,NA,NA
S5_178895290,5,178895290,NA,NA,NA,NA
S8_26872587,8,26872587,NA,NA,NA,NA
S10_95917524,10,95917524,NA,NA,NA,NA
S10_95917542,10,95917542,NA,NA,NA,NA
S1_174885977,1,174885977,NA,NA,NA,NA
S2_195037490,2,195037490,NA,NA,NA,NA
S1_160858102,1,160858102,NA,NA,NA,NA
S10_135689736,10,135689736,NA,NA,NA,NA
S9_108508573,9,108508573,NA,NA,NA,NA
S5_124160027,5,124160027,NA,NA,NA,NA
S3_148974839,3,148974839,NA,NA,NA,NA
S7_26454609,7,26454609,NA,NA,NA,NA
S10_17527153,10,17527153,NA,NA,NA,NA
S7_33236408,7,33236408,NA,NA,NA,NA
S10_134307609,10,134307609,NA,NA,NA,NA
S1_12481583,1,12481583,NA,NA,NA,NA
S1_293942427,1,293942427,NA,NA,NA,NA
S1_293942459,1,293942459,NA,NA,NA,NA
S6_106344079,6,106344079,NA,NA,NA,NA
S10_140971431,10,140971431,NA,NA,NA,NA
S2_213805598,2,213805598,NA,NA,NA,NA
S5_208680599,5,208680599,NA,NA,NA,NA
S10_141940902,10,141940902,NA,NA,NA,NA
S2_232166818,2,232166818,NA,NA,NA,NA
S1_219232023,1,219232023,NA,NA,NA,NA
S5_214431458,5,214431458,NA,NA,NA,NA
S6_158480130,6,158480130,NA,NA,NA,NA
S5_67504073,5,67504073,NA,NA,NA,NA
S5_13809458,5,13809458,NA,NA,NA,NA
S2_33500085,2,33500085,NA,NA,NA,NA
S2_37133848,2,37133848,NA,NA,NA,NA
S2_51754650,2,51754650,NA,NA,NA,NA
S1_221943249,1,221943249,NA,NA,NA,NA
S2_117918029,2,117918029,NA,NA,NA,NA
S2_117918033,2,117918033,NA,NA,NA,NA
S2_117918055,2,117918055,NA,NA,NA,NA
S4_202224513,4,202224513,NA,NA,NA,NA
S3_128095951,3,128095951,NA,NA,NA,NA
S5_5772744,5,5772744,NA,NA,NA,NA
S1_298127800,1,298127800,NA,NA,NA,NA
S5_156969754,5,156969754,NA,NA,NA,NA
S1_52922113,1,52922113,NA,NA,NA,NA
S1_52922126,1,52922126,NA,NA,NA,NA
S8_13138192,8,13138192,NA,NA,NA,NA
S1_250863655,1,250863655,NA,NA,NA,NA
S5_33824283,5,33824283,NA,NA,NA,NA
S2_26884341,2,26884341,NA,NA,NA,NA
S10_95692145,10,95692145,NA,NA,NA,NA
S4_32605537,4,32605537,NA,NA,NA,NA
S7_167343363,7,167343363,NA,NA,NA,NA
S8_127622442,8,127622442,NA,NA,NA,NA
S8_149982969,8,149982969,NA,NA,NA,NA
S9_131671394,9,131671394,NA,NA,NA,NA
S7_132922324,7,132922324,NA,NA,NA,NA
S10_146338237,10,146338237,NA,NA,NA,NA
S1_277846449,1,277846449,NA,NA,NA,NA
S5_21341953,5,21341953,NA,NA,NA,NA
S10_137206054,10,137206054,NA,NA,NA,NA
S7_165911091,7,165911091,NA,NA,NA,NA
S3_34672002,3,34672002,NA,NA,NA,NA
S1_7299696,1,7299696,NA,NA,NA,NA
S5_99928943,5,99928943,NA,NA,NA,NA
S2_47365072,2,47365072,NA,NA,NA,NA
S2_136349090,2,136349090,NA,NA,NA,NA
S6_150688047,6,150688047,NA,NA,NA,NA
S4_196469373,4,196469373,NA,NA,NA,NA
S4_196469391,4,196469391,NA,NA,NA,NA
S4_49446166,4,49446166,NA,NA,NA,NA
S8_14108818,8,14108818,NA,NA,NA,NA
S1_237964354,1,237964354,NA,NA,NA,NA
S3_171029821,3,171029821,NA,NA,NA,NA
S7_152240311,7,152240311,NA,NA,NA,NA
S1_180818047,1,180818047,NA,NA,NA,NA
S5_211301571,5,211301571,NA,NA,NA,NA
S3_178805212,3,178805212,NA,NA,NA,NA
S5_209568971,5,209568971,NA,NA,NA,NA
S8_21866877,8,21866877,NA,NA,NA,NA
S4_7010260,4,7010260,NA,NA,NA,NA
S4_7010277,4,7010277,NA,NA,NA,NA
S4_7010298,4,7010298,NA,NA,NA,NA
S3_171466703,3,171466703,NA,NA,NA,NA
S3_205364017,3,205364017,NA,NA,NA,NA
S3_223310394,3,223310394,NA,NA,NA,NA
S7_52755760,7,52755760,NA,NA,NA,NA
S2_12686051,2,12686051,NA,NA,NA,NA
S5_77748125,5,77748125,NA,NA,NA,NA
S1_102893505,1,102893505,NA,NA,NA,NA
S7_21150307,7,21150307,NA,NA,NA,NA
S1_188933805,1,188933805,NA,NA,NA,NA
S2_6004819,2,6004819,NA,NA,NA,NA
S10_10615471,10,10615471,NA,NA,NA,NA
S3_10683509,3,10683509,NA,NA,NA,NA
S1_39739703,1,39739703,NA,NA,NA,NA
S3_203083386,3,203083386,NA,NA,NA,NA
S8_2902059,8,2902059,NA,NA,NA,NA
S6_19369936,6,19369936,NA,NA,NA,NA
S6_148779140,6,148779140,NA,NA,NA,NA
S2_2478437,2,2478437,NA,NA,NA,NA
S4_159570360,4,159570360,NA,NA,NA,NA
S4_159570347,4,159570347,NA,NA,NA,NA
S6_156591469,6,156591469,NA,NA,NA,NA
S9_23010084,9,23010084,NA,NA,NA,NA
S10_128750731,10,128750731,NA,NA,NA,NA
S9_144039023,9,144039023,NA,NA,NA,NA
S5_20921840,5,20921840,NA,NA,NA,NA
S5_3087346,5,3087346,NA,NA,NA,NA
S5_141258476,5,141258476,NA,NA,NA,NA
S3_118288733,3,118288733,NA,NA,NA,NA
S3_159802872,3,159802872,NA,NA,NA,NA
S3_28610585,3,28610585,NA,NA,NA,NA
S2_5101633,2,5101633,NA,NA,NA,NA
S3_166670345,3,166670345,NA,NA,NA,NA
S6_167822572,6,167822572,NA,NA,NA,NA
S1_12498446,1,12498446,NA,NA,NA,NA
S1_237960007,1,237960007,NA,NA,NA,NA
S9_107841215,9,107841215,NA,NA,NA,NA
S8_16851467,8,16851467,NA,NA,NA,NA
S6_27336376,6,27336376,NA,NA,NA,NA
S6_27336381,6,27336381,NA,NA,NA,NA
S2_152505842,2,152505842,NA,NA,NA,NA
S5_14757287,5,14757287,NA,NA,NA,NA
S4_23529228,4,23529228,NA,NA,NA,NA
S1_237956005,1,237956005,NA,NA,NA,NA
S1_271122567,1,271122567,NA,NA,NA,NA
S4_37324361,4,37324361,NA,NA,NA,NA
S10_108783837,10,108783837,NA,NA,NA,NA
S5_214075281,5,214075281,NA,NA,NA,NA
S6_4438349,6,4438349,NA,NA,NA,NA
S8_147097693,8,147097693,NA,NA,NA,NA
S3_21861317,3,21861317,NA,NA,NA,NA
S3_21861351,3,21861351,NA,NA,NA,NA
S3_191080496,3,191080496,NA,NA,NA,NA
S2_6823162,2,6823162,NA,NA,NA,NA
S2_6823163,2,6823163,NA,NA,NA,NA
S6_63919432,6,63919432,NA,NA,NA,NA
S1_226921019,1,226921019,NA,NA,NA,NA
S3_139808881,3,139808881,NA,NA,NA,NA
S1_195779532,1,195779532,NA,NA,NA,NA
S5_155097839,5,155097839,NA,NA,NA,NA
S2_191122714,2,191122714,NA,NA,NA,NA
S7_164201910,7,164201910,NA,NA,NA,NA
S2_40161356,2,40161356,NA,NA,NA,NA
S7_133047544,7,133047544,NA,NA,NA,NA
S8_10295052,8,10295052,NA,NA,NA,NA
S8_10295053,8,10295053,NA,NA,NA,NA
S8_157097896,8,157097896,NA,NA,NA,NA
S3_217666016,3,217666016,NA,NA,NA,NA
S5_16464362,5,16464362,NA,NA,NA,NA
S6_110284510,6,110284510,NA,NA,NA,NA
S4_234391900,4,234391900,NA,NA,NA,NA
S4_234391902,4,234391902,NA,NA,NA,NA
S10_135482697,10,135482697,NA,NA,NA,NA
S1_4055146,1,4055146,NA,NA,NA,NA
S6_131451077,6,131451077,NA,NA,NA,NA
S9_59160368,9,59160368,NA,NA,NA,NA
S9_138318248,9,138318248,NA,NA,NA,NA
S1_39895797,1,39895797,NA,NA,NA,NA
S6_158090579,6,158090579,NA,NA,NA,NA
S7_161950548,7,161950548,NA,NA,NA,NA
S6_157820112,6,157820112,NA,NA,NA,NA
S6_157820130,6,157820130,NA,NA,NA,NA
S10_64482892,10,64482892,NA,NA,NA,NA
S7_165343317,7,165343317,NA,NA,NA,NA
S5_207660294,5,207660294,NA,NA,NA,NA
S2_28000853,2,28000853,NA,NA,NA,NA
S5_210057723,5,210057723,NA,NA,NA,NA
S4_51252702,4,51252702,NA,NA,NA,NA
S1_14548825,1,14548825,NA,NA,NA,NA
S10_139505656,10,139505656,NA,NA,NA,NA
S8_172756798,8,172756798,NA,NA,NA,NA
S1_206308238,1,206308238,NA,NA,NA,NA
S2_217012282,2,217012282,NA,NA,NA,NA
S5_142579308,5,142579308,NA,NA,NA,NA
S2_33500169,2,33500169,NA,NA,NA,NA
S7_173250827,7,173250827,NA,NA,NA,NA
S5_10232855,5,10232855,NA,NA,NA,NA
S1_276302554,1,276302554,NA,NA,NA,NA
S9_20601713,9,20601713,NA,NA,NA,NA
S9_20601719,9,20601719,NA,NA,NA,NA
S6_132797099,6,132797099,NA,NA,NA,NA
S5_56842842,5,56842842,NA,NA,NA,NA
S3_145178566,3,145178566,NA,NA,NA,NA
S8_122951127,8,122951127,NA,NA,NA,NA
S1_155676670,1,155676670,NA,NA,NA,NA
S3_194470595,3,194470595,NA,NA,NA,NA
S9_145064002,9,145064002,NA,NA,NA,NA
S9_153968768,9,153968768,NA,NA,NA,NA
S1_194675210,1,194675210,NA,NA,NA,NA
S9_142475069,9,142475069,NA,NA,NA,NA
S9_142475072,9,142475072,NA,NA,NA,NA
S9_142475095,9,142475095,NA,NA,NA,NA
S1_46125164,1,46125164,NA,NA,NA,NA
S5_6372856,5,6372856,NA,NA,NA,NA
S5_6372866,5,6372866,NA,NA,NA,NA
S9_11779932,9,11779932,NA,NA,NA,NA
S8_13986477,8,13986477,NA,NA,NA,NA
S6_156926651,6,156926651,NA,NA,NA,NA
S9_127854255,9,127854255,NA,NA,NA,NA
S10_110584060,10,110584060,NA,NA,NA,NA
S4_26901776,4,26901776,NA,NA,NA,NA
S8_171327631,8,171327631,NA,NA,NA,NA
S1_3199279,1,3199279,NA,NA,NA,NA
S9_98884616,9,98884616,NA,NA,NA,NA
S10_106313883,10,106313883,NA,NA,NA,NA
S5_186999571,5,186999571,NA,NA,NA,NA
S1_160956411,1,160956411,NA,NA,NA,NA
S1_202445809,1,202445809,NA,NA,NA,NA
S3_9318119,3,9318119,NA,NA,NA,NA
S3_9318139,3,9318139,NA,NA,NA,NA
S2_196906890,2,196906890,NA,NA,NA,NA
S1_154315596,1,154315596,NA,NA,NA,NA
S9_74591100,9,74591100,NA,NA,NA,NA
S2_191861042,2,191861042,NA,NA,NA,NA
S3_187713152,3,187713152,NA,NA,NA,NA
S1_29258798,1,29258798,NA,NA,NA,NA
S1_29258801,1,29258801,NA,NA,NA,NA
S1_29258803,1,29258803,NA,NA,NA,NA
S2_140889426,2,140889426,NA,NA,NA,NA
S3_155510401,3,155510401,NA,NA,NA,NA
S8_8885770,8,8885770,NA,NA,NA,NA
S8_23770437,8,23770437,NA,NA,NA,NA
S2_101542865,2,101542865,NA,NA,NA,NA
S3_45389961,3,45389961,NA,NA,NA,NA
S9_148261467,9,148261467,NA,NA,NA,NA
S8_159901093,8,159901093,NA,NA,NA,NA
S9_146458132,9,146458132,NA,NA,NA,NA
S1_198739913,1,198739913,NA,NA,NA,NA
S1_198739916,1,198739916,NA,NA,NA,NA
S1_198739917,1,198739917,NA,NA,NA,NA
S5_39957853,5,39957853,NA,NA,NA,NA
S6_56115007,6,56115007,NA,NA,NA,NA
S4_237315741,4,237315741,NA,NA,NA,NA
S5_199722025,5,199722025,NA,NA,NA,NA
S1_251103253,1,251103253,NA,NA,NA,NA
S3_64661580,3,64661580,NA,NA,NA,NA
S1_83010764,1,83010764,NA,NA,NA,NA
S10_29537238,10,29537238,NA,NA,NA,NA
S1_280716033,1,280716033,NA,NA,NA,NA
S5_156351498,5,156351498,NA,NA,NA,NA
S1_64645954,1,64645954,NA,NA,NA,NA
S1_12516963,1,12516963,NA,NA,NA,NA
S3_219845962,3,219845962,NA,NA,NA,NA
S7_155224494,7,155224494,NA,NA,NA,NA
S9_12797574,9,12797574,NA,NA,NA,NA
S2_30810510,2,30810510,NA,NA,NA,NA
S7_125837329,7,125837329,NA,NA,NA,NA
S7_121602507,7,121602507,NA,NA,NA,NA
S8_146559662,8,146559662,NA,NA,NA,NA
S1_243699527,1,243699527,NA,NA,NA,NA
S5_164365493,5,164365493,NA,NA,NA,NA
S2_194905157,2,194905157,NA,NA,NA,NA
S8_1455657,8,1455657,NA,NA,NA,NA
S4_186835884,4,186835884,NA,NA,NA,NA
S8_26350609,8,26350609,NA,NA,NA,NA
S10_137830994,10,137830994,NA,NA,NA,NA
S4_166913792,4,166913792,NA,NA,NA,NA
S4_166913835,4,166913835,NA,NA,NA,NA
S4_166913841,4,166913841,NA,NA,NA,NA
S3_182503207,3,182503207,NA,NA,NA,NA
S7_25995903,7,25995903,NA,NA,NA,NA
S8_74137218,8,74137218,NA,NA,NA,NA
S5_81954871,5,81954871,NA,NA,NA,NA
S5_13177655,5,13177655,NA,NA,NA,NA
S2_197582543,2,197582543,NA,NA,NA,NA
S6_107036637,6,107036637,NA,NA,NA,NA
S5_17891126,5,17891126,NA,NA,NA,NA
S3_208785962,3,208785962,NA,NA,NA,NA
S7_79098772,7,79098772,NA,NA,NA,NA
S7_133048399,7,133048399,NA,NA,NA,NA
S4_7165862,4,7165862,NA,NA,NA,NA
S4_7165872,4,7165872,NA,NA,NA,NA
S10_147888158,10,147888158,NA,NA,NA,NA
S1_237092147,1,237092147,NA,NA,NA,NA
S7_169257100,7,169257100,NA,NA,NA,NA
S3_209548338,3,209548338,NA,NA,NA,NA
S10_126532594,10,126532594,NA,NA,NA,NA
S5_182137899,5,182137899,NA,NA,NA,NA
S5_164361354,5,164361354,NA,NA,NA,NA
S8_144702223,8,144702223,NA,NA,NA,NA
S10_58581106,10,58581106,NA,NA,NA,NA
S10_58581116,10,58581116,NA,NA,NA,NA
S10_58581120,10,58581120,NA,NA,NA,NA
S4_185871045,4,185871045,NA,NA,NA,NA
S10_16205883,10,16205883,NA,NA,NA,NA
S2_229119681,2,229119681,NA,NA,NA,NA
S2_213591848,2,213591848,NA,NA,NA,NA
S1_281701959,1,281701959,NA,NA,NA,NA
S6_132259708,6,132259708,NA,NA,NA,NA
S3_18968046,3,18968046,NA,NA,NA,NA
S9_20607518,9,20607518,NA,NA,NA,NA
S5_36954601,5,36954601,NA,NA,NA,NA
S6_131142170,6,131142170,NA,NA,NA,NA
S5_19188931,5,19188931,NA,NA,NA,NA
S6_143977677,6,143977677,NA,NA,NA,NA
S6_6545686,6,6545686,NA,NA,NA,NA
S8_17377365,8,17377365,NA,NA,NA,NA
S10_111843693,10,111843693,NA,NA,NA,NA
S4_195622873,4,195622873,NA,NA,NA,NA
S2_6466749,2,6466749,NA,NA,NA,NA
S8_171538561,8,171538561,NA,NA,NA,NA
S4_74269125,4,74269125,NA,NA,NA,NA
S5_1488904,5,1488904,NA,NA,NA,NA
S1_298156686,1,298156686,NA,NA,NA,NA
S3_157085828,3,157085828,NA,NA,NA,NA
S2_219752020,2,219752020,NA,NA,NA,NA
S2_185112745,2,185112745,NA,NA,NA,NA
S6_164143169,6,164143169,NA,NA,NA,NA
S3_145732739,3,145732739,NA,NA,NA,NA
S2_186311649,2,186311649,NA,NA,NA,NA
S10_74904934,10,74904934,NA,NA,NA,NA
S2_206050974,2,206050974,NA,NA,NA,NA
S2_236187932,2,236187932,NA,NA,NA,NA
S5_138140861,5,138140861,NA,NA,NA,NA
S10_61678100,10,61678100,NA,NA,NA,NA
S9_148260972,9,148260972,NA,NA,NA,NA
S3_48300025,3,48300025,NA,NA,NA,NA
S10_137673499,10,137673499,NA,NA,NA,NA
S8_172895129,8,172895129,NA,NA,NA,NA
S2_6820582,2,6820582,NA,NA,NA,NA
S2_186533883,2,186533883,NA,NA,NA,NA
S9_144003100,9,144003100,NA,NA,NA,NA
S5_187848885,5,187848885,NA,NA,NA,NA
S10_110297615,10,110297615,NA,NA,NA,NA
S2_180176682,2,180176682,NA,NA,NA,NA
S5_17891251,5,17891251,NA,NA,NA,NA
S2_32950317,2,32950317,NA,NA,NA,NA
S7_149954737,7,149954737,NA,NA,NA,NA
S6_112270216,6,112270216,NA,NA,NA,NA
S7_174983499,7,174983499,NA,NA,NA,NA
S1_237965510,1,237965510,NA,NA,NA,NA
S9_43791234,9,43791234,NA,NA,NA,NA
S5_18377954,5,18377954,NA,NA,NA,NA
S6_168068063,6,168068063,NA,NA,NA,NA
S2_14836564,2,14836564,NA,NA,NA,NA
S5_158866264,5,158866264,NA,NA,NA,NA
S2_3775977,2,3775977,NA,NA,NA,NA
S6_88154151,6,88154151,NA,NA,NA,NA
S5_37719913,5,37719913,NA,NA,NA,NA
S8_15100515,8,15100515,NA,NA,NA,NA
S9_147962501,9,147962501,NA,NA,NA,NA
S2_57065622,2,57065622,NA,NA,NA,NA
S10_26137520,10,26137520,NA,NA,NA,NA
S1_44955336,1,44955336,NA,NA,NA,NA
S2_203521713,2,203521713,NA,NA,NA,NA
S5_210020157,5,210020157,NA,NA,NA,NA
S2_195525962,2,195525962,NA,NA,NA,NA
S6_110278585,6,110278585,NA,NA,NA,NA
S3_13102830,3,13102830,NA,NA,NA,NA
S1_45919018,1,45919018,NA,NA,NA,NA
S1_45919023,1,45919023,NA,NA,NA,NA
S3_178098912,3,178098912,NA,NA,NA,NA
S9_124947476,9,124947476,NA,NA,NA,NA
S9_127650863,9,127650863,NA,NA,NA,NA
S10_150087021,10,150087021,NA,NA,NA,NA
S3_50609510,3,50609510,NA,NA,NA,NA
S10_125541348,10,125541348,NA,NA,NA,NA
S4_139441555,4,139441555,NA,NA,NA,NA
S8_11662386,8,11662386,NA,NA,NA,NA
S9_147511241,9,147511241,NA,NA,NA,NA
S1_21543137,1,21543137,NA,NA,NA,NA
S2_202644152,2,202644152,NA,NA,NA,NA
S5_3778129,5,3778129,NA,NA,NA,NA
S5_185574276,5,185574276,NA,NA,NA,NA
S2_847816,2,847816,NA,NA,NA,NA
S6_114574886,6,114574886,NA,NA,NA,NA
S3_15440012,3,15440012,NA,NA,NA,NA
S8_128602679,8,128602679,NA,NA,NA,NA
S3_194470593,3,194470593,NA,NA,NA,NA
S10_59873564,10,59873564,NA,NA,NA,NA
S6_138577674,6,138577674,NA,NA,NA,NA
S7_174537762,7,174537762,NA,NA,NA,NA
S4_123703087,4,123703087,NA,NA,NA,NA
S9_76759896,9,76759896,NA,NA,NA,NA
S10_2255754,10,2255754,NA,NA,NA,NA
S10_139984058,10,139984058,NA,NA,NA,NA
S3_221275200,3,221275200,NA,NA,NA,NA
S3_221275202,3,221275202,NA,NA,NA,NA
S9_143801329,9,143801329,NA,NA,NA,NA
S7_173889401,7,173889401,NA,NA,NA,NA
S7_174996308,7,174996308,NA,NA,NA,NA
S3_44062395,3,44062395,NA,NA,NA,NA
S7_162984899,7,162984899,NA,NA,NA,NA
S1_4054150,1,4054150,NA,NA,NA,NA
S7_147061044,7,147061044,NA,NA,NA,NA
S2_232721662,2,232721662,NA,NA,NA,NA
S1_290954897,1,290954897,NA,NA,NA,NA
S4_235548319,4,235548319,NA,NA,NA,NA
S8_124937761,8,124937761,NA,NA,NA,NA
S5_41095633,5,41095633,NA,NA,NA,NA
S10_125848278,10,125848278,NA,NA,NA,NA
S1_236902330,1,236902330,NA,NA,NA,NA
S7_167099165,7,167099165,NA,NA,NA,NA
S7_163967764,7,163967764,NA,NA,NA,NA
S6_138799933,6,138799933,NA,NA,NA,NA
S4_180545211,4,180545211,NA,NA,NA,NA
S1_115181343,1,115181343,NA,NA,NA,NA
S9_128120585,9,128120585,NA,NA,NA,NA
S3_219891333,3,219891333,NA,NA,NA,NA
S3_87803803,3,87803803,NA,NA,NA,NA
S2_62740824,2,62740824,NA,NA,NA,NA
S6_93497207,6,93497207,NA,NA,NA,NA
S9_26611435,9,26611435,NA,NA,NA,NA
S8_142011686,8,142011686,NA,NA,NA,NA
S7_132184154,7,132184154,NA,NA,NA,NA
S10_148643151,10,148643151,NA,NA,NA,NA
S5_69115591,5,69115591,NA,NA,NA,NA
S2_190415473,2,190415473,NA,NA,NA,NA
S10_6377480,10,6377480,NA,NA,NA,NA
S1_184242633,1,184242633,NA,NA,NA,NA
S9_149646873,9,149646873,NA,NA,NA,NA
S6_155453264,6,155453264,NA,NA,NA,NA
S6_165566886,6,165566886,NA,NA,NA,NA
S9_82734379,9,82734379,NA,NA,NA,NA
S3_4753309,3,4753309,NA,NA,NA,NA
S3_202182719,3,202182719,NA,NA,NA,NA
S1_19973081,1,19973081,NA,NA,NA,NA
S9_98900079,9,98900079,NA,NA,NA,NA
S10_19516644,10,19516644,NA,NA,NA,NA
S3_6972462,3,6972462,NA,NA,NA,NA
S5_204186736,5,204186736,NA,NA,NA,NA
S5_204186748,5,204186748,NA,NA,NA,NA
S5_204186751,5,204186751,NA,NA,NA,NA
S8_26101886,8,26101886,NA,NA,NA,NA
S2_188872705,2,188872705,NA,NA,NA,NA
S8_14844254,8,14844254,NA,NA,NA,NA
S5_214949994,5,214949994,NA,NA,NA,NA
S3_207765831,3,207765831,NA,NA,NA,NA
S4_36316879,4,36316879,NA,NA,NA,NA
S6_155016610,6,155016610,NA,NA,NA,NA
S2_43433479,2,43433479,NA,NA,NA,NA
S8_149801699,8,149801699,NA,NA,NA,NA
S5_6802859,5,6802859,NA,NA,NA,NA
S4_234397008,4,234397008,NA,NA,NA,NA
S9_87460176,9,87460176,NA,NA,NA,NA
S3_34440946,3,34440946,NA,NA,NA,NA
S2_212800649,2,212800649,NA,NA,NA,NA
S7_107841304,7,107841304,NA,NA,NA,NA
S7_107841308,7,107841308,NA,NA,NA,NA
S7_107841303,7,107841303,NA,NA,NA,NA
S7_107841307,7,107841307,NA,NA,NA,NA
S3_209828912,3,209828912,NA,NA,NA,NA
S2_17677820,2,17677820,NA,NA,NA,NA
S1_206123699,1,206123699,NA,NA,NA,NA
S1_205565594,1,205565594,NA,NA,NA,NA
S7_122696950,7,122696950,NA,NA,NA,NA
S6_156394683,6,156394683,NA,NA,NA,NA
S1_28677519,1,28677519,NA,NA,NA,NA
S6_5639563,6,5639563,NA,NA,NA,NA
S6_96330661,6,96330661,NA,NA,NA,NA
S1_281642745,1,281642745,NA,NA,NA,NA
S1_281642752,1,281642752,NA,NA,NA,NA
S8_16910801,8,16910801,NA,NA,NA,NA
S1_194675057,1,194675057,NA,NA,NA,NA
S8_142233374,8,142233374,NA,NA,NA,NA
S5_1044470,5,1044470,NA,NA,NA,NA
S10_99211262,10,99211262,NA,NA,NA,NA
S5_100070897,5,100070897,NA,NA,NA,NA
S9_109314369,9,109314369,NA,NA,NA,NA
S3_209840955,3,209840955,NA,NA,NA,NA
S5_104970068,5,104970068,NA,NA,NA,NA
S7_170642898,7,170642898,NA,NA,NA,NA
S5_27101719,5,27101719,NA,NA,NA,NA
S10_14726639,10,14726639,NA,NA,NA,NA
S1_267783894,1,267783894,NA,NA,NA,NA
S1_25387731,1,25387731,NA,NA,NA,NA
S10_120822286,10,120822286,NA,NA,NA,NA
S1_194993084,1,194993084,NA,NA,NA,NA
S5_30599640,5,30599640,NA,NA,NA,NA
S6_57576209,6,57576209,NA,NA,NA,NA
S3_154592839,3,154592839,NA,NA,NA,NA
S6_167749891,6,167749891,NA,NA,NA,NA
S2_29110103,2,29110103,NA,NA,NA,NA
S7_141427474,7,141427474,NA,NA,NA,NA
S1_106063662,1,106063662,NA,NA,NA,NA
S2_219293291,2,219293291,NA,NA,NA,NA
S1_33884416,1,33884416,NA,NA,NA,NA
S6_149088320,6,149088320,NA,NA,NA,NA
S6_149088347,6,149088347,NA,NA,NA,NA
S9_95737721,9,95737721,NA,NA,NA,NA
S9_128127276,9,128127276,NA,NA,NA,NA
S4_38237615,4,38237615,NA,NA,NA,NA
S9_138318056,9,138318056,NA,NA,NA,NA
S3_10685514,3,10685514,NA,NA,NA,NA
S1_123767518,1,123767518,NA,NA,NA,NA
S3_35420019,3,35420019,NA,NA,NA,NA
S10_5917421,10,5917421,NA,NA,NA,NA
S7_25910181,7,25910181,NA,NA,NA,NA
S1_212987290,1,212987290,NA,NA,NA,NA
S9_152803826,9,152803826,NA,NA,NA,NA
S10_136007635,10,136007635,NA,NA,NA,NA
S5_200664813,5,200664813,NA,NA,NA,NA
S1_179988573,1,179988573,NA,NA,NA,NA
S9_5080457,9,5080457,NA,NA,NA,NA
S9_5080459,9,5080459,NA,NA,NA,NA
S1_256938399,1,256938399,NA,NA,NA,NA
S5_2336312,5,2336312,NA,NA,NA,NA
S7_127214411,7,127214411,NA,NA,NA,NA
S2_86780973,2,86780973,NA,NA,NA,NA
S1_29514411,1,29514411,NA,NA,NA,NA
S5_204625091,5,204625091,NA,NA,NA,NA
S2_48178047,2,48178047,NA,NA,NA,NA
S7_168660760,7,168660760,NA,NA,NA,NA
S4_236727804,4,236727804,NA,NA,NA,NA
S4_236727806,4,236727806,NA,NA,NA,NA
S9_124666524,9,124666524,NA,NA,NA,NA
S1_44346035,1,44346035,NA,NA,NA,NA
S3_212691781,3,212691781,NA,NA,NA,NA
S1_69865630,1,69865630,NA,NA,NA,NA
S8_4541498,8,4541498,NA,NA,NA,NA
S8_111193065,8,111193065,NA,NA,NA,NA
S8_16693687,8,16693687,NA,NA,NA,NA
S1_207037357,1,207037357,NA,NA,NA,NA
S8_139299313,8,139299313,NA,NA,NA,NA
S4_170229578,4,170229578,NA,NA,NA,NA
S9_28047365,9,28047365,NA,NA,NA,NA
S8_162559579,8,162559579,NA,NA,NA,NA
S9_100310658,9,100310658,NA,NA,NA,NA
S7_119809194,7,119809194,NA,NA,NA,NA
S5_4769847,5,4769847,NA,NA,NA,NA
S3_119697726,3,119697726,NA,NA,NA,NA
S6_66107036,6,66107036,NA,NA,NA,NA
S6_147018765,6,147018765,NA,NA,NA,NA
S10_140742320,10,140742320,NA,NA,NA,NA
S10_140742330,10,140742330,NA,NA,NA,NA
S4_218997077,4,218997077,NA,NA,NA,NA
S4_218997091,4,218997091,NA,NA,NA,NA
S8_12273960,8,12273960,NA,NA,NA,NA
S10_113164641,10,113164641,NA,NA,NA,NA
S8_166672371,8,166672371,NA,NA,NA,NA
S8_166672373,8,166672373,NA,NA,NA,NA
S6_98257680,6,98257680,NA,NA,NA,NA
S3_176039234,3,176039234,NA,NA,NA,NA
S3_211599674,3,211599674,NA,NA,NA,NA
S4_236571601,4,236571601,NA,NA,NA,NA
S10_149030498,10,149030498,NA,NA,NA,NA
S5_196250543,5,196250543,NA,NA,NA,NA
S1_29514408,1,29514408,NA,NA,NA,NA
S3_226765126,3,226765126,NA,NA,NA,NA
S6_160233453,6,160233453,NA,NA,NA,NA
S5_74510867,5,74510867,NA,NA,NA,NA
S8_102531942,8,102531942,NA,NA,NA,NA
S7_121191993,7,121191993,NA,NA,NA,NA
S10_80616271,10,80616271,NA,NA,NA,NA
S2_175094667,2,175094667,NA,NA,NA,NA
S4_10181232,4,10181232,NA,NA,NA,NA
S4_146287770,4,146287770,NA,NA,NA,NA
S2_189188980,2,189188980,NA,NA,NA,NA
S1_27172318,1,27172318,NA,NA,NA,NA
S8_145619863,8,145619863,NA,NA,NA,NA
S2_23738158,2,23738158,NA,NA,NA,NA
S6_76968012,6,76968012,NA,NA,NA,NA
S9_62257716,9,62257716,NA,NA,NA,NA
S10_126532576,10,126532576,NA,NA,NA,NA
S7_92393236,7,92393236,NA,NA,NA,NA
S6_91640977,6,91640977,NA,NA,NA,NA
S1_293942409,1,293942409,NA,NA,NA,NA
S1_293942435,1,293942435,NA,NA,NA,NA
S4_148596493,4,148596493,NA,NA,NA,NA
S4_148596494,4,148596494,NA,NA,NA,NA
S5_188832608,5,188832608,NA,NA,NA,NA
S6_58455081,6,58455081,NA,NA,NA,NA
S4_184396426,4,184396426,NA,NA,NA,NA
S7_28818290,7,28818290,NA,NA,NA,NA
S1_26914486,1,26914486,NA,NA,NA,NA
S4_211047236,4,211047236,NA,NA,NA,NA
S9_26486060,9,26486060,NA,NA,NA,NA
S8_165178786,8,165178786,NA,NA,NA,NA
S2_142019331,2,142019331,NA,NA,NA,NA
S2_46160243,2,46160243,NA,NA,NA,NA
S6_110695315,6,110695315,NA,NA,NA,NA
S1_286508160,1,286508160,NA,NA,NA,NA
S1_83009784,1,83009784,NA,NA,NA,NA
S6_99884578,6,99884578,NA,NA,NA,NA
S3_7123364,3,7123364,NA,NA,NA,NA
S8_162800287,8,162800287,NA,NA,NA,NA
S7_116288791,7,116288791,NA,NA,NA,NA
S10_132620412,10,132620412,NA,NA,NA,NA
S1_281635555,1,281635555,NA,NA,NA,NA
S2_38331149,2,38331149,NA,NA,NA,NA
S4_159871397,4,159871397,NA,NA,NA,NA
S1_265451486,1,265451486,NA,NA,NA,NA
S4_191115474,4,191115474,NA,NA,NA,NA
S1_19252635,1,19252635,NA,NA,NA,NA
S8_132874476,8,132874476,NA,NA,NA,NA
S4_206077408,4,206077408,NA,NA,NA,NA
S3_184633908,3,184633908,NA,NA,NA,NA
S3_184633918,3,184633918,NA,NA,NA,NA
S1_256514018,1,256514018,NA,NA,NA,NA
S5_176611311,5,176611311,NA,NA,NA,NA
S2_23470410,2,23470410,NA,NA,NA,NA
S5_4160380,5,4160380,NA,NA,NA,NA
S7_171629241,7,171629241,NA,NA,NA,NA
S5_167585972,5,167585972,NA,NA,NA,NA
S9_12878270,9,12878270,NA,NA,NA,NA
S1_79262101,1,79262101,NA,NA,NA,NA
S2_183397056,2,183397056,NA,NA,NA,NA
S3_136380533,3,136380533,NA,NA,NA,NA
S1_211419431,1,211419431,NA,NA,NA,NA
S1_46843108,1,46843108,NA,NA,NA,NA
S7_167811329,7,167811329,NA,NA,NA,NA
S8_15484326,8,15484326,NA,NA,NA,NA
S4_146979504,4,146979504,NA,NA,NA,NA
S10_1413548,10,1413548,NA,NA,NA,NA
S6_112280722,6,112280722,NA,NA,NA,NA
S3_197248159,3,197248159,NA,NA,NA,NA
S5_188824519,5,188824519,NA,NA,NA,NA
S3_83068893,3,83068893,NA,NA,NA,NA
S2_4839279,2,4839279,NA,NA,NA,NA
S1_194658910,1,194658910,NA,NA,NA,NA
S2_48664876,2,48664876,NA,NA,NA,NA
S8_14076142,8,14076142,NA,NA,NA,NA
S4_66900180,4,66900180,NA,NA,NA,NA
S1_202550281,1,202550281,NA,NA,NA,NA
S10_21860027,10,21860027,NA,NA,NA,NA
S1_106045998,1,106045998,NA,NA,NA,NA
S9_11776642,9,11776642,NA,NA,NA,NA
S4_185695142,4,185695142,NA,NA,NA,NA
S7_50143080,7,50143080,NA,NA,NA,NA
S2_231338857,2,231338857,NA,NA,NA,NA
S6_69626829,6,69626829,NA,NA,NA,NA
S4_152893254,4,152893254,NA,NA,NA,NA
S4_152893261,4,152893261,NA,NA,NA,NA
S1_274716704,1,274716704,NA,NA,NA,NA
S6_112602724,6,112602724,NA,NA,NA,NA
S2_19324664,2,19324664,NA,NA,NA,NA
S3_205264685,3,205264685,NA,NA,NA,NA
S7_23961192,7,23961192,NA,NA,NA,NA
S1_24227843,1,24227843,NA,NA,NA,NA
S6_151793876,6,151793876,NA,NA,NA,NA
S1_235668472,1,235668472,NA,NA,NA,NA
S3_115292082,3,115292082,NA,NA,NA,NA
S9_149457665,9,149457665,NA,NA,NA,NA
S6_105538886,6,105538886,NA,NA,NA,NA
S2_222220095,2,222220095,NA,NA,NA,NA
S1_156220087,1,156220087,NA,NA,NA,NA
S5_23838550,5,23838550,NA,NA,NA,NA
S7_145383696,7,145383696,NA,NA,NA,NA
S4_223871621,4,223871621,NA,NA,NA,NA
S2_7309539,2,7309539,NA,NA,NA,NA
S8_171597518,8,171597518,NA,NA,NA,NA
S10_137479808,10,137479808,NA,NA,NA,NA
S1_271122548,1,271122548,NA,NA,NA,NA
S10_9598177,10,9598177,NA,NA,NA,NA
S8_14095339,8,14095339,NA,NA,NA,NA
S3_200396809,3,200396809,NA,NA,NA,NA
S7_127969755,7,127969755,NA,NA,NA,NA
S1_121800025,1,121800025,NA,NA,NA,NA
S10_24951214,10,24951214,NA,NA,NA,NA
S1_121545300,1,121545300,NA,NA,NA,NA
S7_154508052,7,154508052,NA,NA,NA,NA
S1_199640897,1,199640897,NA,NA,NA,NA
S5_30601132,5,30601132,NA,NA,NA,NA
S2_205945176,2,205945176,NA,NA,NA,NA
S4_5266094,4,5266094,NA,NA,NA,NA
S2_14267281,2,14267281,NA,NA,NA,NA
S8_128602723,8,128602723,NA,NA,NA,NA
S9_11745910,9,11745910,NA,NA,NA,NA
S4_28982373,4,28982373,NA,NA,NA,NA
S10_15210110,10,15210110,NA,NA,NA,NA
S8_166579945,8,166579945,NA,NA,NA,NA
S4_143512347,4,143512347,NA,NA,NA,NA
S3_208768241,3,208768241,NA,NA,NA,NA
S2_14256883,2,14256883,NA,NA,NA,NA
S4_236392730,4,236392730,NA,NA,NA,NA
S2_184890830,2,184890830,NA,NA,NA,NA
S2_20414226,2,20414226,NA,NA,NA,NA
S3_216472293,3,216472293,NA,NA,NA,NA
S1_39145330,1,39145330,NA,NA,NA,NA
S1_233455577,1,233455577,NA,NA,NA,NA
S1_34595792,1,34595792,NA,NA,NA,NA
S3_172198924,3,172198924,NA,NA,NA,NA
S3_172198941,3,172198941,NA,NA,NA,NA
S2_233598480,2,233598480,NA,NA,NA,NA
S4_32060695,4,32060695,NA,NA,NA,NA
S4_239933797,4,239933797,NA,NA,NA,NA
S6_166949560,6,166949560,NA,NA,NA,NA
S8_118078399,8,118078399,NA,NA,NA,NA
S5_143166970,5,143166970,NA,NA,NA,NA
S10_139347865,10,139347865,NA,NA,NA,NA
S2_187687717,2,187687717,NA,NA,NA,NA
S1_4772203,1,4772203,NA,NA,NA,NA
S8_167381692,8,167381692,NA,NA,NA,NA
S4_196969596,4,196969596,NA,NA,NA,NA
S1_198739544,1,198739544,NA,NA,NA,NA
S3_48300833,3,48300833,NA,NA,NA,NA
S1_4018277,1,4018277,NA,NA,NA,NA
S3_210749284,3,210749284,NA,NA,NA,NA
S3_9043564,3,9043564,NA,NA,NA,NA
S9_25465719,9,25465719,NA,NA,NA,NA
S1_7701322,1,7701322,NA,NA,NA,NA
S1_278711905,1,278711905,NA,NA,NA,NA
S8_72066794,8,72066794,NA,NA,NA,NA
S8_72066799,8,72066799,NA,NA,NA,NA
S1_27395516,1,27395516,NA,NA,NA,NA
S5_188477168,5,188477168,NA,NA,NA,NA
S7_124507887,7,124507887,NA,NA,NA,NA
S4_155294892,4,155294892,NA,NA,NA,NA
S4_830868,4,830868,NA,NA,NA,NA
S4_142384853,4,142384853,NA,NA,NA,NA
S3_217669487,3,217669487,NA,NA,NA,NA
S9_134296895,9,134296895,NA,NA,NA,NA
S1_290268662,1,290268662,NA,NA,NA,NA
S9_12801936,9,12801936,NA,NA,NA,NA
S9_13448596,9,13448596,NA,NA,NA,NA
S2_40067629,2,40067629,NA,NA,NA,NA
S1_228020148,1,228020148,NA,NA,NA,NA
S6_88592697,6,88592697,NA,NA,NA,NA
S1_33111464,1,33111464,NA,NA,NA,NA
S4_63093026,4,63093026,NA,NA,NA,NA
S3_227048453,3,227048453,NA,NA,NA,NA
S3_140970324,3,140970324,NA,NA,NA,NA
S1_93072584,1,93072584,NA,NA,NA,NA
S8_19855712,8,19855712,NA,NA,NA,NA
S8_170062402,8,170062402,NA,NA,NA,NA
S7_173153676,7,173153676,NA,NA,NA,NA
S6_103441010,6,103441010,NA,NA,NA,NA
S6_156394685,6,156394685,NA,NA,NA,NA
S7_1290216,7,1290216,NA,NA,NA,NA
S1_179868901,1,179868901,NA,NA,NA,NA
S3_162318054,3,162318054,NA,NA,NA,NA
S1_280579303,1,280579303,NA,NA,NA,NA
S6_18528837,6,18528837,NA,NA,NA,NA
S3_16562963,3,16562963,NA,NA,NA,NA
S4_15688722,4,15688722,NA,NA,NA,NA
S9_151987649,9,151987649,NA,NA,NA,NA
S2_24032983,2,24032983,NA,NA,NA,NA
S8_141377447,8,141377447,NA,NA,NA,NA
S7_154741580,7,154741580,NA,NA,NA,NA
S4_222798122,4,222798122,NA,NA,NA,NA
S5_150626025,5,150626025,NA,NA,NA,NA
S5_115147011,5,115147011,NA,NA,NA,NA
S5_196508994,5,196508994,NA,NA,NA,NA
S4_231255008,4,231255008,NA,NA,NA,NA
S6_106342346,6,106342346,NA,NA,NA,NA
S6_106342348,6,106342348,NA,NA,NA,NA
S6_106342376,6,106342376,NA,NA,NA,NA
S10_146669101,10,146669101,NA,NA,NA,NA
S6_93211949,6,93211949,NA,NA,NA,NA
S3_2778924,3,2778924,NA,NA,NA,NA
S2_64698467,2,64698467,NA,NA,NA,NA
S7_172512803,7,172512803,NA,NA,NA,NA
S1_197068907,1,197068907,NA,NA,NA,NA
S9_6007066,9,6007066,NA,NA,NA,NA
S2_58805997,2,58805997,NA,NA,NA,NA
S8_169301,8,169301,NA,NA,NA,NA
S4_239145515,4,239145515,NA,NA,NA,NA
S1_44336200,1,44336200,NA,NA,NA,NA
S10_14726570,10,14726570,NA,NA,NA,NA
S10_125301428,10,125301428,NA,NA,NA,NA
S1_287290895,1,287290895,NA,NA,NA,NA
S8_156023819,8,156023819,NA,NA,NA,NA
S2_208617059,2,208617059,NA,NA,NA,NA
S5_195188832,5,195188832,NA,NA,NA,NA
S5_90484269,5,90484269,NA,NA,NA,NA
S5_90484287,5,90484287,NA,NA,NA,NA
S10_115840324,10,115840324,NA,NA,NA,NA
S1_45340110,1,45340110,NA,NA,NA,NA
S5_62110011,5,62110011,NA,NA,NA,NA
S10_6530067,10,6530067,NA,NA,NA,NA
S7_160084200,7,160084200,NA,NA,NA,NA
S7_172163484,7,172163484,NA,NA,NA,NA
S2_14836552,2,14836552,NA,NA,NA,NA
S6_8145949,6,8145949,NA,NA,NA,NA
S2_60318859,2,60318859,NA,NA,NA,NA
S1_228665920,1,228665920,NA,NA,NA,NA
S6_128735703,6,128735703,NA,NA,NA,NA
S1_63099873,1,63099873,NA,NA,NA,NA
S3_2218607,3,2218607,NA,NA,NA,NA
S3_3698799,3,3698799,NA,NA,NA,NA
S1_36222120,1,36222120,NA,NA,NA,NA
S5_859710,5,859710,NA,NA,NA,NA
S5_207732984,5,207732984,NA,NA,NA,NA
S8_164135480,8,164135480,NA,NA,NA,NA
S1_277844338,1,277844338,NA,NA,NA,NA
S4_187465986,4,187465986,NA,NA,NA,NA
S10_133303715,10,133303715,NA,NA,NA,NA
S4_185487754,4,185487754,NA,NA,NA,NA
S5_195627553,5,195627553,NA,NA,NA,NA
S3_5993933,3,5993933,NA,NA,NA,NA
S8_148509024,8,148509024,NA,NA,NA,NA
S3_184850934,3,184850934,NA,NA,NA,NA
S1_92870780,1,92870780,NA,NA,NA,NA
S4_196819641,4,196819641,NA,NA,NA,NA
S4_196819642,4,196819642,NA,NA,NA,NA
S4_830867,4,830867,NA,NA,NA,NA
S1_215611278,1,215611278,NA,NA,NA,NA
S7_3249603,7,3249603,NA,NA,NA,NA
S5_205730699,5,205730699,NA,NA,NA,NA
S6_88154167,6,88154167,NA,NA,NA,NA
S10_148762765,10,148762765,NA,NA,NA,NA
S8_154033838,8,154033838,NA,NA,NA,NA
S8_171745138,8,171745138,NA,NA,NA,NA
S10_87135447,10,87135447,NA,NA,NA,NA
S8_74681891,8,74681891,NA,NA,NA,NA
S6_155014265,6,155014265,NA,NA,NA,NA
S7_117238053,7,117238053,NA,NA,NA,NA
S5_27199215,5,27199215,NA,NA,NA,NA
S5_27199234,5,27199234,NA,NA,NA,NA
S1_111985051,1,111985051,NA,NA,NA,NA
S2_211285117,2,211285117,NA,NA,NA,NA
S10_14496783,10,14496783,NA,NA,NA,NA
S2_23738165,2,23738165,NA,NA,NA,NA
S1_39855820,1,39855820,NA,NA,NA,NA
S5_8409630,5,8409630,NA,NA,NA,NA
S3_21260890,3,21260890,NA,NA,NA,NA
S5_171297404,5,171297404,NA,NA,NA,NA
S2_66713091,2,66713091,NA,NA,NA,NA
S10_132560104,10,132560104,NA,NA,NA,NA
S1_227834540,1,227834540,NA,NA,NA,NA
S1_228403656,1,228403656,NA,NA,NA,NA
S8_68929154,8,68929154,NA,NA,NA,NA
S1_49739349,1,49739349,NA,NA,NA,NA
S5_213051014,5,213051014,NA,NA,NA,NA
S3_229867729,3,229867729,NA,NA,NA,NA
S9_147965914,9,147965914,NA,NA,NA,NA
S6_163434830,6,163434830,NA,NA,NA,NA
S5_76383572,5,76383572,NA,NA,NA,NA
S10_3185640,10,3185640,NA,NA,NA,NA
S1_33416205,1,33416205,NA,NA,NA,NA
S8_170706201,8,170706201,NA,NA,NA,NA
S4_26426017,4,26426017,NA,NA,NA,NA
S7_172576945,7,172576945,NA,NA,NA,NA
S10_7133004,10,7133004,NA,NA,NA,NA
S4_233635200,4,233635200,NA,NA,NA,NA
S5_205389001,5,205389001,NA,NA,NA,NA
S2_197524536,2,197524536,NA,NA,NA,NA
S2_197524537,2,197524537,NA,NA,NA,NA
S6_147971137,6,147971137,NA,NA,NA,NA
S7_127373506,7,127373506,NA,NA,NA,NA
S1_283640778,1,283640778,NA,NA,NA,NA
S1_46843232,1,46843232,NA,NA,NA,NA
S3_220704255,3,220704255,NA,NA,NA,NA
S6_136411527,6,136411527,NA,NA,NA,NA
S4_48458661,4,48458661,NA,NA,NA,NA
S1_232521161,1,232521161,NA,NA,NA,NA
S7_132632429,7,132632429,NA,NA,NA,NA
S4_225998290,4,225998290,NA,NA,NA,NA
S1_295988919,1,295988919,NA,NA,NA,NA
S9_22328684,9,22328684,NA,NA,NA,NA
S3_15210188,3,15210188,NA,NA,NA,NA
S1_181884153,1,181884153,NA,NA,NA,NA
S5_57248793,5,57248793,NA,NA,NA,NA
S5_143167021,5,143167021,NA,NA,NA,NA
S4_174954890,4,174954890,NA,NA,NA,NA
S6_167688820,6,167688820,NA,NA,NA,NA
S2_42258752,2,42258752,NA,NA,NA,NA
S4_181431041,4,181431041,NA,NA,NA,NA
S4_24422465,4,24422465,NA,NA,NA,NA
S3_219064097,3,219064097,NA,NA,NA,NA
S10_144957938,10,144957938,NA,NA,NA,NA
S7_20895180,7,20895180,NA,NA,NA,NA
S3_229090516,3,229090516,NA,NA,NA,NA
S3_119969306,3,119969306,NA,NA,NA,NA
S8_152130813,8,152130813,NA,NA,NA,NA
S8_3167590,8,3167590,NA,NA,NA,NA
S8_3167591,8,3167591,NA,NA,NA,NA
S2_80586460,2,80586460,NA,NA,NA,NA
S2_80586467,2,80586467,NA,NA,NA,NA
S8_3629481,8,3629481,NA,NA,NA,NA
S6_22911217,6,22911217,NA,NA,NA,NA
S7_161864155,7,161864155,NA,NA,NA,NA
S1_37717388,1,37717388,NA,NA,NA,NA
S6_107360852,6,107360852,NA,NA,NA,NA
S1_60149839,1,60149839,NA,NA,NA,NA
S1_1665404,1,1665404,NA,NA,NA,NA
S1_1665405,1,1665405,NA,NA,NA,NA
S4_185727485,4,185727485,NA,NA,NA,NA
S4_185727510,4,185727510,NA,NA,NA,NA
S6_118074747,6,118074747,NA,NA,NA,NA
S4_180498552,4,180498552,NA,NA,NA,NA
S9_88649568,9,88649568,NA,NA,NA,NA
S8_152591175,8,152591175,NA,NA,NA,NA
S10_136939322,10,136939322,NA,NA,NA,NA
S3_19558155,3,19558155,NA,NA,NA,NA
S5_34960577,5,34960577,NA,NA,NA,NA
S3_17286849,3,17286849,NA,NA,NA,NA
S10_140162594,10,140162594,NA,NA,NA,NA
S6_97912872,6,97912872,NA,NA,NA,NA
S3_154658449,3,154658449,NA,NA,NA,NA
S5_214633832,5,214633832,NA,NA,NA,NA
S8_114026211,8,114026211,NA,NA,NA,NA
S9_11732202,9,11732202,NA,NA,NA,NA
S10_148583057,10,148583057,NA,NA,NA,NA
S3_176301690,3,176301690,NA,NA,NA,NA
S4_198378355,4,198378355,NA,NA,NA,NA
S3_215475102,3,215475102,NA,NA,NA,NA
S1_292338278,1,292338278,NA,NA,NA,NA
S4_21320934,4,21320934,NA,NA,NA,NA
S8_107232051,8,107232051,NA,NA,NA,NA
S7_30969534,7,30969534,NA,NA,NA,NA
S7_151845885,7,151845885,NA,NA,NA,NA
S3_162097279,3,162097279,NA,NA,NA,NA
S6_142648048,6,142648048,NA,NA,NA,NA
S10_116615216,10,116615216,NA,NA,NA,NA
S9_23280309,9,23280309,NA,NA,NA,NA
S3_86840524,3,86840524,NA,NA,NA,NA
S9_147965971,9,147965971,NA,NA,NA,NA
S5_13616014,5,13616014,NA,NA,NA,NA
S10_134203700,10,134203700,NA,NA,NA,NA
S10_134203704,10,134203704,NA,NA,NA,NA
S8_113873946,8,113873946,NA,NA,NA,NA
S1_69095565,1,69095565,NA,NA,NA,NA
S1_69095566,1,69095566,NA,NA,NA,NA
S5_171706504,5,171706504,NA,NA,NA,NA
S8_127624003,8,127624003,NA,NA,NA,NA
S6_169106132,6,169106132,NA,NA,NA,NA
S6_169106169,6,169106169,NA,NA,NA,NA
S10_15406005,10,15406005,NA,NA,NA,NA
S3_204994023,3,204994023,NA,NA,NA,NA
S4_188858014,4,188858014,NA,NA,NA,NA
S5_207514190,5,207514190,NA,NA,NA,NA
S1_272940170,1,272940170,NA,NA,NA,NA
S8_26870100,8,26870100,NA,NA,NA,NA
S3_176570449,3,176570449,NA,NA,NA,NA
S8_23637122,8,23637122,NA,NA,NA,NA
S1_80661914,1,80661914,NA,NA,NA,NA
S4_125353355,4,125353355,NA,NA,NA,NA
S2_52834504,2,52834504,NA,NA,NA,NA
S2_24032597,2,24032597,NA,NA,NA,NA
S2_157948358,2,157948358,NA,NA,NA,NA
S1_292340955,1,292340955,NA,NA,NA,NA
S4_188675226,4,188675226,NA,NA,NA,NA
S9_26630589,9,26630589,NA,NA,NA,NA
S2_212479117,2,212479117,NA,NA,NA,NA
S2_212479125,2,212479125,NA,NA,NA,NA
S2_212479132,2,212479132,NA,NA,NA,NA
S9_100886821,9,100886821,NA,NA,NA,NA
S1_276681706,1,276681706,NA,NA,NA,NA
S10_1877143,10,1877143,NA,NA,NA,NA
S5_110179207,5,110179207,NA,NA,NA,NA
S9_87360835,9,87360835,NA,NA,NA,NA
S1_281701963,1,281701963,NA,NA,NA,NA
S2_118489316,2,118489316,NA,NA,NA,NA
S9_1587731,9,1587731,NA,NA,NA,NA
S2_9549729,2,9549729,NA,NA,NA,NA
S10_139978017,10,139978017,NA,NA,NA,NA
S2_189273186,2,189273186,NA,NA,NA,NA
S9_28047363,9,28047363,NA,NA,NA,NA
S5_215063807,5,215063807,NA,NA,NA,NA
S1_48777588,1,48777588,NA,NA,NA,NA
S2_45987725,2,45987725,NA,NA,NA,NA
S6_157381480,6,157381480,NA,NA,NA,NA
S1_290201626,1,290201626,NA,NA,NA,NA
S3_43862824,3,43862824,NA,NA,NA,NA
S1_286992058,1,286992058,NA,NA,NA,NA
S1_278606313,1,278606313,NA,NA,NA,NA
S2_9965163,2,9965163,NA,NA,NA,NA
S2_43204864,2,43204864,NA,NA,NA,NA
S5_4668380,5,4668380,NA,NA,NA,NA
S1_59462758,1,59462758,NA,NA,NA,NA
S2_33728313,2,33728313,NA,NA,NA,NA
S8_105087789,8,105087789,NA,NA,NA,NA
S4_141610764,4,141610764,NA,NA,NA,NA
S6_162482425,6,162482425,NA,NA,NA,NA
S1_259930666,1,259930666,NA,NA,NA,NA
S3_6969254,3,6969254,NA,NA,NA,NA
S2_62291206,2,62291206,NA,NA,NA,NA
S7_174248333,7,174248333,NA,NA,NA,NA
S2_207359159,2,207359159,NA,NA,NA,NA
S9_14535102,9,14535102,NA,NA,NA,NA
S2_203945244,2,203945244,NA,NA,NA,NA
S7_8060080,7,8060080,NA,NA,NA,NA
S9_131569767,9,131569767,NA,NA,NA,NA
S8_165858649,8,165858649,NA,NA,NA,NA
S9_30188034,9,30188034,NA,NA,NA,NA
S9_122124647,9,122124647,NA,NA,NA,NA
S3_162297196,3,162297196,NA,NA,NA,NA
S8_26869086,8,26869086,NA,NA,NA,NA
S5_59036009,5,59036009,NA,NA,NA,NA
S3_6739153,3,6739153,NA,NA,NA,NA
S10_113923864,10,113923864,NA,NA,NA,NA
S4_200031984,4,200031984,NA,NA,NA,NA
S9_155181797,9,155181797,NA,NA,NA,NA
S7_23960611,7,23960611,NA,NA,NA,NA
S10_147997647,10,147997647,NA,NA,NA,NA
S2_148564919,2,148564919,NA,NA,NA,NA
S6_22911311,6,22911311,NA,NA,NA,NA
S5_2259969,5,2259969,NA,NA,NA,NA
S4_198123621,4,198123621,NA,NA,NA,NA
S9_139706313,9,139706313,NA,NA,NA,NA
S6_63265876,6,63265876,NA,NA,NA,NA
S3_196936357,3,196936357,NA,NA,NA,NA
S3_196936358,3,196936358,NA,NA,NA,NA
S2_84638219,2,84638219,NA,NA,NA,NA
S10_96009375,10,96009375,NA,NA,NA,NA
S10_96009403,10,96009403,NA,NA,NA,NA
S6_28873557,6,28873557,NA,NA,NA,NA
S3_221609248,3,221609248,NA,NA,NA,NA
S2_148717624,2,148717624,NA,NA,NA,NA
S4_190974925,4,190974925,NA,NA,NA,NA
S5_203397797,5,203397797,NA,NA,NA,NA
S7_21633869,7,21633869,NA,NA,NA,NA
S3_110188352,3,110188352,NA,NA,NA,NA
S7_124567924,7,124567924,NA,NA,NA,NA
S5_182437090,5,182437090,NA,NA,NA,NA
S6_151485755,6,151485755,NA,NA,NA,NA
S6_151485758,6,151485758,NA,NA,NA,NA
S1_239208777,1,239208777,NA,NA,NA,NA
S2_177860499,2,177860499,NA,NA,NA,NA
S3_171442921,3,171442921,NA,NA,NA,NA
S2_34434499,2,34434499,NA,NA,NA,NA
S7_21636438,7,21636438,NA,NA,NA,NA
S10_107289370,10,107289370,NA,NA,NA,NA
S10_107289371,10,107289371,NA,NA,NA,NA
S3_165468730,3,165468730,NA,NA,NA,NA
S2_232486411,2,232486411,NA,NA,NA,NA
S5_166969731,5,166969731,NA,NA,NA,NA
S1_272257176,1,272257176,NA,NA,NA,NA
S3_46177575,3,46177575,NA,NA,NA,NA
S6_18924609,6,18924609,NA,NA,NA,NA
S5_92720589,5,92720589,NA,NA,NA,NA
S4_239423908,4,239423908,NA,NA,NA,NA
S10_9136812,10,9136812,NA,NA,NA,NA
S1_53709358,1,53709358,NA,NA,NA,NA
S8_167603530,8,167603530,NA,NA,NA,NA
S1_38252398,1,38252398,NA,NA,NA,NA
S7_167590165,7,167590165,NA,NA,NA,NA
S6_137514912,6,137514912,NA,NA,NA,NA
S7_173419305,7,173419305,NA,NA,NA,NA
S5_1851934,5,1851934,NA,NA,NA,NA
S10_125951303,10,125951303,NA,NA,NA,NA
S1_212066279,1,212066279,NA,NA,NA,NA
S4_133925873,4,133925873,NA,NA,NA,NA
S2_6015123,2,6015123,NA,NA,NA,NA
S9_18561134,9,18561134,NA,NA,NA,NA
S3_230438431,3,230438431,NA,NA,NA,NA
S10_92133832,10,92133832,NA,NA,NA,NA
S10_92133853,10,92133853,NA,NA,NA,NA
S1_43140140,1,43140140,NA,NA,NA,NA
S6_7150183,6,7150183,NA,NA,NA,NA
S3_211231275,3,211231275,NA,NA,NA,NA
S5_214522738,5,214522738,NA,NA,NA,NA
S5_214522757,5,214522757,NA,NA,NA,NA
S2_101662934,2,101662934,NA,NA,NA,NA
S10_140737797,10,140737797,NA,NA,NA,NA
S2_213173874,2,213173874,NA,NA,NA,NA
S4_173368678,4,173368678,NA,NA,NA,NA
S9_153520137,9,153520137,NA,NA,NA,NA
S1_162137033,1,162137033,NA,NA,NA,NA
S9_100310602,9,100310602,NA,NA,NA,NA
S2_194115016,2,194115016,NA,NA,NA,NA
S10_10138363,10,10138363,NA,NA,NA,NA
S2_152501327,2,152501327,NA,NA,NA,NA
S3_165412283,3,165412283,NA,NA,NA,NA
S5_205068982,5,205068982,NA,NA,NA,NA
S2_167402807,2,167402807,NA,NA,NA,NA
S5_8613214,5,8613214,NA,NA,NA,NA
S1_222980504,1,222980504,NA,NA,NA,NA
S6_131357578,6,131357578,NA,NA,NA,NA
S1_238243085,1,238243085,NA,NA,NA,NA
S2_19195444,2,19195444,NA,NA,NA,NA
S7_152778541,7,152778541,NA,NA,NA,NA
S5_191088426,5,191088426,NA,NA,NA,NA
S7_16191999,7,16191999,NA,NA,NA,NA
S2_9315475,2,9315475,NA,NA,NA,NA
S2_33035998,2,33035998,NA,NA,NA,NA
S6_150804851,6,150804851,NA,NA,NA,NA
S6_150804880,6,150804880,NA,NA,NA,NA
S5_34584416,5,34584416,NA,NA,NA,NA
S4_236965950,4,236965950,NA,NA,NA,NA
S4_86400398,4,86400398,NA,NA,NA,NA
S1_246472231,1,246472231,NA,NA,NA,NA
S8_115906991,8,115906991,NA,NA,NA,NA
S5_59727993,5,59727993,NA,NA,NA,NA
S4_910126,4,910126,NA,NA,NA,NA
S6_28146521,6,28146521,NA,NA,NA,NA
S5_4258074,5,4258074,NA,NA,NA,NA
S1_165406632,1,165406632,NA,NA,NA,NA
S1_165406670,1,165406670,NA,NA,NA,NA
S10_147404862,10,147404862,NA,NA,NA,NA
S1_32228690,1,32228690,NA,NA,NA,NA
S1_32228718,1,32228718,NA,NA,NA,NA
S4_147753244,4,147753244,NA,NA,NA,NA
S4_147753249,4,147753249,NA,NA,NA,NA
S4_147753250,4,147753250,NA,NA,NA,NA
S4_147753251,4,147753251,NA,NA,NA,NA
S6_157582640,6,157582640,NA,NA,NA,NA
S5_203547885,5,203547885,NA,NA,NA,NA
S1_172021832,1,172021832,NA,NA,NA,NA
S4_83507830,4,83507830,NA,NA,NA,NA
S2_147308377,2,147308377,NA,NA,NA,NA
S10_138596079,10,138596079,NA,NA,NA,NA
S6_163633805,6,163633805,NA,NA,NA,NA
S9_66912885,9,66912885,NA,NA,NA,NA
S5_144886598,5,144886598,NA,NA,NA,NA
S7_120559038,7,120559038,NA,NA,NA,NA
S5_27683640,5,27683640,NA,NA,NA,NA
S6_149088047,6,149088047,NA,NA,NA,NA
S6_95234805,6,95234805,NA,NA,NA,NA
S2_140661632,2,140661632,NA,NA,NA,NA
S9_28399200,9,28399200,NA,NA,NA,NA
S7_147061026,7,147061026,NA,NA,NA,NA
S7_141827004,7,141827004,NA,NA,NA,NA
S7_167151846,7,167151846,NA,NA,NA,NA
S8_172464072,8,172464072,NA,NA,NA,NA
S10_148513367,10,148513367,NA,NA,NA,NA
S10_144624251,10,144624251,NA,NA,NA,NA
S1_45919026,1,45919026,NA,NA,NA,NA
S1_45919040,1,45919040,NA,NA,NA,NA
S5_191372648,5,191372648,NA,NA,NA,NA
S5_204333595,5,204333595,NA,NA,NA,NA
S7_165457133,7,165457133,NA,NA,NA,NA
S5_38472959,5,38472959,NA,NA,NA,NA
S4_81792307,4,81792307,NA,NA,NA,NA
S5_196031475,5,196031475,NA,NA,NA,NA
S10_10279372,10,10279372,NA,NA,NA,NA
S5_74451464,5,74451464,NA,NA,NA,NA
S10_143169715,10,143169715,NA,NA,NA,NA
S1_167897734,1,167897734,NA,NA,NA,NA
S4_234913949,4,234913949,NA,NA,NA,NA
S2_187785581,2,187785581,NA,NA,NA,NA
S1_164509226,1,164509226,NA,NA,NA,NA
S6_163228872,6,163228872,NA,NA,NA,NA
S1_221369957,1,221369957,NA,NA,NA,NA
S5_5378891,5,5378891,NA,NA,NA,NA
S6_159247806,6,159247806,NA,NA,NA,NA
S5_174408616,5,174408616,NA,NA,NA,NA
S3_199984352,3,199984352,NA,NA,NA,NA
S3_199984354,3,199984354,NA,NA,NA,NA
S9_12428223,9,12428223,NA,NA,NA,NA
S1_275772395,1,275772395,NA,NA,NA,NA
S10_80491290,10,80491290,NA,NA,NA,NA
S7_26454593,7,26454593,NA,NA,NA,NA
S7_26454599,7,26454599,NA,NA,NA,NA
S7_26454601,7,26454601,NA,NA,NA,NA
S7_26454607,7,26454607,NA,NA,NA,NA
S7_26454608,7,26454608,NA,NA,NA,NA
S7_26454592,7,26454592,NA,NA,NA,NA
S7_26454594,7,26454594,NA,NA,NA,NA
S7_26454595,7,26454595,NA,NA,NA,NA
S7_26454603,7,26454603,NA,NA,NA,NA
S6_63434801,6,63434801,NA,NA,NA,NA
S6_128054227,6,128054227,NA,NA,NA,NA
S7_165912425,7,165912425,NA,NA,NA,NA
S8_170138796,8,170138796,NA,NA,NA,NA
S3_213331473,3,213331473,NA,NA,NA,NA
S5_216206632,5,216206632,NA,NA,NA,NA
S5_216206638,5,216206638,NA,NA,NA,NA
S9_8016960,9,8016960,NA,NA,NA,NA
S3_204578806,3,204578806,NA,NA,NA,NA
S6_158186378,6,158186378,NA,NA,NA,NA
S3_114432547,3,114432547,NA,NA,NA,NA
S9_109740653,9,109740653,NA,NA,NA,NA
S10_102370485,10,102370485,NA,NA,NA,NA
S8_173515912,8,173515912,NA,NA,NA,NA
S4_199365816,4,199365816,NA,NA,NA,NA
S5_21933117,5,21933117,NA,NA,NA,NA
S1_4018268,1,4018268,NA,NA,NA,NA
S5_49802442,5,49802442,NA,NA,NA,NA
S2_236966519,2,236966519,NA,NA,NA,NA
S2_236966531,2,236966531,NA,NA,NA,NA
S5_80492467,5,80492467,NA,NA,NA,NA
S2_7201676,2,7201676,NA,NA,NA,NA
S1_67248858,1,67248858,NA,NA,NA,NA
S5_86263043,5,86263043,NA,NA,NA,NA
S1_212843923,1,212843923,NA,NA,NA,NA
S1_26914489,1,26914489,NA,NA,NA,NA
S1_26914490,1,26914490,NA,NA,NA,NA
S1_26914541,1,26914541,NA,NA,NA,NA
S7_133623932,7,133623932,NA,NA,NA,NA
S9_9599297,9,9599297,NA,NA,NA,NA
S8_139713043,8,139713043,NA,NA,NA,NA
S8_106629891,8,106629891,NA,NA,NA,NA
S6_75740006,6,75740006,NA,NA,NA,NA
S8_168492998,8,168492998,NA,NA,NA,NA
S6_118317813,6,118317813,NA,NA,NA,NA
S6_4889034,6,4889034,NA,NA,NA,NA
S2_22195099,2,22195099,NA,NA,NA,NA
S2_80586458,2,80586458,NA,NA,NA,NA
S1_224247039,1,224247039,NA,NA,NA,NA
S3_181751306,3,181751306,NA,NA,NA,NA
S2_14611252,2,14611252,NA,NA,NA,NA
S2_186642443,2,186642443,NA,NA,NA,NA
S7_142855422,7,142855422,NA,NA,NA,NA
S6_138562829,6,138562829,NA,NA,NA,NA
S10_34810052,10,34810052,NA,NA,NA,NA
S10_143386956,10,143386956,NA,NA,NA,NA
S3_202768366,3,202768366,NA,NA,NA,NA
S5_10808302,5,10808302,NA,NA,NA,NA
S1_119378120,1,119378120,NA,NA,NA,NA
S3_122496340,3,122496340,NA,NA,NA,NA
S6_98030410,6,98030410,NA,NA,NA,NA
S8_169244554,8,169244554,NA,NA,NA,NA
S1_290953559,1,290953559,NA,NA,NA,NA
S4_238275785,4,238275785,NA,NA,NA,NA
S8_139711404,8,139711404,NA,NA,NA,NA
S2_22704015,2,22704015,NA,NA,NA,NA
S8_134080486,8,134080486,NA,NA,NA,NA
S1_8945297,1,8945297,NA,NA,NA,NA
S10_2402999,10,2402999,NA,NA,NA,NA
S3_125690281,3,125690281,NA,NA,NA,NA
S2_12252271,2,12252271,NA,NA,NA,NA
S7_172163710,7,172163710,NA,NA,NA,NA
S9_7956090,9,7956090,NA,NA,NA,NA
S10_4614102,10,4614102,NA,NA,NA,NA
S4_144499613,4,144499613,NA,NA,NA,NA
S5_7240840,5,7240840,NA,NA,NA,NA
S2_177860503,2,177860503,NA,NA,NA,NA
S7_165157140,7,165157140,NA,NA,NA,NA
S8_122951164,8,122951164,NA,NA,NA,NA
S4_159570387,4,159570387,NA,NA,NA,NA
S4_159570393,4,159570393,NA,NA,NA,NA
S5_33980476,5,33980476,NA,NA,NA,NA
S1_10638,1,10638,NA,NA,NA,NA
S2_195524125,2,195524125,NA,NA,NA,NA
S10_126872937,10,126872937,NA,NA,NA,NA
S1_5010040,1,5010040,NA,NA,NA,NA
S8_74682609,8,74682609,NA,NA,NA,NA
S1_290521945,1,290521945,NA,NA,NA,NA
S7_171631663,7,171631663,NA,NA,NA,NA
S4_3892482,4,3892482,NA,NA,NA,NA
S4_165623919,4,165623919,NA,NA,NA,NA
S2_189218679,2,189218679,NA,NA,NA,NA
S2_54360904,2,54360904,NA,NA,NA,NA
S2_130953516,2,130953516,NA,NA,NA,NA
S4_18809271,4,18809271,NA,NA,NA,NA
S4_217096503,4,217096503,NA,NA,NA,NA
S9_102347753,9,102347753,NA,NA,NA,NA
S2_151735400,2,151735400,NA,NA,NA,NA
S2_847881,2,847881,NA,NA,NA,NA
S4_514226,4,514226,NA,NA,NA,NA
S6_161895084,6,161895084,NA,NA,NA,NA
S6_161895098,6,161895098,NA,NA,NA,NA
S9_61356266,9,61356266,NA,NA,NA,NA
S3_192033632,3,192033632,NA,NA,NA,NA
S6_132064514,6,132064514,NA,NA,NA,NA
S1_7389930,1,7389930,NA,NA,NA,NA
S6_84671208,6,84671208,NA,NA,NA,NA
S5_59291252,5,59291252,NA,NA,NA,NA
S9_20607514,9,20607514,NA,NA,NA,NA
S3_56819837,3,56819837,NA,NA,NA,NA
S9_1889532,9,1889532,NA,NA,NA,NA
S3_6682038,3,6682038,NA,NA,NA,NA
S3_6682039,3,6682039,NA,NA,NA,NA
S3_6682042,3,6682042,NA,NA,NA,NA
S1_288673414,1,288673414,NA,NA,NA,NA
S1_288673436,1,288673436,NA,NA,NA,NA
S1_79753278,1,79753278,NA,NA,NA,NA
S8_66142546,8,66142546,NA,NA,NA,NA
S3_2627865,3,2627865,NA,NA,NA,NA
S4_14950520,4,14950520,NA,NA,NA,NA
S5_163229787,5,163229787,NA,NA,NA,NA
S5_163229802,5,163229802,NA,NA,NA,NA
S2_15482198,2,15482198,NA,NA,NA,NA
S3_119323731,3,119323731,NA,NA,NA,NA
S3_204129102,3,204129102,NA,NA,NA,NA
S6_166241280,6,166241280,NA,NA,NA,NA
S1_8637215,1,8637215,NA,NA,NA,NA
S6_94003733,6,94003733,NA,NA,NA,NA
S1_102945866,1,102945866,NA,NA,NA,NA
S7_159031858,7,159031858,NA,NA,NA,NA
S7_128647075,7,128647075,NA,NA,NA,NA
S6_157022114,6,157022114,NA,NA,NA,NA
S6_157022116,6,157022116,NA,NA,NA,NA
S10_79136392,10,79136392,NA,NA,NA,NA
S5_31827648,5,31827648,NA,NA,NA,NA
S4_15689941,4,15689941,NA,NA,NA,NA
S2_203253757,2,203253757,NA,NA,NA,NA
S6_153241781,6,153241781,NA,NA,NA,NA
S6_163974524,6,163974524,NA,NA,NA,NA
S2_224236857,2,224236857,NA,NA,NA,NA
S9_80489548,9,80489548,NA,NA,NA,NA
S9_113058879,9,113058879,NA,NA,NA,NA
S4_172445401,4,172445401,NA,NA,NA,NA
S6_157496897,6,157496897,NA,NA,NA,NA
S2_21488087,2,21488087,NA,NA,NA,NA
S7_170386756,7,170386756,NA,NA,NA,NA
S6_156386867,6,156386867,NA,NA,NA,NA
S1_30686010,1,30686010,NA,NA,NA,NA
S5_212518292,5,212518292,NA,NA,NA,NA
S3_210141781,3,210141781,NA,NA,NA,NA
S7_17768964,7,17768964,NA,NA,NA,NA
S2_121582469,2,121582469,NA,NA,NA,NA
S4_196469520,4,196469520,NA,NA,NA,NA
S9_135307434,9,135307434,NA,NA,NA,NA
S9_43791222,9,43791222,NA,NA,NA,NA
S1_181873966,1,181873966,NA,NA,NA,NA
S5_212169455,5,212169455,NA,NA,NA,NA
S2_235226332,2,235226332,NA,NA,NA,NA
S8_17420754,8,17420754,NA,NA,NA,NA
S2_231338859,2,231338859,NA,NA,NA,NA
S6_133355175,6,133355175,NA,NA,NA,NA
S7_170416978,7,170416978,NA,NA,NA,NA
S1_241553559,1,241553559,NA,NA,NA,NA
S10_128814985,10,128814985,NA,NA,NA,NA
S1_208277862,1,208277862,NA,NA,NA,NA
S3_178098926,3,178098926,NA,NA,NA,NA
S8_12195464,8,12195464,NA,NA,NA,NA
S8_169088218,8,169088218,NA,NA,NA,NA
S5_194629161,5,194629161,NA,NA,NA,NA
S2_189089490,2,189089490,NA,NA,NA,NA
S8_170866624,8,170866624,NA,NA,NA,NA
S6_33622317,6,33622317,NA,NA,NA,NA
S8_14076144,8,14076144,NA,NA,NA,NA
S7_159231773,7,159231773,NA,NA,NA,NA
S10_94001321,10,94001321,NA,NA,NA,NA
S9_14906480,9,14906480,NA,NA,NA,NA
S3_226765121,3,226765121,NA,NA,NA,NA
S1_80662558,1,80662558,NA,NA,NA,NA
S2_3105991,2,3105991,NA,NA,NA,NA
S8_23964552,8,23964552,NA,NA,NA,NA
S3_29013795,3,29013795,NA,NA,NA,NA
S1_12357418,1,12357418,NA,NA,NA,NA
S2_14836550,2,14836550,NA,NA,NA,NA
S4_144281175,4,144281175,NA,NA,NA,NA
S8_93112095,8,93112095,NA,NA,NA,NA
S4_166927555,4,166927555,NA,NA,NA,NA
S3_3555780,3,3555780,NA,NA,NA,NA
S3_3555782,3,3555782,NA,NA,NA,NA
S3_3555783,3,3555783,NA,NA,NA,NA
S2_3063145,2,3063145,NA,NA,NA,NA
S6_86338227,6,86338227,NA,NA,NA,NA
S1_25374654,1,25374654,NA,NA,NA,NA
S9_80168867,9,80168867,NA,NA,NA,NA
S10_4675740,10,4675740,NA,NA,NA,NA
S1_28765554,1,28765554,NA,NA,NA,NA
S6_158283374,6,158283374,NA,NA,NA,NA
S7_123505354,7,123505354,NA,NA,NA,NA
S1_67440275,1,67440275,NA,NA,NA,NA
S2_221753845,2,221753845,NA,NA,NA,NA
S10_71471618,10,71471618,NA,NA,NA,NA
S4_234721080,4,234721080,NA,NA,NA,NA
S10_145287286,10,145287286,NA,NA,NA,NA
S1_232514066,1,232514066,NA,NA,NA,NA
S7_9199251,7,9199251,NA,NA,NA,NA
S3_125691050,3,125691050,NA,NA,NA,NA
S2_236351310,2,236351310,NA,NA,NA,NA
S7_13844873,7,13844873,NA,NA,NA,NA
S1_279914349,1,279914349,NA,NA,NA,NA
S4_235380659,4,235380659,NA,NA,NA,NA
S8_154106588,8,154106588,NA,NA,NA,NA
S8_154106611,8,154106611,NA,NA,NA,NA
S10_7440316,10,7440316,NA,NA,NA,NA
S10_148640624,10,148640624,NA,NA,NA,NA
S4_175277962,4,175277962,NA,NA,NA,NA
S4_234501841,4,234501841,NA,NA,NA,NA
S1_70254808,1,70254808,NA,NA,NA,NA
S3_122384554,3,122384554,NA,NA,NA,NA
S8_22842802,8,22842802,NA,NA,NA,NA
S5_33646018,5,33646018,NA,NA,NA,NA
S1_206424198,1,206424198,NA,NA,NA,NA
S6_144671294,6,144671294,NA,NA,NA,NA
S9_152188127,9,152188127,NA,NA,NA,NA
S1_91460590,1,91460590,NA,NA,NA,NA
S5_34800993,5,34800993,NA,NA,NA,NA
S3_220639265,3,220639265,NA,NA,NA,NA
S9_145775523,9,145775523,NA,NA,NA,NA
S5_171959920,5,171959920,NA,NA,NA,NA
S10_137460286,10,137460286,NA,NA,NA,NA
S10_137460289,10,137460289,NA,NA,NA,NA
S3_117087559,3,117087559,NA,NA,NA,NA
S1_283971098,1,283971098,NA,NA,NA,NA
S5_194093078,5,194093078,NA,NA,NA,NA
S3_180598368,3,180598368,NA,NA,NA,NA
S5_176347235,5,176347235,NA,NA,NA,NA
S1_203947567,1,203947567,NA,NA,NA,NA
S5_19526233,5,19526233,NA,NA,NA,NA
S10_1088261,10,1088261,NA,NA,NA,NA
S9_131569380,9,131569380,NA,NA,NA,NA
S1_29741466,1,29741466,NA,NA,NA,NA
S5_170024113,5,170024113,NA,NA,NA,NA
S2_20101459,2,20101459,NA,NA,NA,NA
S2_185604905,2,185604905,NA,NA,NA,NA
S5_13726883,5,13726883,NA,NA,NA,NA
S9_91421268,9,91421268,NA,NA,NA,NA
S5_19886615,5,19886615,NA,NA,NA,NA
S6_140913173,6,140913173,NA,NA,NA,NA
S1_23557922,1,23557922,NA,NA,NA,NA
S1_23557925,1,23557925,NA,NA,NA,NA
S3_191330508,3,191330508,NA,NA,NA,NA
S2_207379888,2,207379888,NA,NA,NA,NA
S10_129706458,10,129706458,NA,NA,NA,NA
S10_129706461,10,129706461,NA,NA,NA,NA
S10_129706462,10,129706462,NA,NA,NA,NA
S8_161523330,8,161523330,NA,NA,NA,NA
S8_170415167,8,170415167,NA,NA,NA,NA
S9_102347468,9,102347468,NA,NA,NA,NA
S7_161950581,7,161950581,NA,NA,NA,NA
S2_48664863,2,48664863,NA,NA,NA,NA
S10_16372703,10,16372703,NA,NA,NA,NA
S5_167969720,5,167969720,NA,NA,NA,NA
S1_17959598,1,17959598,NA,NA,NA,NA
S3_5849916,3,5849916,NA,NA,NA,NA
S3_2067803,3,2067803,NA,NA,NA,NA
S1_166667484,1,166667484,NA,NA,NA,NA
S10_60402962,10,60402962,NA,NA,NA,NA
S2_197524541,2,197524541,NA,NA,NA,NA
S9_100884410,9,100884410,NA,NA,NA,NA
S5_13180664,5,13180664,NA,NA,NA,NA
S2_45419697,2,45419697,NA,NA,NA,NA
S1_254689028,1,254689028,NA,NA,NA,NA
S1_254689033,1,254689033,NA,NA,NA,NA
S3_224567900,3,224567900,NA,NA,NA,NA
S1_93268196,1,93268196,NA,NA,NA,NA
S5_7151401,5,7151401,NA,NA,NA,NA
S6_148959788,6,148959788,NA,NA,NA,NA
S5_78639321,5,78639321,NA,NA,NA,NA
S8_159336082,8,159336082,NA,NA,NA,NA
S2_4437474,2,4437474,NA,NA,NA,NA
S3_199961723,3,199961723,NA,NA,NA,NA
S3_199961738,3,199961738,NA,NA,NA,NA
S1_287704904,1,287704904,NA,NA,NA,NA
S4_31069634,4,31069634,NA,NA,NA,NA
S10_96322233,10,96322233,NA,NA,NA,NA
S9_151987625,9,151987625,NA,NA,NA,NA
S4_193350876,4,193350876,NA,NA,NA,NA
S2_14399018,2,14399018,NA,NA,NA,NA
S2_14399051,2,14399051,NA,NA,NA,NA
S7_19353537,7,19353537,NA,NA,NA,NA
S3_5994357,3,5994357,NA,NA,NA,NA
S3_187484343,3,187484343,NA,NA,NA,NA
S1_83486988,1,83486988,NA,NA,NA,NA
S3_92980736,3,92980736,NA,NA,NA,NA
S1_190744175,1,190744175,NA,NA,NA,NA
S9_147993480,9,147993480,NA,NA,NA,NA
S2_143450672,2,143450672,NA,NA,NA,NA
S2_234111616,2,234111616,NA,NA,NA,NA
S2_21425746,2,21425746,NA,NA,NA,NA
S5_36954609,5,36954609,NA,NA,NA,NA
S6_151485800,6,151485800,NA,NA,NA,NA
S2_189090626,2,189090626,NA,NA,NA,NA
S2_1958891,2,1958891,NA,NA,NA,NA
S1_28765279,1,28765279,NA,NA,NA,NA
S7_162561681,7,162561681,NA,NA,NA,NA
S8_16165945,8,16165945,NA,NA,NA,NA
S6_164869984,6,164869984,NA,NA,NA,NA
S9_151366213,9,151366213,NA,NA,NA,NA
S1_80662007,1,80662007,NA,NA,NA,NA
S5_7852050,5,7852050,NA,NA,NA,NA
S4_194765311,4,194765311,NA,NA,NA,NA
S10_31028442,10,31028442,NA,NA,NA,NA
S1_105325600,1,105325600,NA,NA,NA,NA
S2_19195434,2,19195434,NA,NA,NA,NA
S4_239141199,4,239141199,NA,NA,NA,NA
S4_239141200,4,239141200,NA,NA,NA,NA
S4_239141213,4,239141213,NA,NA,NA,NA
S4_36316883,4,36316883,NA,NA,NA,NA
S8_18824196,8,18824196,NA,NA,NA,NA
S4_156718546,4,156718546,NA,NA,NA,NA
S6_95323048,6,95323048,NA,NA,NA,NA
S4_6438802,4,6438802,NA,NA,NA,NA
S3_231824479,3,231824479,NA,NA,NA,NA
S1_45928336,1,45928336,NA,NA,NA,NA
S1_23966622,1,23966622,NA,NA,NA,NA
S8_165286078,8,165286078,NA,NA,NA,NA
S5_167585810,5,167585810,NA,NA,NA,NA
S5_167585807,5,167585807,NA,NA,NA,NA
S5_167585815,5,167585815,NA,NA,NA,NA
S6_152209094,6,152209094,NA,NA,NA,NA
S8_34580271,8,34580271,NA,NA,NA,NA
S7_103305137,7,103305137,NA,NA,NA,NA
S4_200319043,4,200319043,NA,NA,NA,NA
S6_123156388,6,123156388,NA,NA,NA,NA
S8_35003581,8,35003581,NA,NA,NA,NA
S2_144477836,2,144477836,NA,NA,NA,NA
S2_4186804,2,4186804,NA,NA,NA,NA
S6_6901783,6,6901783,NA,NA,NA,NA
S9_143866051,9,143866051,NA,NA,NA,NA
S9_143866092,9,143866092,NA,NA,NA,NA
S1_257973255,1,257973255,NA,NA,NA,NA
S9_28047351,9,28047351,NA,NA,NA,NA
S9_28047355,9,28047355,NA,NA,NA,NA
S9_28047360,9,28047360,NA,NA,NA,NA
S9_28047367,9,28047367,NA,NA,NA,NA
S2_182631015,2,182631015,NA,NA,NA,NA
S8_144676197,8,144676197,NA,NA,NA,NA
S8_144676217,8,144676217,NA,NA,NA,NA
S8_135060994,8,135060994,NA,NA,NA,NA
S3_28231425,3,28231425,NA,NA,NA,NA
S7_165295758,7,165295758,NA,NA,NA,NA
S6_36623752,6,36623752,NA,NA,NA,NA
S6_36623796,6,36623796,NA,NA,NA,NA
S5_11778249,5,11778249,NA,NA,NA,NA
S9_148367039,9,148367039,NA,NA,NA,NA
S8_161422484,8,161422484,NA,NA,NA,NA
S8_161422504,8,161422504,NA,NA,NA,NA
S5_88664278,5,88664278,NA,NA,NA,NA
S2_88613181,2,88613181,NA,NA,NA,NA
S7_21550044,7,21550044,NA,NA,NA,NA
S4_236479059,4,236479059,NA,NA,NA,NA
S4_177307806,4,177307806,NA,NA,NA,NA
S5_93580100,5,93580100,NA,NA,NA,NA
S1_277233234,1,277233234,NA,NA,NA,NA
S1_277233252,1,277233252,NA,NA,NA,NA
S4_237898681,4,237898681,NA,NA,NA,NA
S6_39371759,6,39371759,NA,NA,NA,NA
S6_39371760,6,39371760,NA,NA,NA,NA
S8_159395007,8,159395007,NA,NA,NA,NA
S5_34588690,5,34588690,NA,NA,NA,NA
S4_910156,4,910156,NA,NA,NA,NA
S8_17420714,8,17420714,NA,NA,NA,NA
S2_51630599,2,51630599,NA,NA,NA,NA
S9_151276255,9,151276255,NA,NA,NA,NA
S1_88969297,1,88969297,NA,NA,NA,NA
S3_10843370,3,10843370,NA,NA,NA,NA
S2_219396713,2,219396713,NA,NA,NA,NA
S8_141803960,8,141803960,NA,NA,NA,NA
S4_158196230,4,158196230,NA,NA,NA,NA
S2_4052709,2,4052709,NA,NA,NA,NA
S7_118306323,7,118306323,NA,NA,NA,NA
S1_300740373,1,300740373,NA,NA,NA,NA
S5_49825154,5,49825154,NA,NA,NA,NA
S5_2259965,5,2259965,NA,NA,NA,NA
S5_210676408,5,210676408,NA,NA,NA,NA
S4_2888054,4,2888054,NA,NA,NA,NA
S10_10447012,10,10447012,NA,NA,NA,NA
S7_17180569,7,17180569,NA,NA,NA,NA
S6_156394681,6,156394681,NA,NA,NA,NA
S10_72773226,10,72773226,NA,NA,NA,NA
S2_69295880,2,69295880,NA,NA,NA,NA
S1_251994417,1,251994417,NA,NA,NA,NA
S6_164853687,6,164853687,NA,NA,NA,NA
S6_164853688,6,164853688,NA,NA,NA,NA
S6_164853690,6,164853690,NA,NA,NA,NA
S2_9267177,2,9267177,NA,NA,NA,NA
S9_151276228,9,151276228,NA,NA,NA,NA
S3_184358118,3,184358118,NA,NA,NA,NA
S2_7657751,2,7657751,NA,NA,NA,NA
S6_62444951,6,62444951,NA,NA,NA,NA
S5_195677820,5,195677820,NA,NA,NA,NA
S6_132075816,6,132075816,NA,NA,NA,NA
S10_22265533,10,22265533,NA,NA,NA,NA
S5_63828482,5,63828482,NA,NA,NA,NA
S5_63828513,5,63828513,NA,NA,NA,NA
S5_63828528,5,63828528,NA,NA,NA,NA
S6_66897182,6,66897182,NA,NA,NA,NA
S3_150170187,3,150170187,NA,NA,NA,NA
S3_150170219,3,150170219,NA,NA,NA,NA
S2_13299904,2,13299904,NA,NA,NA,NA
S5_188825420,5,188825420,NA,NA,NA,NA
S5_169814376,5,169814376,NA,NA,NA,NA
S8_157235205,8,157235205,NA,NA,NA,NA
S3_22817084,3,22817084,NA,NA,NA,NA
S5_179928999,5,179928999,NA,NA,NA,NA
S3_211328948,3,211328948,NA,NA,NA,NA
S1_217252567,1,217252567,NA,NA,NA,NA
S3_159685959,3,159685959,NA,NA,NA,NA
S1_248738423,1,248738423,NA,NA,NA,NA
S3_5429154,3,5429154,NA,NA,NA,NA
S1_202766196,1,202766196,NA,NA,NA,NA
S2_201174481,2,201174481,NA,NA,NA,NA
S8_48125877,8,48125877,NA,NA,NA,NA
S10_135135446,10,135135446,NA,NA,NA,NA
S2_2683951,2,2683951,NA,NA,NA,NA
S2_152922451,2,152922451,NA,NA,NA,NA
S2_6029284,2,6029284,NA,NA,NA,NA
S8_124937762,8,124937762,NA,NA,NA,NA
S10_65488658,10,65488658,NA,NA,NA,NA
S2_203263334,2,203263334,NA,NA,NA,NA
S1_269304440,1,269304440,NA,NA,NA,NA
S6_156535343,6,156535343,NA,NA,NA,NA
S5_189774438,5,189774438,NA,NA,NA,NA
S1_220335689,1,220335689,NA,NA,NA,NA
S2_175259885,2,175259885,NA,NA,NA,NA
S4_5009568,4,5009568,NA,NA,NA,NA
S4_29169174,4,29169174,NA,NA,NA,NA
S4_29169184,4,29169184,NA,NA,NA,NA
S5_2137834,5,2137834,NA,NA,NA,NA
S4_6408936,4,6408936,NA,NA,NA,NA
S9_14319862,9,14319862,NA,NA,NA,NA
S3_21856762,3,21856762,NA,NA,NA,NA
S3_21856771,3,21856771,NA,NA,NA,NA
S10_3278277,10,3278277,NA,NA,NA,NA
S6_159118147,6,159118147,NA,NA,NA,NA
S6_159118148,6,159118148,NA,NA,NA,NA
S6_159118152,6,159118152,NA,NA,NA,NA
S6_151580123,6,151580123,NA,NA,NA,NA
S5_25994003,5,25994003,NA,NA,NA,NA
S10_107289397,10,107289397,NA,NA,NA,NA
S4_123980039,4,123980039,NA,NA,NA,NA
S7_98569314,7,98569314,NA,NA,NA,NA
S2_212800650,2,212800650,NA,NA,NA,NA
S7_1317899,7,1317899,NA,NA,NA,NA
S2_9549764,2,9549764,NA,NA,NA,NA
S10_140049350,10,140049350,NA,NA,NA,NA
S3_217898683,3,217898683,NA,NA,NA,NA
S2_144802266,2,144802266,NA,NA,NA,NA
S2_234192015,2,234192015,NA,NA,NA,NA
S4_173001170,4,173001170,NA,NA,NA,NA
S1_280977319,1,280977319,NA,NA,NA,NA
S7_19254885,7,19254885,NA,NA,NA,NA
S9_44486383,9,44486383,NA,NA,NA,NA
S3_219713778,3,219713778,NA,NA,NA,NA
S8_173392840,8,173392840,NA,NA,NA,NA
S9_92548696,9,92548696,NA,NA,NA,NA
S1_288739926,1,288739926,NA,NA,NA,NA
S7_173800765,7,173800765,NA,NA,NA,NA
S6_138161601,6,138161601,NA,NA,NA,NA
S1_281071314,1,281071314,NA,NA,NA,NA
S9_133793171,9,133793171,NA,NA,NA,NA
S1_276119427,1,276119427,NA,NA,NA,NA
S1_212357889,1,212357889,NA,NA,NA,NA
S1_87916666,1,87916666,NA,NA,NA,NA
S9_143037409,9,143037409,NA,NA,NA,NA
S5_158893961,5,158893961,NA,NA,NA,NA
S10_119916962,10,119916962,NA,NA,NA,NA
S1_198478892,1,198478892,NA,NA,NA,NA
S8_136092454,8,136092454,NA,NA,NA,NA
S3_40931499,3,40931499,NA,NA,NA,NA
S1_65120299,1,65120299,NA,NA,NA,NA
S3_5982712,3,5982712,NA,NA,NA,NA
S5_194091479,5,194091479,NA,NA,NA,NA
S8_7460417,8,7460417,NA,NA,NA,NA
S1_298272016,1,298272016,NA,NA,NA,NA
S4_26427004,4,26427004,NA,NA,NA,NA
S1_150481623,1,150481623,NA,NA,NA,NA
S8_167085751,8,167085751,NA,NA,NA,NA
S6_152125219,6,152125219,NA,NA,NA,NA
S10_22131376,10,22131376,NA,NA,NA,NA
S10_99743747,10,99743747,NA,NA,NA,NA
S3_208785900,3,208785900,NA,NA,NA,NA
S2_222447173,2,222447173,NA,NA,NA,NA
S5_191114638,5,191114638,NA,NA,NA,NA
S4_3892480,4,3892480,NA,NA,NA,NA
S2_184945986,2,184945986,NA,NA,NA,NA
S8_170136517,8,170136517,NA,NA,NA,NA
S10_148629103,10,148629103,NA,NA,NA,NA
S7_148454189,7,148454189,NA,NA,NA,NA
S8_123844187,8,123844187,NA,NA,NA,NA
S8_123844188,8,123844188,NA,NA,NA,NA
S4_142386714,4,142386714,NA,NA,NA,NA
S5_17321701,5,17321701,NA,NA,NA,NA
S5_17321704,5,17321704,NA,NA,NA,NA
S8_3167620,8,3167620,NA,NA,NA,NA
S1_78056973,1,78056973,NA,NA,NA,NA
S2_223638264,2,223638264,NA,NA,NA,NA
S3_170124459,3,170124459,NA,NA,NA,NA
S3_170124472,3,170124472,NA,NA,NA,NA
S2_110070285,2,110070285,NA,NA,NA,NA
S9_133793180,9,133793180,NA,NA,NA,NA
S9_151766059,9,151766059,NA,NA,NA,NA
S9_153193980,9,153193980,NA,NA,NA,NA
S3_188331172,3,188331172,NA,NA,NA,NA
S8_146890972,8,146890972,NA,NA,NA,NA
S5_213747656,5,213747656,NA,NA,NA,NA
S9_2276159,9,2276159,NA,NA,NA,NA
S9_2276168,9,2276168,NA,NA,NA,NA
S3_146026480,3,146026480,NA,NA,NA,NA
S3_146026481,3,146026481,NA,NA,NA,NA
S3_146026487,3,146026487,NA,NA,NA,NA
S2_42230846,2,42230846,NA,NA,NA,NA
S6_163402592,6,163402592,NA,NA,NA,NA
S9_144380361,9,144380361,NA,NA,NA,NA
S3_135695608,3,135695608,NA,NA,NA,NA
S1_98096939,1,98096939,NA,NA,NA,NA
S7_175204491,7,175204491,NA,NA,NA,NA
S2_4675752,2,4675752,NA,NA,NA,NA
S4_239423922,4,239423922,NA,NA,NA,NA
S1_12344374,1,12344374,NA,NA,NA,NA
S3_190568725,3,190568725,NA,NA,NA,NA
S1_173423092,1,173423092,NA,NA,NA,NA
S6_73909472,6,73909472,NA,NA,NA,NA
S8_90835374,8,90835374,NA,NA,NA,NA
S2_205641970,2,205641970,NA,NA,NA,NA
S7_137543813,7,137543813,NA,NA,NA,NA
S10_76505654,10,76505654,NA,NA,NA,NA
S5_213349812,5,213349812,NA,NA,NA,NA
S7_26774678,7,26774678,NA,NA,NA,NA
S3_222623372,3,222623372,NA,NA,NA,NA
S2_131349082,2,131349082,NA,NA,NA,NA
S6_64610077,6,64610077,NA,NA,NA,NA
S2_177898311,2,177898311,NA,NA,NA,NA
S9_142051979,9,142051979,NA,NA,NA,NA
S3_22563314,3,22563314,NA,NA,NA,NA
S10_8852009,10,8852009,NA,NA,NA,NA
S9_131707066,9,131707066,NA,NA,NA,NA
S2_195918546,2,195918546,NA,NA,NA,NA
S1_12516952,1,12516952,NA,NA,NA,NA
S5_67504065,5,67504065,NA,NA,NA,NA
S5_67504068,5,67504068,NA,NA,NA,NA
S5_67504101,5,67504101,NA,NA,NA,NA
S3_11214741,3,11214741,NA,NA,NA,NA
S6_156397916,6,156397916,NA,NA,NA,NA
S9_8470747,9,8470747,NA,NA,NA,NA
S8_174297913,8,174297913,NA,NA,NA,NA
S5_189458104,5,189458104,NA,NA,NA,NA
S5_42461234,5,42461234,NA,NA,NA,NA
S8_172227318,8,172227318,NA,NA,NA,NA
S7_47573964,7,47573964,NA,NA,NA,NA
S2_189722408,2,189722408,NA,NA,NA,NA
S7_133175636,7,133175636,NA,NA,NA,NA
S6_88080270,6,88080270,NA,NA,NA,NA
S9_88648911,9,88648911,NA,NA,NA,NA
S5_177385131,5,177385131,NA,NA,NA,NA
S4_239702697,4,239702697,NA,NA,NA,NA
S4_189904490,4,189904490,NA,NA,NA,NA
S1_180818057,1,180818057,NA,NA,NA,NA
S7_88916125,7,88916125,NA,NA,NA,NA
S7_88916141,7,88916141,NA,NA,NA,NA
S5_71900894,5,71900894,NA,NA,NA,NA
S3_12605588,3,12605588,NA,NA,NA,NA
S4_17855227,4,17855227,NA,NA,NA,NA
S1_92870769,1,92870769,NA,NA,NA,NA
S2_27560878,2,27560878,NA,NA,NA,NA
S6_112003964,6,112003964,NA,NA,NA,NA
S8_172700411,8,172700411,NA,NA,NA,NA
S4_238379705,4,238379705,NA,NA,NA,NA
S1_20990539,1,20990539,NA,NA,NA,NA
S1_175165413,1,175165413,NA,NA,NA,NA
S2_182620244,2,182620244,NA,NA,NA,NA
S5_82953574,5,82953574,NA,NA,NA,NA
S5_212169487,5,212169487,NA,NA,NA,NA
S5_158894531,5,158894531,NA,NA,NA,NA
S5_214126975,5,214126975,NA,NA,NA,NA
S10_2035147,10,2035147,NA,NA,NA,NA
S7_921294,7,921294,NA,NA,NA,NA
S6_121384546,6,121384546,NA,NA,NA,NA
S1_70155854,1,70155854,NA,NA,NA,NA
S4_235381724,4,235381724,NA,NA,NA,NA
S2_40409415,2,40409415,NA,NA,NA,NA
S8_146559610,8,146559610,NA,NA,NA,NA
S7_110782210,7,110782210,NA,NA,NA,NA
S1_179588992,1,179588992,NA,NA,NA,NA
S2_5692140,2,5692140,NA,NA,NA,NA
S10_148090194,10,148090194,NA,NA,NA,NA
S2_185832536,2,185832536,NA,NA,NA,NA
S9_6312702,9,6312702,NA,NA,NA,NA
S8_113009694,8,113009694,NA,NA,NA,NA
S2_55905291,2,55905291,NA,NA,NA,NA
S4_170791486,4,170791486,NA,NA,NA,NA
S3_3478996,3,3478996,NA,NA,NA,NA
S1_295020549,1,295020549,NA,NA,NA,NA
S5_8331789,5,8331789,NA,NA,NA,NA
S2_180176695,2,180176695,NA,NA,NA,NA
S8_12870747,8,12870747,NA,NA,NA,NA
S1_295482678,1,295482678,NA,NA,NA,NA
S9_2212081,9,2212081,NA,NA,NA,NA
S4_236727788,4,236727788,NA,NA,NA,NA
S8_104660133,8,104660133,NA,NA,NA,NA
S6_120913298,6,120913298,NA,NA,NA,NA
S3_223172179,3,223172179,NA,NA,NA,NA
S10_120535332,10,120535332,NA,NA,NA,NA
S9_97036218,9,97036218,NA,NA,NA,NA
S6_36153166,6,36153166,NA,NA,NA,NA
S5_3334496,5,3334496,NA,NA,NA,NA
S5_3334499,5,3334499,NA,NA,NA,NA
S9_146458765,9,146458765,NA,NA,NA,NA
S3_5581262,3,5581262,NA,NA,NA,NA
S2_203766173,2,203766173,NA,NA,NA,NA
S2_155852584,2,155852584,NA,NA,NA,NA
S7_20620152,7,20620152,NA,NA,NA,NA
S7_14078791,7,14078791,NA,NA,NA,NA
S8_169418813,8,169418813,NA,NA,NA,NA
S3_17831410,3,17831410,NA,NA,NA,NA
S1_63611747,1,63611747,NA,NA,NA,NA
S1_63611748,1,63611748,NA,NA,NA,NA
S1_63611749,1,63611749,NA,NA,NA,NA
S4_238275784,4,238275784,NA,NA,NA,NA
S1_23566809,1,23566809,NA,NA,NA,NA
S9_148042666,9,148042666,NA,NA,NA,NA
S3_26309152,3,26309152,NA,NA,NA,NA
S9_127467208,9,127467208,NA,NA,NA,NA
S9_3934581,9,3934581,NA,NA,NA,NA
S1_199339691,1,199339691,NA,NA,NA,NA
S7_134226766,7,134226766,NA,NA,NA,NA
S7_134226767,7,134226767,NA,NA,NA,NA
S7_165157928,7,165157928,NA,NA,NA,NA
S3_142956582,3,142956582,NA,NA,NA,NA
S7_2629435,7,2629435,NA,NA,NA,NA
S7_2629436,7,2629436,NA,NA,NA,NA
S7_2629444,7,2629444,NA,NA,NA,NA
S8_166746918,8,166746918,NA,NA,NA,NA
S9_40773019,9,40773019,NA,NA,NA,NA
S7_167635099,7,167635099,NA,NA,NA,NA
S7_99205889,7,99205889,NA,NA,NA,NA
S2_130953543,2,130953543,NA,NA,NA,NA
S2_9267201,2,9267201,NA,NA,NA,NA
S9_139846100,9,139846100,NA,NA,NA,NA
S3_178320050,3,178320050,NA,NA,NA,NA
S6_8145880,6,8145880,NA,NA,NA,NA
S6_8145887,6,8145887,NA,NA,NA,NA
S1_211451836,1,211451836,NA,NA,NA,NA
S4_2852606,4,2852606,NA,NA,NA,NA
S7_157459668,7,157459668,NA,NA,NA,NA
S3_10440702,3,10440702,NA,NA,NA,NA
S8_1146084,8,1146084,NA,NA,NA,NA
S10_112401619,10,112401619,NA,NA,NA,NA
S4_233070809,4,233070809,NA,NA,NA,NA
S3_1477492,3,1477492,NA,NA,NA,NA
S1_100903732,1,100903732,NA,NA,NA,NA
S7_84369393,7,84369393,NA,NA,NA,NA
S3_2118000,3,2118000,NA,NA,NA,NA
S2_43352887,2,43352887,NA,NA,NA,NA
S6_133515749,6,133515749,NA,NA,NA,NA
S8_157376399,8,157376399,NA,NA,NA,NA
S7_45893963,7,45893963,NA,NA,NA,NA
S8_146559612,8,146559612,NA,NA,NA,NA
S1_43681364,1,43681364,NA,NA,NA,NA
S8_149302706,8,149302706,NA,NA,NA,NA
S1_2091448,1,2091448,NA,NA,NA,NA
S1_290590804,1,290590804,NA,NA,NA,NA
S2_174609740,2,174609740,NA,NA,NA,NA
S5_190051254,5,190051254,NA,NA,NA,NA
S5_162844113,5,162844113,NA,NA,NA,NA
S3_11214704,3,11214704,NA,NA,NA,NA
S4_186951259,4,186951259,NA,NA,NA,NA
S2_217011797,2,217011797,NA,NA,NA,NA
S1_4512689,1,4512689,NA,NA,NA,NA
S5_4945381,5,4945381,NA,NA,NA,NA
S7_166959164,7,166959164,NA,NA,NA,NA
S6_162673816,6,162673816,NA,NA,NA,NA
S2_190025041,2,190025041,NA,NA,NA,NA
S6_153786894,6,153786894,NA,NA,NA,NA
S5_164655529,5,164655529,NA,NA,NA,NA
S4_209567626,4,209567626,NA,NA,NA,NA
S2_203605221,2,203605221,NA,NA,NA,NA
S2_203605222,2,203605222,NA,NA,NA,NA
S10_106197935,10,106197935,NA,NA,NA,NA
S6_139592081,6,139592081,NA,NA,NA,NA
S2_219660322,2,219660322,NA,NA,NA,NA
S6_148777510,6,148777510,NA,NA,NA,NA
S3_175700060,3,175700060,NA,NA,NA,NA
S2_225157538,2,225157538,NA,NA,NA,NA
S2_217841035,2,217841035,NA,NA,NA,NA
S2_220233960,2,220233960,NA,NA,NA,NA
S10_147459423,10,147459423,NA,NA,NA,NA
S5_62757071,5,62757071,NA,NA,NA,NA
S6_166812246,6,166812246,NA,NA,NA,NA
S3_3701669,3,3701669,NA,NA,NA,NA
S3_226989903,3,226989903,NA,NA,NA,NA
S6_159617001,6,159617001,NA,NA,NA,NA
S1_249537365,1,249537365,NA,NA,NA,NA
S7_162854922,7,162854922,NA,NA,NA,NA
S7_162854937,7,162854937,NA,NA,NA,NA
S2_28006215,2,28006215,NA,NA,NA,NA
S10_149097723,10,149097723,NA,NA,NA,NA
S1_93268193,1,93268193,NA,NA,NA,NA
S1_207902713,1,207902713,NA,NA,NA,NA
S5_172570273,5,172570273,NA,NA,NA,NA
S5_172570274,5,172570274,NA,NA,NA,NA
S4_7010269,4,7010269,NA,NA,NA,NA
S1_232648667,1,232648667,NA,NA,NA,NA
S1_232648672,1,232648672,NA,NA,NA,NA
S2_232464639,2,232464639,NA,NA,NA,NA
S9_16678403,9,16678403,NA,NA,NA,NA
S3_22613528,3,22613528,NA,NA,NA,NA
S7_118311267,7,118311267,NA,NA,NA,NA
S7_168082074,7,168082074,NA,NA,NA,NA
S3_219891210,3,219891210,NA,NA,NA,NA
S5_60990198,5,60990198,NA,NA,NA,NA
S1_257972841,1,257972841,NA,NA,NA,NA
S10_136833683,10,136833683,NA,NA,NA,NA
S1_180306709,1,180306709,NA,NA,NA,NA
S1_279899158,1,279899158,NA,NA,NA,NA
S9_154602498,9,154602498,NA,NA,NA,NA
S9_154602499,9,154602499,NA,NA,NA,NA
S5_183517047,5,183517047,NA,NA,NA,NA
S1_191199593,1,191199593,NA,NA,NA,NA
S8_161726467,8,161726467,NA,NA,NA,NA
S3_114792333,3,114792333,NA,NA,NA,NA
S2_233740181,2,233740181,NA,NA,NA,NA
S2_233740190,2,233740190,NA,NA,NA,NA
S5_205535023,5,205535023,NA,NA,NA,NA
S3_5823739,3,5823739,NA,NA,NA,NA
S6_2394144,6,2394144,NA,NA,NA,NA
S1_3438944,1,3438944,NA,NA,NA,NA
S1_287474463,1,287474463,NA,NA,NA,NA
S5_28117417,5,28117417,NA,NA,NA,NA
S7_173149162,7,173149162,NA,NA,NA,NA
S1_268956296,1,268956296,NA,NA,NA,NA
S8_17946549,8,17946549,NA,NA,NA,NA
S5_62603867,5,62603867,NA,NA,NA,NA
S2_144721383,2,144721383,NA,NA,NA,NA
S2_167509666,2,167509666,NA,NA,NA,NA
S1_107884029,1,107884029,NA,NA,NA,NA
S3_14930230,3,14930230,NA,NA,NA,NA
S6_142344129,6,142344129,NA,NA,NA,NA
S8_3885185,8,3885185,NA,NA,NA,NA
S5_7720042,5,7720042,NA,NA,NA,NA
S5_7720047,5,7720047,NA,NA,NA,NA
S5_7720060,5,7720060,NA,NA,NA,NA
S1_84420655,1,84420655,NA,NA,NA,NA
S10_148118141,10,148118141,NA,NA,NA,NA
S1_6546326,1,6546326,NA,NA,NA,NA
S6_110708044,6,110708044,NA,NA,NA,NA
S7_167990458,7,167990458,NA,NA,NA,NA
S8_6805481,8,6805481,NA,NA,NA,NA
S1_206123584,1,206123584,NA,NA,NA,NA
S8_134012293,8,134012293,NA,NA,NA,NA
S3_181751350,3,181751350,NA,NA,NA,NA
S6_18647232,6,18647232,NA,NA,NA,NA
S5_68512485,5,68512485,NA,NA,NA,NA
S1_195043442,1,195043442,NA,NA,NA,NA
S4_36311329,4,36311329,NA,NA,NA,NA
S4_233203270,4,233203270,NA,NA,NA,NA
S1_278664279,1,278664279,NA,NA,NA,NA
S1_182542912,1,182542912,NA,NA,NA,NA
S4_26652237,4,26652237,NA,NA,NA,NA
S1_263198848,1,263198848,NA,NA,NA,NA
S3_19947285,3,19947285,NA,NA,NA,NA
S5_19590890,5,19590890,NA,NA,NA,NA
S3_83972015,3,83972015,NA,NA,NA,NA
S4_185690252,4,185690252,NA,NA,NA,NA
S2_45967762,2,45967762,NA,NA,NA,NA
S4_158142776,4,158142776,NA,NA,NA,NA
S7_143020860,7,143020860,NA,NA,NA,NA
S3_184063479,3,184063479,NA,NA,NA,NA
S3_184063482,3,184063482,NA,NA,NA,NA
S2_54093869,2,54093869,NA,NA,NA,NA
S7_120557862,7,120557862,NA,NA,NA,NA
S3_86903266,3,86903266,NA,NA,NA,NA
S6_154841134,6,154841134,NA,NA,NA,NA
S8_75951897,8,75951897,NA,NA,NA,NA
S3_154625214,3,154625214,NA,NA,NA,NA
S8_173410432,8,173410432,NA,NA,NA,NA
S1_8271524,1,8271524,NA,NA,NA,NA
S6_156925759,6,156925759,NA,NA,NA,NA
S8_146559685,8,146559685,NA,NA,NA,NA
S2_195525974,2,195525974,NA,NA,NA,NA
S5_23573745,5,23573745,NA,NA,NA,NA
S4_237146974,4,237146974,NA,NA,NA,NA
S2_23667808,2,23667808,NA,NA,NA,NA
S4_165668673,4,165668673,NA,NA,NA,NA
S3_11534160,3,11534160,NA,NA,NA,NA
S1_269038073,1,269038073,NA,NA,NA,NA
S3_137087339,3,137087339,NA,NA,NA,NA
S5_210470268,5,210470268,NA,NA,NA,NA
S3_176456176,3,176456176,NA,NA,NA,NA
S5_54186562,5,54186562,NA,NA,NA,NA
S5_42728890,5,42728890,NA,NA,NA,NA
S5_22657133,5,22657133,NA,NA,NA,NA
S6_475281,6,475281,NA,NA,NA,NA
S5_3829406,5,3829406,NA,NA,NA,NA
S1_191581446,1,191581446,NA,NA,NA,NA
S5_23572830,5,23572830,NA,NA,NA,NA
S8_22170669,8,22170669,NA,NA,NA,NA
S8_146976545,8,146976545,NA,NA,NA,NA
S5_171881235,5,171881235,NA,NA,NA,NA
S5_47817868,5,47817868,NA,NA,NA,NA
S9_59160356,9,59160356,NA,NA,NA,NA
S8_158988084,8,158988084,NA,NA,NA,NA
S2_187075382,2,187075382,NA,NA,NA,NA
S1_236953259,1,236953259,NA,NA,NA,NA
S2_152505844,2,152505844,NA,NA,NA,NA
S7_83271325,7,83271325,NA,NA,NA,NA
S4_36418515,4,36418515,NA,NA,NA,NA
S4_184783180,4,184783180,NA,NA,NA,NA
S4_184783187,4,184783187,NA,NA,NA,NA
S8_138561937,8,138561937,NA,NA,NA,NA
S8_138561938,8,138561938,NA,NA,NA,NA
S2_148879615,2,148879615,NA,NA,NA,NA
S10_148229033,10,148229033,NA,NA,NA,NA
S9_137336972,9,137336972,NA,NA,NA,NA
S8_164135741,8,164135741,NA,NA,NA,NA
S2_36831363,2,36831363,NA,NA,NA,NA
S1_53154891,1,53154891,NA,NA,NA,NA
S8_152769154,8,152769154,NA,NA,NA,NA
S4_2831316,4,2831316,NA,NA,NA,NA
S2_152921409,2,152921409,NA,NA,NA,NA
S7_153293898,7,153293898,NA,NA,NA,NA
S8_129496637,8,129496637,NA,NA,NA,NA
S1_55503525,1,55503525,NA,NA,NA,NA
S3_208048089,3,208048089,NA,NA,NA,NA
S2_221753590,2,221753590,NA,NA,NA,NA
S2_221753596,2,221753596,NA,NA,NA,NA
S2_221753625,2,221753625,NA,NA,NA,NA
S4_237146054,4,237146054,NA,NA,NA,NA
S8_122949418,8,122949418,NA,NA,NA,NA
S3_188337371,3,188337371,NA,NA,NA,NA
S8_113290875,8,113290875,NA,NA,NA,NA
S4_35919052,4,35919052,NA,NA,NA,NA
S7_172108409,7,172108409,NA,NA,NA,NA
S6_162112767,6,162112767,NA,NA,NA,NA
S7_99205988,7,99205988,NA,NA,NA,NA
S7_164828473,7,164828473,NA,NA,NA,NA
S1_208431454,1,208431454,NA,NA,NA,NA
S3_173474292,3,173474292,NA,NA,NA,NA
S7_17180577,7,17180577,NA,NA,NA,NA
S8_40835675,8,40835675,NA,NA,NA,NA
S10_30866716,10,30866716,NA,NA,NA,NA
S10_30866725,10,30866725,NA,NA,NA,NA
S6_118752644,6,118752644,NA,NA,NA,NA
S2_44337795,2,44337795,NA,NA,NA,NA
S4_3261039,4,3261039,NA,NA,NA,NA
S9_149382482,9,149382482,NA,NA,NA,NA
S4_185865166,4,185865166,NA,NA,NA,NA
S4_185865167,4,185865167,NA,NA,NA,NA
S8_159659822,8,159659822,NA,NA,NA,NA
S2_197222163,2,197222163,NA,NA,NA,NA
S6_157381357,6,157381357,NA,NA,NA,NA
S9_19802119,9,19802119,NA,NA,NA,NA
S9_154578240,9,154578240,NA,NA,NA,NA
S1_40141625,1,40141625,NA,NA,NA,NA
S5_39416843,5,39416843,NA,NA,NA,NA
S5_150190421,5,150190421,NA,NA,NA,NA
S2_167509654,2,167509654,NA,NA,NA,NA
S8_169418887,8,169418887,NA,NA,NA,NA
S2_234229629,2,234229629,NA,NA,NA,NA
S9_25928574,9,25928574,NA,NA,NA,NA
S1_262171647,1,262171647,NA,NA,NA,NA
S10_66320641,10,66320641,NA,NA,NA,NA
S8_171806057,8,171806057,NA,NA,NA,NA
S5_202517367,5,202517367,NA,NA,NA,NA
S1_50861858,1,50861858,NA,NA,NA,NA
S5_166047784,5,166047784,NA,NA,NA,NA
S6_128160499,6,128160499,NA,NA,NA,NA
S3_195895414,3,195895414,NA,NA,NA,NA
S9_100886785,9,100886785,NA,NA,NA,NA
S8_129070835,8,129070835,NA,NA,NA,NA
S2_211591184,2,211591184,NA,NA,NA,NA
S3_35502445,3,35502445,NA,NA,NA,NA
S9_19532566,9,19532566,NA,NA,NA,NA
S1_262185008,1,262185008,NA,NA,NA,NA
S1_256937485,1,256937485,NA,NA,NA,NA
S1_256937493,1,256937493,NA,NA,NA,NA
S7_172108168,7,172108168,NA,NA,NA,NA
S5_184233540,5,184233540,NA,NA,NA,NA
S5_197589704,5,197589704,NA,NA,NA,NA
S8_140467853,8,140467853,NA,NA,NA,NA
S1_154315641,1,154315641,NA,NA,NA,NA
S3_22958618,3,22958618,NA,NA,NA,NA
S6_167034311,6,167034311,NA,NA,NA,NA
S1_83178816,1,83178816,NA,NA,NA,NA
S1_83178821,1,83178821,NA,NA,NA,NA
S7_167501537,7,167501537,NA,NA,NA,NA
S4_17500704,4,17500704,NA,NA,NA,NA
S8_149259762,8,149259762,NA,NA,NA,NA
S3_48300020,3,48300020,NA,NA,NA,NA
S5_12383827,5,12383827,NA,NA,NA,NA
S3_145178596,3,145178596,NA,NA,NA,NA
S5_157496745,5,157496745,NA,NA,NA,NA
S5_157496748,5,157496748,NA,NA,NA,NA
S5_157496750,5,157496750,NA,NA,NA,NA
S5_157496751,5,157496751,NA,NA,NA,NA
S5_157496752,5,157496752,NA,NA,NA,NA
S5_157496779,5,157496779,NA,NA,NA,NA
S5_157496791,5,157496791,NA,NA,NA,NA
S1_39903274,1,39903274,NA,NA,NA,NA
S7_32478065,7,32478065,NA,NA,NA,NA
S2_180621547,2,180621547,NA,NA,NA,NA
S1_209182100,1,209182100,NA,NA,NA,NA
S2_8996601,2,8996601,NA,NA,NA,NA
S6_118307794,6,118307794,NA,NA,NA,NA
S9_20114167,9,20114167,NA,NA,NA,NA
S3_188571679,3,188571679,NA,NA,NA,NA
S3_23439668,3,23439668,NA,NA,NA,NA
S6_5510502,6,5510502,NA,NA,NA,NA
S1_25710789,1,25710789,NA,NA,NA,NA
S3_161733285,3,161733285,NA,NA,NA,NA
S2_21008437,2,21008437,NA,NA,NA,NA
S4_239423840,4,239423840,NA,NA,NA,NA
S3_215339578,3,215339578,NA,NA,NA,NA
S1_71063838,1,71063838,NA,NA,NA,NA
S8_145083158,8,145083158,NA,NA,NA,NA
S8_170628124,8,170628124,NA,NA,NA,NA
S9_37700225,9,37700225,NA,NA,NA,NA
S1_66583624,1,66583624,NA,NA,NA,NA
S6_138501405,6,138501405,NA,NA,NA,NA
S3_218013723,3,218013723,NA,NA,NA,NA
S7_44458136,7,44458136,NA,NA,NA,NA
S3_216257334,3,216257334,NA,NA,NA,NA
S2_9965137,2,9965137,NA,NA,NA,NA
S9_148059207,9,148059207,NA,NA,NA,NA
S9_148059212,9,148059212,NA,NA,NA,NA
S9_148059213,9,148059213,NA,NA,NA,NA
S9_148059214,9,148059214,NA,NA,NA,NA
S8_39936417,8,39936417,NA,NA,NA,NA
S8_39936441,8,39936441,NA,NA,NA,NA
S1_1000282,1,1000282,NA,NA,NA,NA
S2_16916446,2,16916446,NA,NA,NA,NA
S3_221689539,3,221689539,NA,NA,NA,NA
S6_96337892,6,96337892,NA,NA,NA,NA
S6_96337899,6,96337899,NA,NA,NA,NA
S6_96337900,6,96337900,NA,NA,NA,NA
S6_96337902,6,96337902,NA,NA,NA,NA
S7_143110010,7,143110010,NA,NA,NA,NA
S5_3334474,5,3334474,NA,NA,NA,NA
S9_154384566,9,154384566,NA,NA,NA,NA
S2_205945136,2,205945136,NA,NA,NA,NA
S8_164895887,8,164895887,NA,NA,NA,NA
S4_2382837,4,2382837,NA,NA,NA,NA
S5_213759645,5,213759645,NA,NA,NA,NA
S10_23403219,10,23403219,NA,NA,NA,NA
S10_116797067,10,116797067,NA,NA,NA,NA
S1_7343330,1,7343330,NA,NA,NA,NA
S8_61519892,8,61519892,NA,NA,NA,NA
S4_145281549,4,145281549,NA,NA,NA,NA
S5_186092067,5,186092067,NA,NA,NA,NA
S2_115749557,2,115749557,NA,NA,NA,NA
S5_170164202,5,170164202,NA,NA,NA,NA
S5_188660914,5,188660914,NA,NA,NA,NA
S6_150741865,6,150741865,NA,NA,NA,NA
S9_116895419,9,116895419,NA,NA,NA,NA
S2_16124811,2,16124811,NA,NA,NA,NA
S3_189463656,3,189463656,NA,NA,NA,NA
S3_34440197,3,34440197,NA,NA,NA,NA
S3_48494077,3,48494077,NA,NA,NA,NA
S2_150754695,2,150754695,NA,NA,NA,NA
S3_10521402,3,10521402,NA,NA,NA,NA
S6_166949603,6,166949603,NA,NA,NA,NA
S1_251113116,1,251113116,NA,NA,NA,NA
S1_275693754,1,275693754,NA,NA,NA,NA
S7_167090412,7,167090412,NA,NA,NA,NA
S7_167090414,7,167090414,NA,NA,NA,NA
S7_170030924,7,170030924,NA,NA,NA,NA
S4_2411355,4,2411355,NA,NA,NA,NA
S10_144306779,10,144306779,NA,NA,NA,NA
S8_102654858,8,102654858,NA,NA,NA,NA
S3_181695529,3,181695529,NA,NA,NA,NA
S6_66028746,6,66028746,NA,NA,NA,NA
S5_88792090,5,88792090,NA,NA,NA,NA
S9_25085042,9,25085042,NA,NA,NA,NA
S4_173800773,4,173800773,NA,NA,NA,NA
S4_21584376,4,21584376,NA,NA,NA,NA
S8_14076155,8,14076155,NA,NA,NA,NA
S8_14076194,8,14076194,NA,NA,NA,NA
S2_43556969,2,43556969,NA,NA,NA,NA
S1_280776837,1,280776837,NA,NA,NA,NA
S5_45438168,5,45438168,NA,NA,NA,NA
S2_197221480,2,197221480,NA,NA,NA,NA
S3_57391901,3,57391901,NA,NA,NA,NA
S1_228053722,1,228053722,NA,NA,NA,NA
S1_228053725,1,228053725,NA,NA,NA,NA
S4_20513715,4,20513715,NA,NA,NA,NA
S2_23707516,2,23707516,NA,NA,NA,NA
S2_150754693,2,150754693,NA,NA,NA,NA
S2_150754694,2,150754694,NA,NA,NA,NA
S6_162568586,6,162568586,NA,NA,NA,NA
S6_54775123,6,54775123,NA,NA,NA,NA
S10_85581863,10,85581863,NA,NA,NA,NA
S3_228998515,3,228998515,NA,NA,NA,NA
S9_134295395,9,134295395,NA,NA,NA,NA
S1_237955990,1,237955990,NA,NA,NA,NA
S2_7186229,2,7186229,NA,NA,NA,NA
S10_135482688,10,135482688,NA,NA,NA,NA
S5_175462029,5,175462029,NA,NA,NA,NA
S1_7389130,1,7389130,NA,NA,NA,NA
S7_158240605,7,158240605,NA,NA,NA,NA
S8_17175701,8,17175701,NA,NA,NA,NA
S1_236902311,1,236902311,NA,NA,NA,NA
S1_196372325,1,196372325,NA,NA,NA,NA
S7_159232213,7,159232213,NA,NA,NA,NA
S1_90819876,1,90819876,NA,NA,NA,NA
S8_159954552,8,159954552,NA,NA,NA,NA
S3_166598028,3,166598028,NA,NA,NA,NA
S7_156668843,7,156668843,NA,NA,NA,NA
S6_162743373,6,162743373,NA,NA,NA,NA
S2_204360890,2,204360890,NA,NA,NA,NA
S6_118141344,6,118141344,NA,NA,NA,NA
S9_154602427,9,154602427,NA,NA,NA,NA
S6_3773305,6,3773305,NA,NA,NA,NA
S8_91421880,8,91421880,NA,NA,NA,NA
S10_134094458,10,134094458,NA,NA,NA,NA
S8_169520473,8,169520473,NA,NA,NA,NA
S7_13408158,7,13408158,NA,NA,NA,NA
S3_51499516,3,51499516,NA,NA,NA,NA
S1_300073024,1,300073024,NA,NA,NA,NA
S5_5246191,5,5246191,NA,NA,NA,NA
S1_285816625,1,285816625,NA,NA,NA,NA
S1_77797669,1,77797669,NA,NA,NA,NA
S2_26134768,2,26134768,NA,NA,NA,NA
S3_123868135,3,123868135,NA,NA,NA,NA
S5_2289867,5,2289867,NA,NA,NA,NA
S7_162717641,7,162717641,NA,NA,NA,NA
S4_158137320,4,158137320,NA,NA,NA,NA
S9_139750320,9,139750320,NA,NA,NA,NA
S7_162003719,7,162003719,NA,NA,NA,NA
S6_146382028,6,146382028,NA,NA,NA,NA
S6_162746111,6,162746111,NA,NA,NA,NA
S10_141252312,10,141252312,NA,NA,NA,NA
S4_239441029,4,239441029,NA,NA,NA,NA
S4_239441030,4,239441030,NA,NA,NA,NA
S9_97036829,9,97036829,NA,NA,NA,NA
S4_38724584,4,38724584,NA,NA,NA,NA
S1_18835697,1,18835697,NA,NA,NA,NA
S2_19195454,2,19195454,NA,NA,NA,NA
S2_5763447,2,5763447,NA,NA,NA,NA
S7_162315334,7,162315334,NA,NA,NA,NA
S10_144751472,10,144751472,NA,NA,NA,NA
S10_136958504,10,136958504,NA,NA,NA,NA
S10_136958512,10,136958512,NA,NA,NA,NA
S3_226765160,3,226765160,NA,NA,NA,NA
S3_226765162,3,226765162,NA,NA,NA,NA
S4_172835126,4,172835126,NA,NA,NA,NA
S1_298687984,1,298687984,NA,NA,NA,NA
S6_155737687,6,155737687,NA,NA,NA,NA
S1_92242102,1,92242102,NA,NA,NA,NA
S10_20975782,10,20975782,NA,NA,NA,NA
S1_45768008,1,45768008,NA,NA,NA,NA
S3_34440945,3,34440945,NA,NA,NA,NA
S1_14166096,1,14166096,NA,NA,NA,NA
S9_84224627,9,84224627,NA,NA,NA,NA
S7_140425074,7,140425074,NA,NA,NA,NA
S3_133048531,3,133048531,NA,NA,NA,NA
S1_32580250,1,32580250,NA,NA,NA,NA
S1_162467271,1,162467271,NA,NA,NA,NA
S2_73759544,2,73759544,NA,NA,NA,NA
S4_83572699,4,83572699,NA,NA,NA,NA
S9_16318571,9,16318571,NA,NA,NA,NA
S4_213998650,4,213998650,NA,NA,NA,NA
S2_216532409,2,216532409,NA,NA,NA,NA
S2_151734528,2,151734528,NA,NA,NA,NA
S6_100083224,6,100083224,NA,NA,NA,NA
S10_87135474,10,87135474,NA,NA,NA,NA
S6_103360654,6,103360654,NA,NA,NA,NA
S7_165295764,7,165295764,NA,NA,NA,NA
S5_23161092,5,23161092,NA,NA,NA,NA
S1_199737677,1,199737677,NA,NA,NA,NA
S4_201751660,4,201751660,NA,NA,NA,NA
S1_224246899,1,224246899,NA,NA,NA,NA
S10_114852443,10,114852443,NA,NA,NA,NA
S3_204461420,3,204461420,NA,NA,NA,NA
S2_41244988,2,41244988,NA,NA,NA,NA
S4_28980799,4,28980799,NA,NA,NA,NA
S2_5819465,2,5819465,NA,NA,NA,NA
S9_96774470,9,96774470,NA,NA,NA,NA
S9_100886788,9,100886788,NA,NA,NA,NA
S2_224909611,2,224909611,NA,NA,NA,NA
S1_194663019,1,194663019,NA,NA,NA,NA
S5_200597121,5,200597121,NA,NA,NA,NA
S3_189698512,3,189698512,NA,NA,NA,NA
S3_151047072,3,151047072,NA,NA,NA,NA
S2_14612196,2,14612196,NA,NA,NA,NA
S9_2213738,9,2213738,NA,NA,NA,NA
S9_153511305,9,153511305,NA,NA,NA,NA
S2_29668293,2,29668293,NA,NA,NA,NA
S7_85263476,7,85263476,NA,NA,NA,NA
S9_7724384,9,7724384,NA,NA,NA,NA
S5_204317175,5,204317175,NA,NA,NA,NA
S3_223090386,3,223090386,NA,NA,NA,NA
S8_131342284,8,131342284,NA,NA,NA,NA
S8_104463829,8,104463829,NA,NA,NA,NA
S3_53981457,3,53981457,NA,NA,NA,NA
S9_135459151,9,135459151,NA,NA,NA,NA
S4_162888090,4,162888090,NA,NA,NA,NA
S8_65781494,8,65781494,NA,NA,NA,NA
S8_20829323,8,20829323,NA,NA,NA,NA
S8_20829329,8,20829329,NA,NA,NA,NA
S8_20829330,8,20829330,NA,NA,NA,NA
S8_20829333,8,20829333,NA,NA,NA,NA
S8_20829337,8,20829337,NA,NA,NA,NA
S3_57477853,3,57477853,NA,NA,NA,NA
S7_31769825,7,31769825,NA,NA,NA,NA
S1_276072210,1,276072210,NA,NA,NA,NA
S2_4465254,2,4465254,NA,NA,NA,NA
S4_207083586,4,207083586,NA,NA,NA,NA
S9_5080458,9,5080458,NA,NA,NA,NA
S1_43769883,1,43769883,NA,NA,NA,NA
S7_141719811,7,141719811,NA,NA,NA,NA
S9_11732229,9,11732229,NA,NA,NA,NA
S8_155895215,8,155895215,NA,NA,NA,NA
S6_138161621,6,138161621,NA,NA,NA,NA
S7_28818246,7,28818246,NA,NA,NA,NA
S3_196594529,3,196594529,NA,NA,NA,NA
S2_41771757,2,41771757,NA,NA,NA,NA
S9_28047353,9,28047353,NA,NA,NA,NA
S3_209656089,3,209656089,NA,NA,NA,NA
S6_5442350,6,5442350,NA,NA,NA,NA
S1_179589235,1,179589235,NA,NA,NA,NA
S9_149551922,9,149551922,NA,NA,NA,NA
S2_191771624,2,191771624,NA,NA,NA,NA
S6_109092953,6,109092953,NA,NA,NA,NA
S5_8261528,5,8261528,NA,NA,NA,NA
S2_163825081,2,163825081,NA,NA,NA,NA
S2_84627471,2,84627471,NA,NA,NA,NA
S8_151908977,8,151908977,NA,NA,NA,NA
S8_26862271,8,26862271,NA,NA,NA,NA
S2_184646161,2,184646161,NA,NA,NA,NA
S4_181339676,4,181339676,NA,NA,NA,NA
S9_139706286,9,139706286,NA,NA,NA,NA
S3_175689119,3,175689119,NA,NA,NA,NA
S3_165413191,3,165413191,NA,NA,NA,NA
S3_36596326,3,36596326,NA,NA,NA,NA
S8_168275493,8,168275493,NA,NA,NA,NA
S6_161658090,6,161658090,NA,NA,NA,NA
S7_155026207,7,155026207,NA,NA,NA,NA
S6_149671428,6,149671428,NA,NA,NA,NA
S9_37539151,9,37539151,NA,NA,NA,NA
S1_68114497,1,68114497,NA,NA,NA,NA
S7_170567246,7,170567246,NA,NA,NA,NA
S5_209767162,5,209767162,NA,NA,NA,NA
S1_251113497,1,251113497,NA,NA,NA,NA
S8_160426558,8,160426558,NA,NA,NA,NA
S3_6426289,3,6426289,NA,NA,NA,NA
S2_202644087,2,202644087,NA,NA,NA,NA
S9_138147195,9,138147195,NA,NA,NA,NA
S5_197607030,5,197607030,NA,NA,NA,NA
S5_197607033,5,197607033,NA,NA,NA,NA
S5_178743981,5,178743981,NA,NA,NA,NA
S7_141126293,7,141126293,NA,NA,NA,NA
S5_4606891,5,4606891,NA,NA,NA,NA
S10_130967814,10,130967814,NA,NA,NA,NA
S8_40685909,8,40685909,NA,NA,NA,NA
S2_188157910,2,188157910,NA,NA,NA,NA
S6_4674018,6,4674018,NA,NA,NA,NA
S3_178322496,3,178322496,NA,NA,NA,NA
S6_79983499,6,79983499,NA,NA,NA,NA
S2_194164843,2,194164843,NA,NA,NA,NA
S2_38563901,2,38563901,NA,NA,NA,NA
S1_276691690,1,276691690,NA,NA,NA,NA
S6_165945873,6,165945873,NA,NA,NA,NA
S9_146208007,9,146208007,NA,NA,NA,NA
S4_167190421,4,167190421,NA,NA,NA,NA
S3_20176337,3,20176337,NA,NA,NA,NA
S8_155013102,8,155013102,NA,NA,NA,NA
S5_156970923,5,156970923,NA,NA,NA,NA
S5_184492006,5,184492006,NA,NA,NA,NA
S6_156535321,6,156535321,NA,NA,NA,NA
S10_145175393,10,145175393,NA,NA,NA,NA
S2_234437738,2,234437738,NA,NA,NA,NA
S8_68692692,8,68692692,NA,NA,NA,NA
S3_210425667,3,210425667,NA,NA,NA,NA
S3_210425678,3,210425678,NA,NA,NA,NA
S9_153693534,9,153693534,NA,NA,NA,NA
S9_98900045,9,98900045,NA,NA,NA,NA
S9_14821751,9,14821751,NA,NA,NA,NA
S6_165584852,6,165584852,NA,NA,NA,NA
S2_12018835,2,12018835,NA,NA,NA,NA
S6_67260174,6,67260174,NA,NA,NA,NA
S6_159117935,6,159117935,NA,NA,NA,NA
S7_135833155,7,135833155,NA,NA,NA,NA
S8_6920285,8,6920285,NA,NA,NA,NA
S10_142358871,10,142358871,NA,NA,NA,NA
S2_10568439,2,10568439,NA,NA,NA,NA
S10_2680239,10,2680239,NA,NA,NA,NA
S5_68511093,5,68511093,NA,NA,NA,NA
S6_149528262,6,149528262,NA,NA,NA,NA
S3_211757769,3,211757769,NA,NA,NA,NA
S5_208262412,5,208262412,NA,NA,NA,NA
S7_173153684,7,173153684,NA,NA,NA,NA
S4_153520840,4,153520840,NA,NA,NA,NA
S5_212351248,5,212351248,NA,NA,NA,NA
S7_152064312,7,152064312,NA,NA,NA,NA
S6_153202303,6,153202303,NA,NA,NA,NA
S3_30949174,3,30949174,NA,NA,NA,NA
S1_90105918,1,90105918,NA,NA,NA,NA
S9_20607519,9,20607519,NA,NA,NA,NA
S7_143748602,7,143748602,NA,NA,NA,NA
S2_40145988,2,40145988,NA,NA,NA,NA
S8_113009690,8,113009690,NA,NA,NA,NA
S7_92393318,7,92393318,NA,NA,NA,NA
S8_147065989,8,147065989,NA,NA,NA,NA
S4_131765746,4,131765746,NA,NA,NA,NA
S2_186533942,2,186533942,NA,NA,NA,NA
S7_19354495,7,19354495,NA,NA,NA,NA
S6_147877403,6,147877403,NA,NA,NA,NA
S1_17494378,1,17494378,NA,NA,NA,NA
S4_15689931,4,15689931,NA,NA,NA,NA
S1_79753802,1,79753802,NA,NA,NA,NA
S1_79753811,1,79753811,NA,NA,NA,NA
S8_170162069,8,170162069,NA,NA,NA,NA
S3_222732398,3,222732398,NA,NA,NA,NA
S6_109087051,6,109087051,NA,NA,NA,NA
S1_278516224,1,278516224,NA,NA,NA,NA
S1_278516226,1,278516226,NA,NA,NA,NA
S1_278516228,1,278516228,NA,NA,NA,NA
S3_57391937,3,57391937,NA,NA,NA,NA
S7_121544928,7,121544928,NA,NA,NA,NA
S1_12254572,1,12254572,NA,NA,NA,NA
S3_132850645,3,132850645,NA,NA,NA,NA
S3_184829684,3,184829684,NA,NA,NA,NA
S3_184829687,3,184829687,NA,NA,NA,NA
S3_184829695,3,184829695,NA,NA,NA,NA
S3_184829728,3,184829728,NA,NA,NA,NA
S7_62504430,7,62504430,NA,NA,NA,NA
S2_231117697,2,231117697,NA,NA,NA,NA
S1_237964418,1,237964418,NA,NA,NA,NA
S3_173022401,3,173022401,NA,NA,NA,NA
S2_5566567,2,5566567,NA,NA,NA,NA
S2_149513636,2,149513636,NA,NA,NA,NA
S6_105125812,6,105125812,NA,NA,NA,NA
S5_141252094,5,141252094,NA,NA,NA,NA
S5_141252101,5,141252101,NA,NA,NA,NA
S5_141252136,5,141252136,NA,NA,NA,NA
S7_4957995,7,4957995,NA,NA,NA,NA
S1_9912394,1,9912394,NA,NA,NA,NA
S2_24737235,2,24737235,NA,NA,NA,NA
S1_287720084,1,287720084,NA,NA,NA,NA
S7_165855403,7,165855403,NA,NA,NA,NA
S6_163179205,6,163179205,NA,NA,NA,NA
S6_165397332,6,165397332,NA,NA,NA,NA
S1_96265094,1,96265094,NA,NA,NA,NA
S4_166004557,4,166004557,NA,NA,NA,NA
S4_166004561,4,166004561,NA,NA,NA,NA
S4_166004578,4,166004578,NA,NA,NA,NA
S3_165460139,3,165460139,NA,NA,NA,NA
S3_166449866,3,166449866,NA,NA,NA,NA
S2_189190456,2,189190456,NA,NA,NA,NA
S7_20895179,7,20895179,NA,NA,NA,NA
S2_157583361,2,157583361,NA,NA,NA,NA
S1_108623483,1,108623483,NA,NA,NA,NA
S2_233801048,2,233801048,NA,NA,NA,NA
S3_201295934,3,201295934,NA,NA,NA,NA
S7_170496554,7,170496554,NA,NA,NA,NA
S3_219578033,3,219578033,NA,NA,NA,NA
S3_199622379,3,199622379,NA,NA,NA,NA
S9_87813178,9,87813178,NA,NA,NA,NA
S10_1883821,10,1883821,NA,NA,NA,NA
S10_1883822,10,1883822,NA,NA,NA,NA
S5_211729119,5,211729119,NA,NA,NA,NA
S7_10575416,7,10575416,NA,NA,NA,NA
S1_60161369,1,60161369,NA,NA,NA,NA
S5_62107744,5,62107744,NA,NA,NA,NA
S10_131888912,10,131888912,NA,NA,NA,NA
S2_160962926,2,160962926,NA,NA,NA,NA
S3_215932242,3,215932242,NA,NA,NA,NA
S3_215932243,3,215932243,NA,NA,NA,NA
S7_173746830,7,173746830,NA,NA,NA,NA
S1_281334188,1,281334188,NA,NA,NA,NA
S8_11485052,8,11485052,NA,NA,NA,NA
S9_12621189,9,12621189,NA,NA,NA,NA
S8_100763869,8,100763869,NA,NA,NA,NA
S1_32577744,1,32577744,NA,NA,NA,NA
S1_3739948,1,3739948,NA,NA,NA,NA
S2_41007616,2,41007616,NA,NA,NA,NA
S7_162989163,7,162989163,NA,NA,NA,NA
S9_25465708,9,25465708,NA,NA,NA,NA
S9_29155647,9,29155647,NA,NA,NA,NA
S5_165323204,5,165323204,NA,NA,NA,NA
S5_77198702,5,77198702,NA,NA,NA,NA
S3_156635963,3,156635963,NA,NA,NA,NA
S3_200187151,3,200187151,NA,NA,NA,NA
S1_276308306,1,276308306,NA,NA,NA,NA
S5_31827677,5,31827677,NA,NA,NA,NA
S4_207084487,4,207084487,NA,NA,NA,NA
S7_28012974,7,28012974,NA,NA,NA,NA
S2_184391741,2,184391741,NA,NA,NA,NA
S3_175549771,3,175549771,NA,NA,NA,NA
S2_47116605,2,47116605,NA,NA,NA,NA
S4_184936775,4,184936775,NA,NA,NA,NA
S5_1879060,5,1879060,NA,NA,NA,NA
S8_101757525,8,101757525,NA,NA,NA,NA
S6_123596719,6,123596719,NA,NA,NA,NA
S9_135451006,9,135451006,NA,NA,NA,NA
S10_142726223,10,142726223,NA,NA,NA,NA
S1_285340288,1,285340288,NA,NA,NA,NA
S1_52920277,1,52920277,NA,NA,NA,NA
S1_52920283,1,52920283,NA,NA,NA,NA
S1_4018295,1,4018295,NA,NA,NA,NA
S7_116282052,7,116282052,NA,NA,NA,NA
S10_137501043,10,137501043,NA,NA,NA,NA
S1_282745438,1,282745438,NA,NA,NA,NA
S3_160580321,3,160580321,NA,NA,NA,NA
S5_156969779,5,156969779,NA,NA,NA,NA
S1_269505720,1,269505720,NA,NA,NA,NA
S1_22641349,1,22641349,NA,NA,NA,NA
S6_163014254,6,163014254,NA,NA,NA,NA
S5_215991280,5,215991280,NA,NA,NA,NA
S9_45576994,9,45576994,NA,NA,NA,NA
S4_231896850,4,231896850,NA,NA,NA,NA
S5_56423662,5,56423662,NA,NA,NA,NA
S9_56125552,9,56125552,NA,NA,NA,NA
S4_13688522,4,13688522,NA,NA,NA,NA
S7_94239335,7,94239335,NA,NA,NA,NA
S6_6890825,6,6890825,NA,NA,NA,NA
S4_193350864,4,193350864,NA,NA,NA,NA
S4_239001307,4,239001307,NA,NA,NA,NA
S3_10221259,3,10221259,NA,NA,NA,NA
S1_105152544,1,105152544,NA,NA,NA,NA
S1_5532484,1,5532484,NA,NA,NA,NA
S3_26717139,3,26717139,NA,NA,NA,NA
S8_65179720,8,65179720,NA,NA,NA,NA
S5_194560538,5,194560538,NA,NA,NA,NA
S7_75899010,7,75899010,NA,NA,NA,NA
S3_52408516,3,52408516,NA,NA,NA,NA
S5_212522455,5,212522455,NA,NA,NA,NA
S9_147965459,9,147965459,NA,NA,NA,NA
S6_166168043,6,166168043,NA,NA,NA,NA
S4_27757938,4,27757938,NA,NA,NA,NA
S8_164446855,8,164446855,NA,NA,NA,NA
S7_165197524,7,165197524,NA,NA,NA,NA
S1_258520975,1,258520975,NA,NA,NA,NA
S2_222807823,2,222807823,NA,NA,NA,NA
S8_2080040,8,2080040,NA,NA,NA,NA
S6_158653217,6,158653217,NA,NA,NA,NA
S10_132620579,10,132620579,NA,NA,NA,NA
S3_133783646,3,133783646,NA,NA,NA,NA
S3_30232071,3,30232071,NA,NA,NA,NA
S10_108122595,10,108122595,NA,NA,NA,NA
S1_9216068,1,9216068,NA,NA,NA,NA
S9_149009102,9,149009102,NA,NA,NA,NA
S2_176614474,2,176614474,NA,NA,NA,NA
S4_74696550,4,74696550,NA,NA,NA,NA
S10_147898124,10,147898124,NA,NA,NA,NA
S5_20917479,5,20917479,NA,NA,NA,NA
S3_215380482,3,215380482,NA,NA,NA,NA
S2_136562893,2,136562893,NA,NA,NA,NA
S5_57248139,5,57248139,NA,NA,NA,NA
S5_216085002,5,216085002,NA,NA,NA,NA
S4_195061531,4,195061531,NA,NA,NA,NA
S1_175655223,1,175655223,NA,NA,NA,NA
S6_162697793,6,162697793,NA,NA,NA,NA
S3_205013033,3,205013033,NA,NA,NA,NA
S9_146761114,9,146761114,NA,NA,NA,NA
S9_146761115,9,146761115,NA,NA,NA,NA
S1_27804065,1,27804065,NA,NA,NA,NA
S1_27804066,1,27804066,NA,NA,NA,NA
S8_156049118,8,156049118,NA,NA,NA,NA
S4_123186270,4,123186270,NA,NA,NA,NA
S7_172937755,7,172937755,NA,NA,NA,NA
S6_111249507,6,111249507,NA,NA,NA,NA
S6_111249513,6,111249513,NA,NA,NA,NA
S5_3065014,5,3065014,NA,NA,NA,NA
S5_204064923,5,204064923,NA,NA,NA,NA
S9_154457283,9,154457283,NA,NA,NA,NA
S1_42012727,1,42012727,NA,NA,NA,NA
S9_148911073,9,148911073,NA,NA,NA,NA
S4_168546722,4,168546722,NA,NA,NA,NA
S1_61700287,1,61700287,NA,NA,NA,NA
S4_34803567,4,34803567,NA,NA,NA,NA
S2_184946013,2,184946013,NA,NA,NA,NA
S6_164577110,6,164577110,NA,NA,NA,NA
S1_170536050,1,170536050,NA,NA,NA,NA
S7_22261393,7,22261393,NA,NA,NA,NA
S1_65659657,1,65659657,NA,NA,NA,NA
S1_237459428,1,237459428,NA,NA,NA,NA
S3_115006797,3,115006797,NA,NA,NA,NA
S5_213349821,5,213349821,NA,NA,NA,NA
S5_178668490,5,178668490,NA,NA,NA,NA
S5_24157878,5,24157878,NA,NA,NA,NA
S2_41022297,2,41022297,NA,NA,NA,NA
S1_167198103,1,167198103,NA,NA,NA,NA
S1_167198104,1,167198104,NA,NA,NA,NA
S2_4186856,2,4186856,NA,NA,NA,NA
S9_147466963,9,147466963,NA,NA,NA,NA
S9_152206334,9,152206334,NA,NA,NA,NA
S2_144072273,2,144072273,NA,NA,NA,NA
S1_85832201,1,85832201,NA,NA,NA,NA
S2_6466919,2,6466919,NA,NA,NA,NA
S5_2400447,5,2400447,NA,NA,NA,NA
S2_188902095,2,188902095,NA,NA,NA,NA
S9_87134767,9,87134767,NA,NA,NA,NA
S9_19287372,9,19287372,NA,NA,NA,NA
S7_141905728,7,141905728,NA,NA,NA,NA
S7_141905749,7,141905749,NA,NA,NA,NA
S6_135884340,6,135884340,NA,NA,NA,NA
S6_135884343,6,135884343,NA,NA,NA,NA
S2_181538965,2,181538965,NA,NA,NA,NA
S1_40420899,1,40420899,NA,NA,NA,NA
S5_205534577,5,205534577,NA,NA,NA,NA
S2_38757348,2,38757348,NA,NA,NA,NA
S5_205148235,5,205148235,NA,NA,NA,NA
S10_147541175,10,147541175,NA,NA,NA,NA
S9_9312869,9,9312869,NA,NA,NA,NA
S5_186945271,5,186945271,NA,NA,NA,NA
S5_175212846,5,175212846,NA,NA,NA,NA
S5_175212855,5,175212855,NA,NA,NA,NA
S6_95234802,6,95234802,NA,NA,NA,NA
S9_148059185,9,148059185,NA,NA,NA,NA
S2_163678746,2,163678746,NA,NA,NA,NA
S4_236968793,4,236968793,NA,NA,NA,NA
S8_169416539,8,169416539,NA,NA,NA,NA
S3_121660277,3,121660277,NA,NA,NA,NA
S3_174827840,3,174827840,NA,NA,NA,NA
S6_62878837,6,62878837,NA,NA,NA,NA
S8_109378677,8,109378677,NA,NA,NA,NA
S1_47705105,1,47705105,NA,NA,NA,NA
S3_6523471,3,6523471,NA,NA,NA,NA
S9_3751343,9,3751343,NA,NA,NA,NA
S2_16037851,2,16037851,NA,NA,NA,NA
S1_91504795,1,91504795,NA,NA,NA,NA
S6_74967118,6,74967118,NA,NA,NA,NA
S2_190158461,2,190158461,NA,NA,NA,NA
S10_2031809,10,2031809,NA,NA,NA,NA
S1_183404595,1,183404595,NA,NA,NA,NA
S7_8677590,7,8677590,NA,NA,NA,NA
S2_44380108,2,44380108,NA,NA,NA,NA
S7_85579748,7,85579748,NA,NA,NA,NA
S5_203212905,5,203212905,NA,NA,NA,NA
S2_211345789,2,211345789,NA,NA,NA,NA
S5_4160342,5,4160342,NA,NA,NA,NA
S9_26478206,9,26478206,NA,NA,NA,NA
S7_161950536,7,161950536,NA,NA,NA,NA
S1_33842129,1,33842129,NA,NA,NA,NA
S7_174569744,7,174569744,NA,NA,NA,NA
S8_37655865,8,37655865,NA,NA,NA,NA
S1_43057186,1,43057186,NA,NA,NA,NA
S4_27750215,4,27750215,NA,NA,NA,NA
S1_22889156,1,22889156,NA,NA,NA,NA
S1_179589283,1,179589283,NA,NA,NA,NA
S8_146606762,8,146606762,NA,NA,NA,NA
S1_183801483,1,183801483,NA,NA,NA,NA
S9_57608899,9,57608899,NA,NA,NA,NA
S7_134039523,7,134039523,NA,NA,NA,NA
S1_18984987,1,18984987,NA,NA,NA,NA
S1_139596596,1,139596596,NA,NA,NA,NA
S1_231186177,1,231186177,NA,NA,NA,NA
S6_163929098,6,163929098,NA,NA,NA,NA
S7_144981975,7,144981975,NA,NA,NA,NA
S3_201295953,3,201295953,NA,NA,NA,NA
S4_236701087,4,236701087,NA,NA,NA,NA
S5_143164266,5,143164266,NA,NA,NA,NA
S4_231406047,4,231406047,NA,NA,NA,NA
S6_2720645,6,2720645,NA,NA,NA,NA
S1_201630616,1,201630616,NA,NA,NA,NA
S6_150075633,6,150075633,NA,NA,NA,NA
S4_202224465,4,202224465,NA,NA,NA,NA
S2_179747951,2,179747951,NA,NA,NA,NA
S2_234800461,2,234800461,NA,NA,NA,NA
S3_114792292,3,114792292,NA,NA,NA,NA
S3_142730556,3,142730556,NA,NA,NA,NA
S4_765286,4,765286,NA,NA,NA,NA
S9_141841283,9,141841283,NA,NA,NA,NA
S1_288638936,1,288638936,NA,NA,NA,NA
S2_203263319,2,203263319,NA,NA,NA,NA
S4_172833640,4,172833640,NA,NA,NA,NA
S1_33832051,1,33832051,NA,NA,NA,NA
S6_7136425,6,7136425,NA,NA,NA,NA
S2_109104631,2,109104631,NA,NA,NA,NA
S10_26358449,10,26358449,NA,NA,NA,NA
S3_39212756,3,39212756,NA,NA,NA,NA
S3_59813342,3,59813342,NA,NA,NA,NA
S3_49619525,3,49619525,NA,NA,NA,NA
S3_49619564,3,49619564,NA,NA,NA,NA
S7_119808375,7,119808375,NA,NA,NA,NA
S10_130279001,10,130279001,NA,NA,NA,NA
S4_187428250,4,187428250,NA,NA,NA,NA
S7_33915265,7,33915265,NA,NA,NA,NA
S1_102893504,1,102893504,NA,NA,NA,NA
S4_24187115,4,24187115,NA,NA,NA,NA
S7_103305225,7,103305225,NA,NA,NA,NA
S9_11929348,9,11929348,NA,NA,NA,NA
S1_264530480,1,264530480,NA,NA,NA,NA
S2_3875191,2,3875191,NA,NA,NA,NA
S1_187588875,1,187588875,NA,NA,NA,NA
S3_219893012,3,219893012,NA,NA,NA,NA
S1_234771977,1,234771977,NA,NA,NA,NA
S2_111714015,2,111714015,NA,NA,NA,NA
S7_3074368,7,3074368,NA,NA,NA,NA
S2_38140566,2,38140566,NA,NA,NA,NA
S1_291889361,1,291889361,NA,NA,NA,NA
S3_129298752,3,129298752,NA,NA,NA,NA
S3_147292562,3,147292562,NA,NA,NA,NA
S8_14702630,8,14702630,NA,NA,NA,NA
S2_230888817,2,230888817,NA,NA,NA,NA
S7_122921244,7,122921244,NA,NA,NA,NA
S1_72022649,1,72022649,NA,NA,NA,NA
S3_83068889,3,83068889,NA,NA,NA,NA
S7_141005751,7,141005751,NA,NA,NA,NA
S4_186951270,4,186951270,NA,NA,NA,NA
S4_186951278,4,186951278,NA,NA,NA,NA
S4_186951283,4,186951283,NA,NA,NA,NA
S1_35136571,1,35136571,NA,NA,NA,NA
S1_119429747,1,119429747,NA,NA,NA,NA
S2_151569826,2,151569826,NA,NA,NA,NA
S8_157376431,8,157376431,NA,NA,NA,NA
S7_144207901,7,144207901,NA,NA,NA,NA
S2_142632968,2,142632968,NA,NA,NA,NA
S9_137492237,9,137492237,NA,NA,NA,NA
S10_141252287,10,141252287,NA,NA,NA,NA
S2_175085382,2,175085382,NA,NA,NA,NA
S5_5423602,5,5423602,NA,NA,NA,NA
S1_19642334,1,19642334,NA,NA,NA,NA
S1_192731575,1,192731575,NA,NA,NA,NA
S2_208854948,2,208854948,NA,NA,NA,NA
S3_2812592,3,2812592,NA,NA,NA,NA
S10_59448831,10,59448831,NA,NA,NA,NA
S6_115361719,6,115361719,NA,NA,NA,NA
S3_4148746,3,4148746,NA,NA,NA,NA
S4_239728918,4,239728918,NA,NA,NA,NA
S1_55075342,1,55075342,NA,NA,NA,NA
S8_124588414,8,124588414,NA,NA,NA,NA
S4_229409094,4,229409094,NA,NA,NA,NA
S9_137552781,9,137552781,NA,NA,NA,NA
S6_155235939,6,155235939,NA,NA,NA,NA
S8_57518194,8,57518194,NA,NA,NA,NA
S6_118084980,6,118084980,NA,NA,NA,NA
S7_155907893,7,155907893,NA,NA,NA,NA
S6_123307764,6,123307764,NA,NA,NA,NA
S3_33971788,3,33971788,NA,NA,NA,NA
S8_117874011,8,117874011,NA,NA,NA,NA
S8_71061158,8,71061158,NA,NA,NA,NA
S2_62378387,2,62378387,NA,NA,NA,NA
S5_202395053,5,202395053,NA,NA,NA,NA
S1_170574515,1,170574515,NA,NA,NA,NA
S2_193319204,2,193319204,NA,NA,NA,NA
S9_134296889,9,134296889,NA,NA,NA,NA
S4_82641960,4,82641960,NA,NA,NA,NA
S9_26603067,9,26603067,NA,NA,NA,NA
S1_4187089,1,4187089,NA,NA,NA,NA
S8_99160131,8,99160131,NA,NA,NA,NA
S6_110538793,6,110538793,NA,NA,NA,NA
S9_109173468,9,109173468,NA,NA,NA,NA
S4_238933414,4,238933414,NA,NA,NA,NA
S2_187818026,2,187818026,NA,NA,NA,NA
S2_135957408,2,135957408,NA,NA,NA,NA
S10_134992329,10,134992329,NA,NA,NA,NA
S10_117921146,10,117921146,NA,NA,NA,NA
S10_113395551,10,113395551,NA,NA,NA,NA
S1_233555719,1,233555719,NA,NA,NA,NA
S9_113013635,9,113013635,NA,NA,NA,NA
S5_184170387,5,184170387,NA,NA,NA,NA
S3_204281375,3,204281375,NA,NA,NA,NA
S1_6921570,1,6921570,NA,NA,NA,NA
S5_12385604,5,12385604,NA,NA,NA,NA
S3_129298756,3,129298756,NA,NA,NA,NA
S3_194874055,3,194874055,NA,NA,NA,NA
S1_42847977,1,42847977,NA,NA,NA,NA
S1_240765346,1,240765346,NA,NA,NA,NA
S7_168402358,7,168402358,NA,NA,NA,NA
S6_98010297,6,98010297,NA,NA,NA,NA
S6_166674013,6,166674013,NA,NA,NA,NA
S8_128555677,8,128555677,NA,NA,NA,NA
S9_96718539,9,96718539,NA,NA,NA,NA
S4_3251164,4,3251164,NA,NA,NA,NA
S4_169512227,4,169512227,NA,NA,NA,NA
S1_31249715,1,31249715,NA,NA,NA,NA
S10_73160922,10,73160922,NA,NA,NA,NA
S5_204730893,5,204730893,NA,NA,NA,NA
S3_227046787,3,227046787,NA,NA,NA,NA
S4_197388600,4,197388600,NA,NA,NA,NA
S1_14165899,1,14165899,NA,NA,NA,NA
S7_156571016,7,156571016,NA,NA,NA,NA
S2_29526736,2,29526736,NA,NA,NA,NA
S2_29526773,2,29526773,NA,NA,NA,NA
S2_29526774,2,29526774,NA,NA,NA,NA
S2_29526775,2,29526775,NA,NA,NA,NA
S2_29526777,2,29526777,NA,NA,NA,NA
S5_159800446,5,159800446,NA,NA,NA,NA
S4_212043660,4,212043660,NA,NA,NA,NA
S9_97737470,9,97737470,NA,NA,NA,NA
S1_242709486,1,242709486,NA,NA,NA,NA
S4_219147198,4,219147198,NA,NA,NA,NA
S3_12289818,3,12289818,NA,NA,NA,NA
S5_188455763,5,188455763,NA,NA,NA,NA
S3_152055671,3,152055671,NA,NA,NA,NA
S4_170973106,4,170973106,NA,NA,NA,NA
S4_233994309,4,233994309,NA,NA,NA,NA
S3_56015458,3,56015458,NA,NA,NA,NA
S4_222798149,4,222798149,NA,NA,NA,NA
S2_113315866,2,113315866,NA,NA,NA,NA
S9_6225324,9,6225324,NA,NA,NA,NA
S2_80447524,2,80447524,NA,NA,NA,NA
S7_27311620,7,27311620,NA,NA,NA,NA
S4_175279600,4,175279600,NA,NA,NA,NA
S6_164675638,6,164675638,NA,NA,NA,NA
S3_125614473,3,125614473,NA,NA,NA,NA
S1_5010065,1,5010065,NA,NA,NA,NA
S4_170792777,4,170792777,NA,NA,NA,NA
S1_94880470,1,94880470,NA,NA,NA,NA
S1_263198696,1,263198696,NA,NA,NA,NA
S2_215025252,2,215025252,NA,NA,NA,NA
S5_19524122,5,19524122,NA,NA,NA,NA
S5_186725390,5,186725390,NA,NA,NA,NA
S10_143062361,10,143062361,NA,NA,NA,NA
S4_1220350,4,1220350,NA,NA,NA,NA
S7_140234706,7,140234706,NA,NA,NA,NA
S3_193376162,3,193376162,NA,NA,NA,NA
S3_2061209,3,2061209,NA,NA,NA,NA
S6_161730172,6,161730172,NA,NA,NA,NA
S7_171631536,7,171631536,NA,NA,NA,NA
S10_76506157,10,76506157,NA,NA,NA,NA
S10_138596082,10,138596082,NA,NA,NA,NA
S8_65781533,8,65781533,NA,NA,NA,NA
S5_178668493,5,178668493,NA,NA,NA,NA
S7_94512177,7,94512177,NA,NA,NA,NA
S7_167151832,7,167151832,NA,NA,NA,NA
S4_144532053,4,144532053,NA,NA,NA,NA
S9_151654313,9,151654313,NA,NA,NA,NA
S1_68882477,1,68882477,NA,NA,NA,NA
S1_233656927,1,233656927,NA,NA,NA,NA
S5_145510215,5,145510215,NA,NA,NA,NA
S5_145510226,5,145510226,NA,NA,NA,NA
S7_165680628,7,165680628,NA,NA,NA,NA
S2_39748011,2,39748011,NA,NA,NA,NA
S3_130093729,3,130093729,NA,NA,NA,NA
S8_172227327,8,172227327,NA,NA,NA,NA
S1_276286978,1,276286978,NA,NA,NA,NA
S4_166000992,4,166000992,NA,NA,NA,NA
S6_156693050,6,156693050,NA,NA,NA,NA
S6_89412349,6,89412349,NA,NA,NA,NA
S9_98920309,9,98920309,NA,NA,NA,NA
S1_267542899,1,267542899,NA,NA,NA,NA
S7_146596969,7,146596969,NA,NA,NA,NA
S9_139748440,9,139748440,NA,NA,NA,NA
S2_151465558,2,151465558,NA,NA,NA,NA
S6_161450546,6,161450546,NA,NA,NA,NA
S10_95232465,10,95232465,NA,NA,NA,NA
S8_15484341,8,15484341,NA,NA,NA,NA
S7_6577761,7,6577761,NA,NA,NA,NA
S1_277348267,1,277348267,NA,NA,NA,NA
S1_277348271,1,277348271,NA,NA,NA,NA
S4_2113966,4,2113966,NA,NA,NA,NA
S5_213349810,5,213349810,NA,NA,NA,NA
S4_191321873,4,191321873,NA,NA,NA,NA
S2_2261249,2,2261249,NA,NA,NA,NA
S1_53709303,1,53709303,NA,NA,NA,NA
S1_53709311,1,53709311,NA,NA,NA,NA
S1_53709334,1,53709334,NA,NA,NA,NA
S6_83537895,6,83537895,NA,NA,NA,NA
S7_79097698,7,79097698,NA,NA,NA,NA
S2_217459033,2,217459033,NA,NA,NA,NA
S10_117475783,10,117475783,NA,NA,NA,NA
S5_210635369,5,210635369,NA,NA,NA,NA
S10_17527157,10,17527157,NA,NA,NA,NA
S7_153219266,7,153219266,NA,NA,NA,NA
S3_205773044,3,205773044,NA,NA,NA,NA
S6_114753977,6,114753977,NA,NA,NA,NA
S8_138262607,8,138262607,NA,NA,NA,NA
S2_211029180,2,211029180,NA,NA,NA,NA
S7_7462310,7,7462310,NA,NA,NA,NA
S2_36618258,2,36618258,NA,NA,NA,NA
S7_128381165,7,128381165,NA,NA,NA,NA
S5_171964068,5,171964068,NA,NA,NA,NA
S5_199203130,5,199203130,NA,NA,NA,NA
S4_36418427,4,36418427,NA,NA,NA,NA
S5_43741045,5,43741045,NA,NA,NA,NA
S9_26606867,9,26606867,NA,NA,NA,NA
S1_172018773,1,172018773,NA,NA,NA,NA
S4_211650546,4,211650546,NA,NA,NA,NA
S7_167090516,7,167090516,NA,NA,NA,NA
S3_19260465,3,19260465,NA,NA,NA,NA
S2_236720622,2,236720622,NA,NA,NA,NA
S6_80634513,6,80634513,NA,NA,NA,NA
S5_58200036,5,58200036,NA,NA,NA,NA
S5_2354685,5,2354685,NA,NA,NA,NA
S1_8538275,1,8538275,NA,NA,NA,NA
S5_185657239,5,185657239,NA,NA,NA,NA
S1_176054348,1,176054348,NA,NA,NA,NA
S1_217348684,1,217348684,NA,NA,NA,NA
S9_143887228,9,143887228,NA,NA,NA,NA
S4_219144488,4,219144488,NA,NA,NA,NA
S8_106858269,8,106858269,NA,NA,NA,NA
S7_137543816,7,137543816,NA,NA,NA,NA
S1_209790637,1,209790637,NA,NA,NA,NA
S10_116867491,10,116867491,NA,NA,NA,NA
S5_18705897,5,18705897,NA,NA,NA,NA
S2_16037887,2,16037887,NA,NA,NA,NA
S1_269305017,1,269305017,NA,NA,NA,NA
S8_171517347,8,171517347,NA,NA,NA,NA
S8_128250402,8,128250402,NA,NA,NA,NA
S1_288638882,1,288638882,NA,NA,NA,NA
S5_19890250,5,19890250,NA,NA,NA,NA
S1_56159948,1,56159948,NA,NA,NA,NA
S7_165343304,7,165343304,NA,NA,NA,NA
S4_222806587,4,222806587,NA,NA,NA,NA
S6_98861890,6,98861890,NA,NA,NA,NA
S5_2538632,5,2538632,NA,NA,NA,NA
S9_105339216,9,105339216,NA,NA,NA,NA
S2_129680067,2,129680067,NA,NA,NA,NA
S1_31249631,1,31249631,NA,NA,NA,NA
S9_103878581,9,103878581,NA,NA,NA,NA
S10_54469731,10,54469731,NA,NA,NA,NA
S7_19750949,7,19750949,NA,NA,NA,NA
S3_135852546,3,135852546,NA,NA,NA,NA
S2_111278689,2,111278689,NA,NA,NA,NA
S4_195004396,4,195004396,NA,NA,NA,NA
S3_43645631,3,43645631,NA,NA,NA,NA
S6_158446683,6,158446683,NA,NA,NA,NA
S1_60098396,1,60098396,NA,NA,NA,NA
S6_72179072,6,72179072,NA,NA,NA,NA
S2_210473379,2,210473379,NA,NA,NA,NA
S2_15997002,2,15997002,NA,NA,NA,NA
S8_101431273,8,101431273,NA,NA,NA,NA
S8_101431282,8,101431282,NA,NA,NA,NA
S9_105055329,9,105055329,NA,NA,NA,NA
S10_7132839,10,7132839,NA,NA,NA,NA
S10_66877860,10,66877860,NA,NA,NA,NA
S3_32249993,3,32249993,NA,NA,NA,NA
S3_158889378,3,158889378,NA,NA,NA,NA
S8_112148889,8,112148889,NA,NA,NA,NA
S8_170610722,8,170610722,NA,NA,NA,NA
S8_170610723,8,170610723,NA,NA,NA,NA
S1_9396331,1,9396331,NA,NA,NA,NA
S1_246201134,1,246201134,NA,NA,NA,NA
S1_182355315,1,182355315,NA,NA,NA,NA
S8_93112301,8,93112301,NA,NA,NA,NA
S8_166793266,8,166793266,NA,NA,NA,NA
S8_12195378,8,12195378,NA,NA,NA,NA
S8_12195393,8,12195393,NA,NA,NA,NA
S8_12195396,8,12195396,NA,NA,NA,NA
S5_155021591,5,155021591,NA,NA,NA,NA
S5_155021594,5,155021594,NA,NA,NA,NA
S5_155021595,5,155021595,NA,NA,NA,NA
S7_140424221,7,140424221,NA,NA,NA,NA
S7_45758878,7,45758878,NA,NA,NA,NA
S10_66320936,10,66320936,NA,NA,NA,NA
S10_66320941,10,66320941,NA,NA,NA,NA
S4_39979736,4,39979736,NA,NA,NA,NA
S1_38850938,1,38850938,NA,NA,NA,NA
S3_215339567,3,215339567,NA,NA,NA,NA
S9_64623653,9,64623653,NA,NA,NA,NA
S1_212258984,1,212258984,NA,NA,NA,NA
S1_214308347,1,214308347,NA,NA,NA,NA
S5_189889925,5,189889925,NA,NA,NA,NA
S5_143975690,5,143975690,NA,NA,NA,NA
S5_143975714,5,143975714,NA,NA,NA,NA
S5_143975718,5,143975718,NA,NA,NA,NA
S10_1916621,10,1916621,NA,NA,NA,NA
S6_162673808,6,162673808,NA,NA,NA,NA
S4_193345431,4,193345431,NA,NA,NA,NA
S3_22888766,3,22888766,NA,NA,NA,NA
S6_150804470,6,150804470,NA,NA,NA,NA
S5_199209608,5,199209608,NA,NA,NA,NA
S5_17229164,5,17229164,NA,NA,NA,NA
S2_10718955,2,10718955,NA,NA,NA,NA
S2_38140571,2,38140571,NA,NA,NA,NA
S3_211757652,3,211757652,NA,NA,NA,NA
S9_102783154,9,102783154,NA,NA,NA,NA
S1_166962923,1,166962923,NA,NA,NA,NA
S1_290521950,1,290521950,NA,NA,NA,NA
S2_6633058,2,6633058,NA,NA,NA,NA
S1_40058666,1,40058666,NA,NA,NA,NA
S3_9379487,3,9379487,NA,NA,NA,NA
S2_29926610,2,29926610,NA,NA,NA,NA
S8_21615242,8,21615242,NA,NA,NA,NA
S8_151339255,8,151339255,NA,NA,NA,NA
S3_1604015,3,1604015,NA,NA,NA,NA
S2_195060593,2,195060593,NA,NA,NA,NA
S1_170536057,1,170536057,NA,NA,NA,NA
S10_140737855,10,140737855,NA,NA,NA,NA
S10_140737856,10,140737856,NA,NA,NA,NA
S7_127214405,7,127214405,NA,NA,NA,NA
S5_30776664,5,30776664,NA,NA,NA,NA
S5_200319060,5,200319060,NA,NA,NA,NA
S3_127930787,3,127930787,NA,NA,NA,NA
S5_212160291,5,212160291,NA,NA,NA,NA
S5_212160292,5,212160292,NA,NA,NA,NA
S5_212160300,5,212160300,NA,NA,NA,NA
S5_212160301,5,212160301,NA,NA,NA,NA
S5_212160303,5,212160303,NA,NA,NA,NA
S5_9812873,5,9812873,NA,NA,NA,NA
S4_226459213,4,226459213,NA,NA,NA,NA
S3_132399454,3,132399454,NA,NA,NA,NA
S7_174515174,7,174515174,NA,NA,NA,NA
S1_216762603,1,216762603,NA,NA,NA,NA
S2_16224701,2,16224701,NA,NA,NA,NA
S2_229416424,2,229416424,NA,NA,NA,NA
S6_138577675,6,138577675,NA,NA,NA,NA
S1_208822091,1,208822091,NA,NA,NA,NA
S8_75643051,8,75643051,NA,NA,NA,NA
S5_185657251,5,185657251,NA,NA,NA,NA
S1_26331735,1,26331735,NA,NA,NA,NA
S3_103544700,3,103544700,NA,NA,NA,NA
S7_144535561,7,144535561,NA,NA,NA,NA
S3_19165588,3,19165588,NA,NA,NA,NA
S4_222798145,4,222798145,NA,NA,NA,NA
S4_238275872,4,238275872,NA,NA,NA,NA
S1_8355740,1,8355740,NA,NA,NA,NA
S8_173320958,8,173320958,NA,NA,NA,NA
S8_43051265,8,43051265,NA,NA,NA,NA
S1_295482672,1,295482672,NA,NA,NA,NA
S3_200068295,3,200068295,NA,NA,NA,NA
S1_7401045,1,7401045,NA,NA,NA,NA
S7_103880014,7,103880014,NA,NA,NA,NA
S2_51098012,2,51098012,NA,NA,NA,NA
S1_40561626,1,40561626,NA,NA,NA,NA
S1_32836600,1,32836600,NA,NA,NA,NA
S8_20971610,8,20971610,NA,NA,NA,NA
S8_145683730,8,145683730,NA,NA,NA,NA
S5_185618194,5,185618194,NA,NA,NA,NA
S6_86335578,6,86335578,NA,NA,NA,NA
S5_42461201,5,42461201,NA,NA,NA,NA
S2_139644615,2,139644615,NA,NA,NA,NA
S1_95085718,1,95085718,NA,NA,NA,NA
S5_7223983,5,7223983,NA,NA,NA,NA
S5_184159699,5,184159699,NA,NA,NA,NA
S6_150368526,6,150368526,NA,NA,NA,NA
S3_32033765,3,32033765,NA,NA,NA,NA
S1_9956368,1,9956368,NA,NA,NA,NA
S2_16402095,2,16402095,NA,NA,NA,NA
S5_146414092,5,146414092,NA,NA,NA,NA
S1_274942241,1,274942241,NA,NA,NA,NA
S10_132560105,10,132560105,NA,NA,NA,NA
S3_227951374,3,227951374,NA,NA,NA,NA
S2_148717721,2,148717721,NA,NA,NA,NA
S2_14896845,2,14896845,NA,NA,NA,NA
S5_4608846,5,4608846,NA,NA,NA,NA
S1_46543124,1,46543124,NA,NA,NA,NA
S4_187042726,4,187042726,NA,NA,NA,NA
S5_205536334,5,205536334,NA,NA,NA,NA
S2_160306138,2,160306138,NA,NA,NA,NA
S6_113883064,6,113883064,NA,NA,NA,NA
S10_144686579,10,144686579,NA,NA,NA,NA
S3_225099016,3,225099016,NA,NA,NA,NA
S8_100598208,8,100598208,NA,NA,NA,NA
S8_104268076,8,104268076,NA,NA,NA,NA
S5_215003325,5,215003325,NA,NA,NA,NA
S5_157111457,5,157111457,NA,NA,NA,NA
S5_207120570,5,207120570,NA,NA,NA,NA
S1_6921534,1,6921534,NA,NA,NA,NA
S5_14753005,5,14753005,NA,NA,NA,NA
S1_278050487,1,278050487,NA,NA,NA,NA
S7_155961876,7,155961876,NA,NA,NA,NA
S1_98098047,1,98098047,NA,NA,NA,NA
S5_2269820,5,2269820,NA,NA,NA,NA
S1_263198725,1,263198725,NA,NA,NA,NA
S1_61948946,1,61948946,NA,NA,NA,NA
S1_27777574,1,27777574,NA,NA,NA,NA
S2_186642421,2,186642421,NA,NA,NA,NA
S7_172660420,7,172660420,NA,NA,NA,NA
S6_136375910,6,136375910,NA,NA,NA,NA
S4_170855928,4,170855928,NA,NA,NA,NA
S2_148913272,2,148913272,NA,NA,NA,NA
S6_139911513,6,139911513,NA,NA,NA,NA
S6_139911515,6,139911515,NA,NA,NA,NA
S2_221753851,2,221753851,NA,NA,NA,NA
S2_199175458,2,199175458,NA,NA,NA,NA
S2_213770807,2,213770807,NA,NA,NA,NA
S6_128525027,6,128525027,NA,NA,NA,NA
S5_3091476,5,3091476,NA,NA,NA,NA
S2_9561501,2,9561501,NA,NA,NA,NA
S8_7434882,8,7434882,NA,NA,NA,NA
S2_2051865,2,2051865,NA,NA,NA,NA
S8_105673826,8,105673826,NA,NA,NA,NA
S8_105673838,8,105673838,NA,NA,NA,NA
S1_170849358,1,170849358,NA,NA,NA,NA
S3_189455690,3,189455690,NA,NA,NA,NA
S1_250318848,1,250318848,NA,NA,NA,NA
S5_210695786,5,210695786,NA,NA,NA,NA
S10_121537831,10,121537831,NA,NA,NA,NA
S8_109951686,8,109951686,NA,NA,NA,NA
S9_133586941,9,133586941,NA,NA,NA,NA
S1_236903079,1,236903079,NA,NA,NA,NA
S2_16402032,2,16402032,NA,NA,NA,NA
S1_262724965,1,262724965,NA,NA,NA,NA
S1_16792461,1,16792461,NA,NA,NA,NA
S4_236948929,4,236948929,NA,NA,NA,NA
S7_103306001,7,103306001,NA,NA,NA,NA
S1_7041917,1,7041917,NA,NA,NA,NA
S5_7573623,5,7573623,NA,NA,NA,NA
S5_7573624,5,7573624,NA,NA,NA,NA
S5_7573625,5,7573625,NA,NA,NA,NA
S5_7573627,5,7573627,NA,NA,NA,NA
S7_127586409,7,127586409,NA,NA,NA,NA
S6_122264504,6,122264504,NA,NA,NA,NA
S9_98892741,9,98892741,NA,NA,NA,NA
S2_56109072,2,56109072,NA,NA,NA,NA
S2_18001352,2,18001352,NA,NA,NA,NA
S2_2366710,2,2366710,NA,NA,NA,NA
S3_230158436,3,230158436,NA,NA,NA,NA
S9_13662489,9,13662489,NA,NA,NA,NA
S4_2030918,4,2030918,NA,NA,NA,NA
S6_146887292,6,146887292,NA,NA,NA,NA
S3_28839879,3,28839879,NA,NA,NA,NA
S1_281071263,1,281071263,NA,NA,NA,NA
S5_214409952,5,214409952,NA,NA,NA,NA
S2_194355749,2,194355749,NA,NA,NA,NA
S2_208975257,2,208975257,NA,NA,NA,NA
S1_224417902,1,224417902,NA,NA,NA,NA
S4_233860737,4,233860737,NA,NA,NA,NA
S5_172933990,5,172933990,NA,NA,NA,NA
S5_172934019,5,172934019,NA,NA,NA,NA
S3_201061894,3,201061894,NA,NA,NA,NA
S9_131569727,9,131569727,NA,NA,NA,NA
S1_103099826,1,103099826,NA,NA,NA,NA
S1_103099834,1,103099834,NA,NA,NA,NA
S4_35255078,4,35255078,NA,NA,NA,NA
S2_226977014,2,226977014,NA,NA,NA,NA
S7_162710193,7,162710193,NA,NA,NA,NA
S3_174827412,3,174827412,NA,NA,NA,NA
S6_122264497,6,122264497,NA,NA,NA,NA
S2_189218681,2,189218681,NA,NA,NA,NA
S8_26480456,8,26480456,NA,NA,NA,NA
S1_197266250,1,197266250,NA,NA,NA,NA
S8_101770858,8,101770858,NA,NA,NA,NA
S4_36418571,4,36418571,NA,NA,NA,NA
S5_182125895,5,182125895,NA,NA,NA,NA
S8_17067744,8,17067744,NA,NA,NA,NA
S2_223589314,2,223589314,NA,NA,NA,NA
S9_140773462,9,140773462,NA,NA,NA,NA
S9_145513214,9,145513214,NA,NA,NA,NA
S9_145513216,9,145513216,NA,NA,NA,NA
S1_196806827,1,196806827,NA,NA,NA,NA
S3_147938793,3,147938793,NA,NA,NA,NA
S1_207606087,1,207606087,NA,NA,NA,NA
S7_153283339,7,153283339,NA,NA,NA,NA
S10_60155783,10,60155783,NA,NA,NA,NA
S10_16526273,10,16526273,NA,NA,NA,NA
S8_2511136,8,2511136,NA,NA,NA,NA
S5_2360604,5,2360604,NA,NA,NA,NA
S5_133915050,5,133915050,NA,NA,NA,NA
S5_133915065,5,133915065,NA,NA,NA,NA
S5_133915066,5,133915066,NA,NA,NA,NA
S1_158184005,1,158184005,NA,NA,NA,NA
S4_36316880,4,36316880,NA,NA,NA,NA
S4_36316881,4,36316881,NA,NA,NA,NA
S10_148109145,10,148109145,NA,NA,NA,NA
S9_133792724,9,133792724,NA,NA,NA,NA
S9_133792726,9,133792726,NA,NA,NA,NA
S10_144957943,10,144957943,NA,NA,NA,NA
S10_144957947,10,144957947,NA,NA,NA,NA
S1_166805177,1,166805177,NA,NA,NA,NA
S2_48664886,2,48664886,NA,NA,NA,NA
S2_189275511,2,189275511,NA,NA,NA,NA
S4_27980896,4,27980896,NA,NA,NA,NA
S1_279120169,1,279120169,NA,NA,NA,NA
S2_181424136,2,181424136,NA,NA,NA,NA
S1_33460115,1,33460115,NA,NA,NA,NA
S5_19886565,5,19886565,NA,NA,NA,NA
S4_235601587,4,235601587,NA,NA,NA,NA
S3_139288709,3,139288709,NA,NA,NA,NA
S6_98313739,6,98313739,NA,NA,NA,NA
S3_41243542,3,41243542,NA,NA,NA,NA
S1_5435296,1,5435296,NA,NA,NA,NA
S7_13980510,7,13980510,NA,NA,NA,NA
S3_192912377,3,192912377,NA,NA,NA,NA
S4_180897525,4,180897525,NA,NA,NA,NA
S2_1448460,2,1448460,NA,NA,NA,NA
S5_76377695,5,76377695,NA,NA,NA,NA
S1_174007813,1,174007813,NA,NA,NA,NA
S1_289269762,1,289269762,NA,NA,NA,NA
S9_149382473,9,149382473,NA,NA,NA,NA
S8_16353787,8,16353787,NA,NA,NA,NA
S3_26308887,3,26308887,NA,NA,NA,NA
S5_6333593,5,6333593,NA,NA,NA,NA
S1_224102167,1,224102167,NA,NA,NA,NA
S1_224102175,1,224102175,NA,NA,NA,NA
S1_16575147,1,16575147,NA,NA,NA,NA
S1_251712071,1,251712071,NA,NA,NA,NA
S3_25863970,3,25863970,NA,NA,NA,NA
S2_153502939,2,153502939,NA,NA,NA,NA
S1_3739872,1,3739872,NA,NA,NA,NA
S8_110372082,8,110372082,NA,NA,NA,NA
S1_150179769,1,150179769,NA,NA,NA,NA
S8_16432429,8,16432429,NA,NA,NA,NA
S1_86600428,1,86600428,NA,NA,NA,NA
S3_83510021,3,83510021,NA,NA,NA,NA
S7_170989111,7,170989111,NA,NA,NA,NA
S9_153784417,9,153784417,NA,NA,NA,NA
S8_171598219,8,171598219,NA,NA,NA,NA
S1_249091250,1,249091250,NA,NA,NA,NA
S5_651669,5,651669,NA,NA,NA,NA
S4_239683641,4,239683641,NA,NA,NA,NA
S5_189198591,5,189198591,NA,NA,NA,NA
S9_50711838,9,50711838,NA,NA,NA,NA
S8_13339402,8,13339402,NA,NA,NA,NA
S5_168223817,5,168223817,NA,NA,NA,NA
S2_176610468,2,176610468,NA,NA,NA,NA
S6_120608760,6,120608760,NA,NA,NA,NA
S5_8814769,5,8814769,NA,NA,NA,NA
S6_110436702,6,110436702,NA,NA,NA,NA
S2_209019115,2,209019115,NA,NA,NA,NA
S2_209019119,2,209019119,NA,NA,NA,NA
S6_166077939,6,166077939,NA,NA,NA,NA
S10_3185643,10,3185643,NA,NA,NA,NA
S10_3185644,10,3185644,NA,NA,NA,NA
S1_205502402,1,205502402,NA,NA,NA,NA
S5_167277010,5,167277010,NA,NA,NA,NA
S6_60195016,6,60195016,NA,NA,NA,NA
S3_201538103,3,201538103,NA,NA,NA,NA
S3_4542437,3,4542437,NA,NA,NA,NA
S9_83962797,9,83962797,NA,NA,NA,NA
S4_83861164,4,83861164,NA,NA,NA,NA
S4_233543202,4,233543202,NA,NA,NA,NA
S1_175897688,1,175897688,NA,NA,NA,NA
S1_173237297,1,173237297,NA,NA,NA,NA
S5_15800858,5,15800858,NA,NA,NA,NA
S5_183368518,5,183368518,NA,NA,NA,NA
S9_99365183,9,99365183,NA,NA,NA,NA
S1_55075339,1,55075339,NA,NA,NA,NA
S7_5095328,7,5095328,NA,NA,NA,NA
S7_174229224,7,174229224,NA,NA,NA,NA
S1_283603151,1,283603151,NA,NA,NA,NA
S7_99644643,7,99644643,NA,NA,NA,NA
S3_194337706,3,194337706,NA,NA,NA,NA
S1_268956297,1,268956297,NA,NA,NA,NA
S1_232648701,1,232648701,NA,NA,NA,NA
S1_6923834,1,6923834,NA,NA,NA,NA
S3_187430092,3,187430092,NA,NA,NA,NA
S2_144629347,2,144629347,NA,NA,NA,NA
S8_117195709,8,117195709,NA,NA,NA,NA
S9_19984778,9,19984778,NA,NA,NA,NA
S10_138027571,10,138027571,NA,NA,NA,NA
S4_21136536,4,21136536,NA,NA,NA,NA
S2_58586107,2,58586107,NA,NA,NA,NA
S1_279120175,1,279120175,NA,NA,NA,NA
S1_123318407,1,123318407,NA,NA,NA,NA
S10_138210383,10,138210383,NA,NA,NA,NA
S5_19890253,5,19890253,NA,NA,NA,NA
S7_164468663,7,164468663,NA,NA,NA,NA
S3_23177575,3,23177575,NA,NA,NA,NA
S7_75749840,7,75749840,NA,NA,NA,NA
S1_228403617,1,228403617,NA,NA,NA,NA
S2_6736244,2,6736244,NA,NA,NA,NA
S1_249091204,1,249091204,NA,NA,NA,NA
S4_195010404,4,195010404,NA,NA,NA,NA
S4_195010405,4,195010405,NA,NA,NA,NA
S1_281701974,1,281701974,NA,NA,NA,NA
S1_232521152,1,232521152,NA,NA,NA,NA
S1_232521153,1,232521153,NA,NA,NA,NA
S9_127289268,9,127289268,NA,NA,NA,NA
S4_209567629,4,209567629,NA,NA,NA,NA
S6_84786532,6,84786532,NA,NA,NA,NA
S5_129223087,5,129223087,NA,NA,NA,NA
S3_220111139,3,220111139,NA,NA,NA,NA
S3_124181949,3,124181949,NA,NA,NA,NA
S1_58645930,1,58645930,NA,NA,NA,NA
S3_31457136,3,31457136,NA,NA,NA,NA
S1_241553554,1,241553554,NA,NA,NA,NA
S7_174512415,7,174512415,NA,NA,NA,NA
S1_273696161,1,273696161,NA,NA,NA,NA
S1_273696165,1,273696165,NA,NA,NA,NA
S9_135891843,9,135891843,NA,NA,NA,NA
S2_37864034,2,37864034,NA,NA,NA,NA
S5_82424518,5,82424518,NA,NA,NA,NA
S6_150804854,6,150804854,NA,NA,NA,NA
S3_157199526,3,157199526,NA,NA,NA,NA
S10_142506039,10,142506039,NA,NA,NA,NA
S5_33048789,5,33048789,NA,NA,NA,NA
S7_155964092,7,155964092,NA,NA,NA,NA
S7_155964118,7,155964118,NA,NA,NA,NA
S1_160858064,1,160858064,NA,NA,NA,NA
S2_224236845,2,224236845,NA,NA,NA,NA
S3_86916423,3,86916423,NA,NA,NA,NA
S3_211719019,3,211719019,NA,NA,NA,NA
S1_160810319,1,160810319,NA,NA,NA,NA
S4_73366918,4,73366918,NA,NA,NA,NA
S5_20923478,5,20923478,NA,NA,NA,NA
S5_21351199,5,21351199,NA,NA,NA,NA
S1_42476919,1,42476919,NA,NA,NA,NA
S2_223589312,2,223589312,NA,NA,NA,NA
S9_80171626,9,80171626,NA,NA,NA,NA
S7_127253492,7,127253492,NA,NA,NA,NA
S4_10804311,4,10804311,NA,NA,NA,NA
S1_279135672,1,279135672,NA,NA,NA,NA
S5_2249472,5,2249472,NA,NA,NA,NA
S8_124937577,8,124937577,NA,NA,NA,NA
S8_124937588,8,124937588,NA,NA,NA,NA
S5_156970924,5,156970924,NA,NA,NA,NA
S5_202808788,5,202808788,NA,NA,NA,NA
S8_26630914,8,26630914,NA,NA,NA,NA
S9_15617218,9,15617218,NA,NA,NA,NA
S2_79477750,2,79477750,NA,NA,NA,NA
S1_58473224,1,58473224,NA,NA,NA,NA
S2_23667813,2,23667813,NA,NA,NA,NA
S5_211549989,5,211549989,NA,NA,NA,NA
S2_185439049,2,185439049,NA,NA,NA,NA
S3_48981561,3,48981561,NA,NA,NA,NA
S4_170791843,4,170791843,NA,NA,NA,NA
S9_154331668,9,154331668,NA,NA,NA,NA
S9_154331672,9,154331672,NA,NA,NA,NA
S9_154331688,9,154331688,NA,NA,NA,NA
S5_188831945,5,188831945,NA,NA,NA,NA
S5_188831974,5,188831974,NA,NA,NA,NA
S1_12516938,1,12516938,NA,NA,NA,NA
S5_14102371,5,14102371,NA,NA,NA,NA
S6_22911209,6,22911209,NA,NA,NA,NA
S10_100028254,10,100028254,NA,NA,NA,NA
S2_153860571,2,153860571,NA,NA,NA,NA
S1_199741152,1,199741152,NA,NA,NA,NA
S3_60644792,3,60644792,NA,NA,NA,NA
S10_99473235,10,99473235,NA,NA,NA,NA
S2_9316693,2,9316693,NA,NA,NA,NA
S1_279566135,1,279566135,NA,NA,NA,NA
S1_279566138,1,279566138,NA,NA,NA,NA
S6_101991866,6,101991866,NA,NA,NA,NA
S1_293164563,1,293164563,NA,NA,NA,NA
S10_117921068,10,117921068,NA,NA,NA,NA
S7_156118079,7,156118079,NA,NA,NA,NA
S7_60336083,7,60336083,NA,NA,NA,NA
S5_2289843,5,2289843,NA,NA,NA,NA
S7_25910072,7,25910072,NA,NA,NA,NA
S7_25910094,7,25910094,NA,NA,NA,NA
S5_15332105,5,15332105,NA,NA,NA,NA
S1_219371052,1,219371052,NA,NA,NA,NA
S2_224174555,2,224174555,NA,NA,NA,NA
S9_120877869,9,120877869,NA,NA,NA,NA
S2_180176679,2,180176679,NA,NA,NA,NA
S5_189458056,5,189458056,NA,NA,NA,NA
S1_65087499,1,65087499,NA,NA,NA,NA
S10_19578398,10,19578398,NA,NA,NA,NA
S5_205729638,5,205729638,NA,NA,NA,NA
S9_9640574,9,9640574,NA,NA,NA,NA
S2_27501200,2,27501200,NA,NA,NA,NA
S1_87766430,1,87766430,NA,NA,NA,NA
S7_167635050,7,167635050,NA,NA,NA,NA
S6_2045218,6,2045218,NA,NA,NA,NA
S8_21295073,8,21295073,NA,NA,NA,NA
S4_183134905,4,183134905,NA,NA,NA,NA
S2_168701593,2,168701593,NA,NA,NA,NA
S5_214078262,5,214078262,NA,NA,NA,NA
S8_146559661,8,146559661,NA,NA,NA,NA
S1_282745591,1,282745591,NA,NA,NA,NA
S8_146038097,8,146038097,NA,NA,NA,NA
S8_146038128,8,146038128,NA,NA,NA,NA
S2_21008179,2,21008179,NA,NA,NA,NA
S1_233457670,1,233457670,NA,NA,NA,NA
S7_104753846,7,104753846,NA,NA,NA,NA
S1_280579661,1,280579661,NA,NA,NA,NA
S7_26454604,7,26454604,NA,NA,NA,NA
S2_44380107,2,44380107,NA,NA,NA,NA
S2_44380109,2,44380109,NA,NA,NA,NA
S2_44380110,2,44380110,NA,NA,NA,NA
S2_44380114,2,44380114,NA,NA,NA,NA
S4_36027144,4,36027144,NA,NA,NA,NA
S4_36027159,4,36027159,NA,NA,NA,NA
S4_36027162,4,36027162,NA,NA,NA,NA
S10_4698127,10,4698127,NA,NA,NA,NA
S3_216472366,3,216472366,NA,NA,NA,NA
S4_32059797,4,32059797,NA,NA,NA,NA
S3_4339879,3,4339879,NA,NA,NA,NA
S4_38542211,4,38542211,NA,NA,NA,NA
S9_137763802,9,137763802,NA,NA,NA,NA
S6_146217729,6,146217729,NA,NA,NA,NA
S7_8056941,7,8056941,NA,NA,NA,NA
S2_19359708,2,19359708,NA,NA,NA,NA
S10_2761167,10,2761167,NA,NA,NA,NA
S4_188874680,4,188874680,NA,NA,NA,NA
S4_188874691,4,188874691,NA,NA,NA,NA
S3_180198931,3,180198931,NA,NA,NA,NA
S8_148007269,8,148007269,NA,NA,NA,NA
S8_159883122,8,159883122,NA,NA,NA,NA
S3_67690959,3,67690959,NA,NA,NA,NA
S5_182039349,5,182039349,NA,NA,NA,NA
S3_57477835,3,57477835,NA,NA,NA,NA
S3_57477869,3,57477869,NA,NA,NA,NA
S6_164143190,6,164143190,NA,NA,NA,NA
S6_105598156,6,105598156,NA,NA,NA,NA
S7_19055707,7,19055707,NA,NA,NA,NA
S3_7278034,3,7278034,NA,NA,NA,NA
S5_176330318,5,176330318,NA,NA,NA,NA
S3_7937912,3,7937912,NA,NA,NA,NA
S3_7937915,3,7937915,NA,NA,NA,NA
S3_227050324,3,227050324,NA,NA,NA,NA
S7_155964120,7,155964120,NA,NA,NA,NA
S1_4018269,1,4018269,NA,NA,NA,NA
S1_4018276,1,4018276,NA,NA,NA,NA
S1_4018266,1,4018266,NA,NA,NA,NA
S1_4018270,1,4018270,NA,NA,NA,NA
S1_4018272,1,4018272,NA,NA,NA,NA
S2_14207008,2,14207008,NA,NA,NA,NA
S9_120359864,9,120359864,NA,NA,NA,NA
S5_204728057,5,204728057,NA,NA,NA,NA
S6_9496354,6,9496354,NA,NA,NA,NA
S3_199611698,3,199611698,NA,NA,NA,NA
S2_33499920,2,33499920,NA,NA,NA,NA
S3_142956618,3,142956618,NA,NA,NA,NA
S3_142956629,3,142956629,NA,NA,NA,NA
S4_185648987,4,185648987,NA,NA,NA,NA
S3_150171989,3,150171989,NA,NA,NA,NA
S4_175373145,4,175373145,NA,NA,NA,NA
S10_4612993,10,4612993,NA,NA,NA,NA
S7_162717294,7,162717294,NA,NA,NA,NA
S4_195379131,4,195379131,NA,NA,NA,NA
S8_67724349,8,67724349,NA,NA,NA,NA
S1_55067888,1,55067888,NA,NA,NA,NA
S7_165946391,7,165946391,NA,NA,NA,NA
S10_87097227,10,87097227,NA,NA,NA,NA
S9_152481894,9,152481894,NA,NA,NA,NA
S6_159385087,6,159385087,NA,NA,NA,NA
S7_134084610,7,134084610,NA,NA,NA,NA
S8_6587556,8,6587556,NA,NA,NA,NA
S10_85319531,10,85319531,NA,NA,NA,NA
S2_33469680,2,33469680,NA,NA,NA,NA
S2_236610525,2,236610525,NA,NA,NA,NA
S6_156387255,6,156387255,NA,NA,NA,NA
S6_97320314,6,97320314,NA,NA,NA,NA
S6_165624960,6,165624960,NA,NA,NA,NA
S5_74451357,5,74451357,NA,NA,NA,NA
S9_8035296,9,8035296,NA,NA,NA,NA
S3_190440881,3,190440881,NA,NA,NA,NA
S7_162397987,7,162397987,NA,NA,NA,NA
S4_231613195,4,231613195,NA,NA,NA,NA
S6_156747300,6,156747300,NA,NA,NA,NA
S6_156747302,6,156747302,NA,NA,NA,NA
S8_164895913,8,164895913,NA,NA,NA,NA
S1_295475829,1,295475829,NA,NA,NA,NA
S10_124328916,10,124328916,NA,NA,NA,NA
S9_151987644,9,151987644,NA,NA,NA,NA
S6_702960,6,702960,NA,NA,NA,NA
S3_3916205,3,3916205,NA,NA,NA,NA
S1_209790179,1,209790179,NA,NA,NA,NA
S8_74250143,8,74250143,NA,NA,NA,NA
S6_165569561,6,165569561,NA,NA,NA,NA
S2_117313214,2,117313214,NA,NA,NA,NA
S2_30810919,2,30810919,NA,NA,NA,NA
S1_22068984,1,22068984,NA,NA,NA,NA
S10_138210389,10,138210389,NA,NA,NA,NA
S7_145971016,7,145971016,NA,NA,NA,NA
S1_281632530,1,281632530,NA,NA,NA,NA
S7_149852705,7,149852705,NA,NA,NA,NA
S5_49826692,5,49826692,NA,NA,NA,NA
S3_170110280,3,170110280,NA,NA,NA,NA
S1_28424505,1,28424505,NA,NA,NA,NA
S9_136181078,9,136181078,NA,NA,NA,NA
S8_170135644,8,170135644,NA,NA,NA,NA
S8_170135645,8,170135645,NA,NA,NA,NA
S1_39895395,1,39895395,NA,NA,NA,NA
S6_90931158,6,90931158,NA,NA,NA,NA
S9_14821762,9,14821762,NA,NA,NA,NA
S5_179076412,5,179076412,NA,NA,NA,NA
S7_175305442,7,175305442,NA,NA,NA,NA
S10_144315095,10,144315095,NA,NA,NA,NA
S1_60755657,1,60755657,NA,NA,NA,NA
S4_240471920,4,240471920,NA,NA,NA,NA
S6_93494318,6,93494318,NA,NA,NA,NA
S9_18322234,9,18322234,NA,NA,NA,NA
S10_21217221,10,21217221,NA,NA,NA,NA
S1_265592857,1,265592857,NA,NA,NA,NA
S5_21877558,5,21877558,NA,NA,NA,NA
S8_147292704,8,147292704,NA,NA,NA,NA
S6_38064797,6,38064797,NA,NA,NA,NA
S2_16355669,2,16355669,NA,NA,NA,NA
S8_6121181,8,6121181,NA,NA,NA,NA
S4_179662743,4,179662743,NA,NA,NA,NA
S2_168015641,2,168015641,NA,NA,NA,NA
S4_185180720,4,185180720,NA,NA,NA,NA
S2_183941676,2,183941676,NA,NA,NA,NA
S5_159164384,5,159164384,NA,NA,NA,NA
S2_195285269,2,195285269,NA,NA,NA,NA
S8_115299644,8,115299644,NA,NA,NA,NA
S1_198739522,1,198739522,NA,NA,NA,NA
S2_195057006,2,195057006,NA,NA,NA,NA
S10_66014565,10,66014565,NA,NA,NA,NA
S5_171959915,5,171959915,NA,NA,NA,NA
S9_136179652,9,136179652,NA,NA,NA,NA
S1_287188303,1,287188303,NA,NA,NA,NA
S3_146656346,3,146656346,NA,NA,NA,NA
S5_202816583,5,202816583,NA,NA,NA,NA
S2_190415483,2,190415483,NA,NA,NA,NA
S9_118815289,9,118815289,NA,NA,NA,NA
S2_236425156,2,236425156,NA,NA,NA,NA
S5_69448377,5,69448377,NA,NA,NA,NA
S7_82724924,7,82724924,NA,NA,NA,NA
S1_170574524,1,170574524,NA,NA,NA,NA
S2_48178061,2,48178061,NA,NA,NA,NA
S6_6187775,6,6187775,NA,NA,NA,NA
S10_139120460,10,139120460,NA,NA,NA,NA
S9_149552630,9,149552630,NA,NA,NA,NA
S9_88288067,9,88288067,NA,NA,NA,NA
S6_157381356,6,157381356,NA,NA,NA,NA
S6_157381358,6,157381358,NA,NA,NA,NA
S6_166828877,6,166828877,NA,NA,NA,NA
S3_175689171,3,175689171,NA,NA,NA,NA
S3_113602524,3,113602524,NA,NA,NA,NA
S1_266369240,1,266369240,NA,NA,NA,NA
S5_209467954,5,209467954,NA,NA,NA,NA
S3_184076786,3,184076786,NA,NA,NA,NA
S3_169116342,3,169116342,NA,NA,NA,NA
S3_6682050,3,6682050,NA,NA,NA,NA
S7_162950923,7,162950923,NA,NA,NA,NA
S1_25630599,1,25630599,NA,NA,NA,NA
S6_155758059,6,155758059,NA,NA,NA,NA
S10_139076223,10,139076223,NA,NA,NA,NA
S5_183518413,5,183518413,NA,NA,NA,NA
S5_68515773,5,68515773,NA,NA,NA,NA
S2_118535963,2,118535963,NA,NA,NA,NA
S3_48809738,3,48809738,NA,NA,NA,NA
S6_119863825,6,119863825,NA,NA,NA,NA
S4_4060812,4,4060812,NA,NA,NA,NA
S3_125157064,3,125157064,NA,NA,NA,NA
S3_197016150,3,197016150,NA,NA,NA,NA
S3_15056553,3,15056553,NA,NA,NA,NA
S1_90000154,1,90000154,NA,NA,NA,NA
S10_84356391,10,84356391,NA,NA,NA,NA
S7_168388053,7,168388053,NA,NA,NA,NA
S8_1831170,8,1831170,NA,NA,NA,NA
S7_159759790,7,159759790,NA,NA,NA,NA
S2_216285319,2,216285319,NA,NA,NA,NA
S1_208827179,1,208827179,NA,NA,NA,NA
S6_156878230,6,156878230,NA,NA,NA,NA
S1_191860700,1,191860700,NA,NA,NA,NA
S3_188664017,3,188664017,NA,NA,NA,NA
S9_116948117,9,116948117,NA,NA,NA,NA
S6_159617375,6,159617375,NA,NA,NA,NA
S1_220008539,1,220008539,NA,NA,NA,NA
S7_33008845,7,33008845,NA,NA,NA,NA
S2_45989381,2,45989381,NA,NA,NA,NA
S5_21877529,5,21877529,NA,NA,NA,NA
S6_167034310,6,167034310,NA,NA,NA,NA
S2_36831915,2,36831915,NA,NA,NA,NA
S5_211077275,5,211077275,NA,NA,NA,NA
S1_29512456,1,29512456,NA,NA,NA,NA
S10_22754552,10,22754552,NA,NA,NA,NA
S4_18370368,4,18370368,NA,NA,NA,NA
S10_117569945,10,117569945,NA,NA,NA,NA
S5_62114116,5,62114116,NA,NA,NA,NA
S10_135630143,10,135630143,NA,NA,NA,NA
S5_145216630,5,145216630,NA,NA,NA,NA
S8_123912259,8,123912259,NA,NA,NA,NA
S1_183505122,1,183505122,NA,NA,NA,NA
S8_171277360,8,171277360,NA,NA,NA,NA
S2_16401968,2,16401968,NA,NA,NA,NA
S2_17864898,2,17864898,NA,NA,NA,NA
S3_124182446,3,124182446,NA,NA,NA,NA
S3_48493947,3,48493947,NA,NA,NA,NA
S3_154074519,3,154074519,NA,NA,NA,NA
S9_15617190,9,15617190,NA,NA,NA,NA
S1_154327591,1,154327591,NA,NA,NA,NA
S2_187124192,2,187124192,NA,NA,NA,NA
S1_7997897,1,7997897,NA,NA,NA,NA
S7_133531279,7,133531279,NA,NA,NA,NA
S2_65188772,2,65188772,NA,NA,NA,NA
S3_60259784,3,60259784,NA,NA,NA,NA
S3_60259821,3,60259821,NA,NA,NA,NA
S1_2957312,1,2957312,NA,NA,NA,NA
S4_5315606,4,5315606,NA,NA,NA,NA
S8_7300873,8,7300873,NA,NA,NA,NA
S3_56282243,3,56282243,NA,NA,NA,NA
S10_107720560,10,107720560,NA,NA,NA,NA
S6_166052090,6,166052090,NA,NA,NA,NA
S7_47399480,7,47399480,NA,NA,NA,NA
S4_178469568,4,178469568,NA,NA,NA,NA
S6_155460783,6,155460783,NA,NA,NA,NA
S9_4397652,9,4397652,NA,NA,NA,NA
S8_13620562,8,13620562,NA,NA,NA,NA
S7_5146153,7,5146153,NA,NA,NA,NA
S8_175187729,8,175187729,NA,NA,NA,NA
S7_173818015,7,173818015,NA,NA,NA,NA
S3_19256874,3,19256874,NA,NA,NA,NA
S10_77686524,10,77686524,NA,NA,NA,NA
S3_148395663,3,148395663,NA,NA,NA,NA
S9_153193984,9,153193984,NA,NA,NA,NA
S3_179513253,3,179513253,NA,NA,NA,NA
S3_179513254,3,179513254,NA,NA,NA,NA
S6_165397055,6,165397055,NA,NA,NA,NA
S8_13372075,8,13372075,NA,NA,NA,NA
S5_3334475,5,3334475,NA,NA,NA,NA
S9_119304749,9,119304749,NA,NA,NA,NA
S7_152181399,7,152181399,NA,NA,NA,NA
S1_4042967,1,4042967,NA,NA,NA,NA
S8_11484789,8,11484789,NA,NA,NA,NA
S9_153451660,9,153451660,NA,NA,NA,NA
S1_251041468,1,251041468,NA,NA,NA,NA
S1_7198190,1,7198190,NA,NA,NA,NA
S1_102893692,1,102893692,NA,NA,NA,NA
S1_102893693,1,102893693,NA,NA,NA,NA
S6_6259202,6,6259202,NA,NA,NA,NA
S6_6259209,6,6259209,NA,NA,NA,NA
S6_6259214,6,6259214,NA,NA,NA,NA
S2_189500346,2,189500346,NA,NA,NA,NA
S2_21595605,2,21595605,NA,NA,NA,NA
S5_207655977,5,207655977,NA,NA,NA,NA
S7_159760010,7,159760010,NA,NA,NA,NA
S8_114416092,8,114416092,NA,NA,NA,NA
S1_225123069,1,225123069,NA,NA,NA,NA
S9_71736824,9,71736824,NA,NA,NA,NA
S6_91632116,6,91632116,NA,NA,NA,NA
S6_127446998,6,127446998,NA,NA,NA,NA
S4_178145873,4,178145873,NA,NA,NA,NA
S3_186486750,3,186486750,NA,NA,NA,NA
S7_105907540,7,105907540,NA,NA,NA,NA
S5_216733809,5,216733809,NA,NA,NA,NA
S3_196142480,3,196142480,NA,NA,NA,NA
S6_166810829,6,166810829,NA,NA,NA,NA
S3_32110737,3,32110737,NA,NA,NA,NA
S1_241219259,1,241219259,NA,NA,NA,NA
S6_164675575,6,164675575,NA,NA,NA,NA
S1_160858282,1,160858282,NA,NA,NA,NA
S4_184548346,4,184548346,NA,NA,NA,NA
S5_69452836,5,69452836,NA,NA,NA,NA
S10_68725657,10,68725657,NA,NA,NA,NA
S1_213917744,1,213917744,NA,NA,NA,NA
S2_151735087,2,151735087,NA,NA,NA,NA
S6_111367431,6,111367431,NA,NA,NA,NA
S6_2045173,6,2045173,NA,NA,NA,NA
S3_181546015,3,181546015,NA,NA,NA,NA
S6_150689347,6,150689347,NA,NA,NA,NA
S6_96337887,6,96337887,NA,NA,NA,NA
S10_137649877,10,137649877,NA,NA,NA,NA
S2_67755858,2,67755858,NA,NA,NA,NA
S8_131042477,8,131042477,NA,NA,NA,NA
S1_208762480,1,208762480,NA,NA,NA,NA
S5_5780531,5,5780531,NA,NA,NA,NA
S1_102893106,1,102893106,NA,NA,NA,NA
S5_179836977,5,179836977,NA,NA,NA,NA
S2_59802050,2,59802050,NA,NA,NA,NA
S1_108013885,1,108013885,NA,NA,NA,NA
S2_143180319,2,143180319,NA,NA,NA,NA
S3_6299804,3,6299804,NA,NA,NA,NA
S1_259223303,1,259223303,NA,NA,NA,NA
S4_239492301,4,239492301,NA,NA,NA,NA
S5_175432037,5,175432037,NA,NA,NA,NA
S8_121669389,8,121669389,NA,NA,NA,NA
S5_79866853,5,79866853,NA,NA,NA,NA
S8_5911794,8,5911794,NA,NA,NA,NA
S1_44960098,1,44960098,NA,NA,NA,NA
S9_41048945,9,41048945,NA,NA,NA,NA
S1_19973065,1,19973065,NA,NA,NA,NA
S8_173067188,8,173067188,NA,NA,NA,NA
S7_173817896,7,173817896,NA,NA,NA,NA
S5_48679797,5,48679797,NA,NA,NA,NA
S2_847579,2,847579,NA,NA,NA,NA
S1_6546345,1,6546345,NA,NA,NA,NA
S7_99538688,7,99538688,NA,NA,NA,NA
S8_167602081,8,167602081,NA,NA,NA,NA
S3_5321944,3,5321944,NA,NA,NA,NA
S6_164775948,6,164775948,NA,NA,NA,NA
S3_225204915,3,225204915,NA,NA,NA,NA
S2_219481139,2,219481139,NA,NA,NA,NA
S5_195542908,5,195542908,NA,NA,NA,NA
S5_195542909,5,195542909,NA,NA,NA,NA
S5_195542910,5,195542910,NA,NA,NA,NA
S2_207379295,2,207379295,NA,NA,NA,NA
S9_135146198,9,135146198,NA,NA,NA,NA
S8_164066165,8,164066165,NA,NA,NA,NA
S3_79114261,3,79114261,NA,NA,NA,NA
S1_183808178,1,183808178,NA,NA,NA,NA
S8_109377740,8,109377740,NA,NA,NA,NA
S5_54612196,5,54612196,NA,NA,NA,NA
S8_117633222,8,117633222,NA,NA,NA,NA
S3_214273816,3,214273816,NA,NA,NA,NA
S6_130898265,6,130898265,NA,NA,NA,NA
S9_151671125,9,151671125,NA,NA,NA,NA
S1_298437683,1,298437683,NA,NA,NA,NA
S1_298437687,1,298437687,NA,NA,NA,NA
S1_298437691,1,298437691,NA,NA,NA,NA
S8_150362223,8,150362223,NA,NA,NA,NA
S2_177009657,2,177009657,NA,NA,NA,NA
S1_268956286,1,268956286,NA,NA,NA,NA
S2_5685732,2,5685732,NA,NA,NA,NA
S2_5685744,2,5685744,NA,NA,NA,NA
S8_164747831,8,164747831,NA,NA,NA,NA
S5_16840820,5,16840820,NA,NA,NA,NA
S7_162717670,7,162717670,NA,NA,NA,NA
S10_149097751,10,149097751,NA,NA,NA,NA
S7_40412780,7,40412780,NA,NA,NA,NA
S5_129223889,5,129223889,NA,NA,NA,NA
S8_26349653,8,26349653,NA,NA,NA,NA
S5_63828527,5,63828527,NA,NA,NA,NA
S9_114025717,9,114025717,NA,NA,NA,NA
S5_10273510,5,10273510,NA,NA,NA,NA
S3_22563210,3,22563210,NA,NA,NA,NA
S5_66199955,5,66199955,NA,NA,NA,NA
S3_170023559,3,170023559,NA,NA,NA,NA
S3_170023563,3,170023563,NA,NA,NA,NA
S7_153851105,7,153851105,NA,NA,NA,NA
S7_150888700,7,150888700,NA,NA,NA,NA
S9_153509044,9,153509044,NA,NA,NA,NA
S3_195508264,3,195508264,NA,NA,NA,NA
S1_8541270,1,8541270,NA,NA,NA,NA
S8_168275496,8,168275496,NA,NA,NA,NA
S1_266954578,1,266954578,NA,NA,NA,NA
S4_161917557,4,161917557,NA,NA,NA,NA
S5_13051424,5,13051424,NA,NA,NA,NA
S8_82377097,8,82377097,NA,NA,NA,NA
S3_183881630,3,183881630,NA,NA,NA,NA
S8_123512667,8,123512667,NA,NA,NA,NA
S6_5639060,6,5639060,NA,NA,NA,NA
S6_5639062,6,5639062,NA,NA,NA,NA
S5_198886409,5,198886409,NA,NA,NA,NA
S6_161478448,6,161478448,NA,NA,NA,NA
S5_201993233,5,201993233,NA,NA,NA,NA
S2_202157812,2,202157812,NA,NA,NA,NA
S1_228665921,1,228665921,NA,NA,NA,NA
S4_200530138,4,200530138,NA,NA,NA,NA
S1_226258243,1,226258243,NA,NA,NA,NA
S5_216696844,5,216696844,NA,NA,NA,NA
S7_156288541,7,156288541,NA,NA,NA,NA
S10_9532318,10,9532318,NA,NA,NA,NA
S4_122321775,4,122321775,NA,NA,NA,NA
S3_35502448,3,35502448,NA,NA,NA,NA
S9_5455299,9,5455299,NA,NA,NA,NA
S9_152761267,9,152761267,NA,NA,NA,NA
S4_52896909,4,52896909,NA,NA,NA,NA
S2_179808545,2,179808545,NA,NA,NA,NA
S2_179808558,2,179808558,NA,NA,NA,NA
S1_276691715,1,276691715,NA,NA,NA,NA
S8_112148370,8,112148370,NA,NA,NA,NA
S8_112148389,8,112148389,NA,NA,NA,NA
S8_162800285,8,162800285,NA,NA,NA,NA
S8_162800291,8,162800291,NA,NA,NA,NA
S3_3559788,3,3559788,NA,NA,NA,NA
S2_117772671,2,117772671,NA,NA,NA,NA
S3_17033783,3,17033783,NA,NA,NA,NA
S4_205979822,4,205979822,NA,NA,NA,NA
S2_36844773,2,36844773,NA,NA,NA,NA
S7_2874148,7,2874148,NA,NA,NA,NA
S3_206690202,3,206690202,NA,NA,NA,NA
S9_20906862,9,20906862,NA,NA,NA,NA
S3_206600874,3,206600874,NA,NA,NA,NA
S10_143518722,10,143518722,NA,NA,NA,NA
S7_23234914,7,23234914,NA,NA,NA,NA
S3_2629693,3,2629693,NA,NA,NA,NA
S3_87782503,3,87782503,NA,NA,NA,NA
S2_24735622,2,24735622,NA,NA,NA,NA
S6_79915910,6,79915910,NA,NA,NA,NA
S1_225871124,1,225871124,NA,NA,NA,NA
S7_165158290,7,165158290,NA,NA,NA,NA
S6_38273901,6,38273901,NA,NA,NA,NA
S9_113061733,9,113061733,NA,NA,NA,NA
S9_113061763,9,113061763,NA,NA,NA,NA
S7_121604404,7,121604404,NA,NA,NA,NA
S8_150560815,8,150560815,NA,NA,NA,NA
S9_138764777,9,138764777,NA,NA,NA,NA
S6_167821444,6,167821444,NA,NA,NA,NA
S1_229900399,1,229900399,NA,NA,NA,NA
S4_193155973,4,193155973,NA,NA,NA,NA
S4_202549989,4,202549989,NA,NA,NA,NA
S3_114352165,3,114352165,NA,NA,NA,NA
S2_211029176,2,211029176,NA,NA,NA,NA
S1_27916900,1,27916900,NA,NA,NA,NA
S1_8538065,1,8538065,NA,NA,NA,NA
S2_28894327,2,28894327,NA,NA,NA,NA
S1_200628810,1,200628810,NA,NA,NA,NA
S7_173837530,7,173837530,NA,NA,NA,NA
S1_273677662,1,273677662,NA,NA,NA,NA
S1_48658651,1,48658651,NA,NA,NA,NA
S1_253135480,1,253135480,NA,NA,NA,NA
S10_113923863,10,113923863,NA,NA,NA,NA
S1_7077252,1,7077252,NA,NA,NA,NA
S7_132165375,7,132165375,NA,NA,NA,NA
S6_37902768,6,37902768,NA,NA,NA,NA
S3_199827047,3,199827047,NA,NA,NA,NA
S2_136178693,2,136178693,NA,NA,NA,NA
S6_121213698,6,121213698,NA,NA,NA,NA
S10_129250448,10,129250448,NA,NA,NA,NA
S6_162746110,6,162746110,NA,NA,NA,NA
S2_60531962,2,60531962,NA,NA,NA,NA
S7_165855405,7,165855405,NA,NA,NA,NA
S6_158370129,6,158370129,NA,NA,NA,NA
S2_157583374,2,157583374,NA,NA,NA,NA
S2_157583387,2,157583387,NA,NA,NA,NA
S3_133656714,3,133656714,NA,NA,NA,NA
S2_208672676,2,208672676,NA,NA,NA,NA
S7_161950584,7,161950584,NA,NA,NA,NA
S1_18630761,1,18630761,NA,NA,NA,NA
S1_6433450,1,6433450,NA,NA,NA,NA
S3_58480609,3,58480609,NA,NA,NA,NA
S8_11873603,8,11873603,NA,NA,NA,NA
S8_11873611,8,11873611,NA,NA,NA,NA
S8_11873635,8,11873635,NA,NA,NA,NA
S8_11873644,8,11873644,NA,NA,NA,NA
S9_56424613,9,56424613,NA,NA,NA,NA
S1_274718694,1,274718694,NA,NA,NA,NA
S10_34726241,10,34726241,NA,NA,NA,NA
S10_34726248,10,34726248,NA,NA,NA,NA
S1_5746250,1,5746250,NA,NA,NA,NA
S1_279559211,1,279559211,NA,NA,NA,NA
S3_24905325,3,24905325,NA,NA,NA,NA
S5_164855699,5,164855699,NA,NA,NA,NA
S8_124646597,8,124646597,NA,NA,NA,NA
S1_199486279,1,199486279,NA,NA,NA,NA
S9_86306438,9,86306438,NA,NA,NA,NA
S9_35049000,9,35049000,NA,NA,NA,NA
S5_204903819,5,204903819,NA,NA,NA,NA
S5_143009796,5,143009796,NA,NA,NA,NA
S5_143009806,5,143009806,NA,NA,NA,NA
S1_40418649,1,40418649,NA,NA,NA,NA
S5_168853340,5,168853340,NA,NA,NA,NA
S10_143169725,10,143169725,NA,NA,NA,NA
S5_51429899,5,51429899,NA,NA,NA,NA
S5_51429904,5,51429904,NA,NA,NA,NA
S5_210303059,5,210303059,NA,NA,NA,NA
S5_203210167,5,203210167,NA,NA,NA,NA
S4_18694444,4,18694444,NA,NA,NA,NA
S10_109373808,10,109373808,NA,NA,NA,NA
S2_74308403,2,74308403,NA,NA,NA,NA
S2_199175447,2,199175447,NA,NA,NA,NA
S4_123977689,4,123977689,NA,NA,NA,NA
S1_179341199,1,179341199,NA,NA,NA,NA
S1_287983572,1,287983572,NA,NA,NA,NA
S9_83965115,9,83965115,NA,NA,NA,NA
S10_136007547,10,136007547,NA,NA,NA,NA
S1_3409337,1,3409337,NA,NA,NA,NA
S7_167811287,7,167811287,NA,NA,NA,NA
S7_82724908,7,82724908,NA,NA,NA,NA
S8_17377387,8,17377387,NA,NA,NA,NA
S2_230888809,2,230888809,NA,NA,NA,NA
S1_174294823,1,174294823,NA,NA,NA,NA
S5_2269872,5,2269872,NA,NA,NA,NA
S5_2269884,5,2269884,NA,NA,NA,NA
S5_2269896,5,2269896,NA,NA,NA,NA
S8_102531864,8,102531864,NA,NA,NA,NA
S1_273704126,1,273704126,NA,NA,NA,NA
S1_294813082,1,294813082,NA,NA,NA,NA
S1_83009785,1,83009785,NA,NA,NA,NA
S10_31748461,10,31748461,NA,NA,NA,NA
S3_3116657,3,3116657,NA,NA,NA,NA
S8_157973470,8,157973470,NA,NA,NA,NA
S1_228403629,1,228403629,NA,NA,NA,NA
S8_38699228,8,38699228,NA,NA,NA,NA
S9_48738883,9,48738883,NA,NA,NA,NA
S10_127605308,10,127605308,NA,NA,NA,NA
S8_131584678,8,131584678,NA,NA,NA,NA
S2_43342654,2,43342654,NA,NA,NA,NA
S10_133502696,10,133502696,NA,NA,NA,NA
S5_43013603,5,43013603,NA,NA,NA,NA
S1_32669088,1,32669088,NA,NA,NA,NA
S5_174216876,5,174216876,NA,NA,NA,NA
S8_23889019,8,23889019,NA,NA,NA,NA
S7_172163489,7,172163489,NA,NA,NA,NA
S2_63371870,2,63371870,NA,NA,NA,NA
S10_2255094,10,2255094,NA,NA,NA,NA
S10_1905298,10,1905298,NA,NA,NA,NA
S9_25925835,9,25925835,NA,NA,NA,NA
S9_99848476,9,99848476,NA,NA,NA,NA
S8_136396392,8,136396392,NA,NA,NA,NA
S7_135833150,7,135833150,NA,NA,NA,NA
S6_118694390,6,118694390,NA,NA,NA,NA
S8_165179269,8,165179269,NA,NA,NA,NA
S2_200746608,2,200746608,NA,NA,NA,NA
S2_200746617,2,200746617,NA,NA,NA,NA
S3_2083356,3,2083356,NA,NA,NA,NA
S9_139984632,9,139984632,NA,NA,NA,NA
S8_167780372,8,167780372,NA,NA,NA,NA
S9_45476997,9,45476997,NA,NA,NA,NA
S9_110320093,9,110320093,NA,NA,NA,NA
S2_71605266,2,71605266,NA,NA,NA,NA
S2_188404532,2,188404532,NA,NA,NA,NA
S1_21703045,1,21703045,NA,NA,NA,NA
S1_107187600,1,107187600,NA,NA,NA,NA
S3_8888914,3,8888914,NA,NA,NA,NA
S7_13835311,7,13835311,NA,NA,NA,NA
S1_210472686,1,210472686,NA,NA,NA,NA
S2_154602296,2,154602296,NA,NA,NA,NA
S4_128990791,4,128990791,NA,NA,NA,NA
S6_133515077,6,133515077,NA,NA,NA,NA
S8_20971565,8,20971565,NA,NA,NA,NA
S8_20971567,8,20971567,NA,NA,NA,NA
S8_20971577,8,20971577,NA,NA,NA,NA
S7_123842220,7,123842220,NA,NA,NA,NA
S7_10368502,7,10368502,NA,NA,NA,NA
S7_42226373,7,42226373,NA,NA,NA,NA
S9_120359870,9,120359870,NA,NA,NA,NA
S8_158098989,8,158098989,NA,NA,NA,NA
S5_111341839,5,111341839,NA,NA,NA,NA
S5_111341850,5,111341850,NA,NA,NA,NA
S2_3090406,2,3090406,NA,NA,NA,NA
S5_179015084,5,179015084,NA,NA,NA,NA
S8_61648342,8,61648342,NA,NA,NA,NA
S7_25995899,7,25995899,NA,NA,NA,NA
S7_172975551,7,172975551,NA,NA,NA,NA
S7_172975575,7,172975575,NA,NA,NA,NA
S6_56103915,6,56103915,NA,NA,NA,NA
S2_33728314,2,33728314,NA,NA,NA,NA
S2_215411765,2,215411765,NA,NA,NA,NA
S2_16342959,2,16342959,NA,NA,NA,NA
S4_234501913,4,234501913,NA,NA,NA,NA
S9_139513899,9,139513899,NA,NA,NA,NA
S2_150015574,2,150015574,NA,NA,NA,NA
S1_237087767,1,237087767,NA,NA,NA,NA
S8_127579565,8,127579565,NA,NA,NA,NA
S3_230179649,3,230179649,NA,NA,NA,NA
S8_75642471,8,75642471,NA,NA,NA,NA
S8_166917132,8,166917132,NA,NA,NA,NA
S8_12195314,8,12195314,NA,NA,NA,NA
S1_289565277,1,289565277,NA,NA,NA,NA
S3_10843412,3,10843412,NA,NA,NA,NA
S6_82399280,6,82399280,NA,NA,NA,NA
S4_16302015,4,16302015,NA,NA,NA,NA
S2_143273007,2,143273007,NA,NA,NA,NA
S1_4996237,1,4996237,NA,NA,NA,NA
S5_3145148,5,3145148,NA,NA,NA,NA
S5_4946309,5,4946309,NA,NA,NA,NA
S8_141751336,8,141751336,NA,NA,NA,NA
S9_9001688,9,9001688,NA,NA,NA,NA
S6_117528973,6,117528973,NA,NA,NA,NA
S4_1461149,4,1461149,NA,NA,NA,NA
S2_6634440,2,6634440,NA,NA,NA,NA
S9_21966573,9,21966573,NA,NA,NA,NA
S3_172332527,3,172332527,NA,NA,NA,NA
S1_251103188,1,251103188,NA,NA,NA,NA
S6_36135289,6,36135289,NA,NA,NA,NA
S1_282528657,1,282528657,NA,NA,NA,NA
S1_194675229,1,194675229,NA,NA,NA,NA
S2_158281093,2,158281093,NA,NA,NA,NA
S2_141596389,2,141596389,NA,NA,NA,NA
S5_83560144,5,83560144,NA,NA,NA,NA
S1_15995448,1,15995448,NA,NA,NA,NA
S9_151654312,9,151654312,NA,NA,NA,NA
S7_45895438,7,45895438,NA,NA,NA,NA
S7_1956242,7,1956242,NA,NA,NA,NA
S4_181430990,4,181430990,NA,NA,NA,NA
S10_76947936,10,76947936,NA,NA,NA,NA
S1_211540883,1,211540883,NA,NA,NA,NA
S3_189455708,3,189455708,NA,NA,NA,NA
S3_184851838,3,184851838,NA,NA,NA,NA
S1_35212783,1,35212783,NA,NA,NA,NA
S4_237315733,4,237315733,NA,NA,NA,NA
S4_2435401,4,2435401,NA,NA,NA,NA
S6_165624961,6,165624961,NA,NA,NA,NA
S9_26618587,9,26618587,NA,NA,NA,NA
S3_67169671,3,67169671,NA,NA,NA,NA
S2_1715859,2,1715859,NA,NA,NA,NA
S5_143975613,5,143975613,NA,NA,NA,NA
S6_158471268,6,158471268,NA,NA,NA,NA
S9_129078955,9,129078955,NA,NA,NA,NA
S3_173292773,3,173292773,NA,NA,NA,NA
S2_173641317,2,173641317,NA,NA,NA,NA
S1_233457674,1,233457674,NA,NA,NA,NA
S2_2536677,2,2536677,NA,NA,NA,NA
S2_148717650,2,148717650,NA,NA,NA,NA
S2_148717651,2,148717651,NA,NA,NA,NA
S8_154033819,8,154033819,NA,NA,NA,NA
S8_36003780,8,36003780,NA,NA,NA,NA
S5_174323039,5,174323039,NA,NA,NA,NA
S9_62750457,9,62750457,NA,NA,NA,NA
S1_288012804,1,288012804,NA,NA,NA,NA
S5_59726156,5,59726156,NA,NA,NA,NA
S8_152705201,8,152705201,NA,NA,NA,NA
S7_127254785,7,127254785,NA,NA,NA,NA
S1_44343943,1,44343943,NA,NA,NA,NA
S5_7983115,5,7983115,NA,NA,NA,NA
S4_173001185,4,173001185,NA,NA,NA,NA
S1_27524310,1,27524310,NA,NA,NA,NA
S5_33048871,5,33048871,NA,NA,NA,NA
S4_15695559,4,15695559,NA,NA,NA,NA
S2_214672195,2,214672195,NA,NA,NA,NA
S2_214672196,2,214672196,NA,NA,NA,NA
S8_13487115,8,13487115,NA,NA,NA,NA
S5_4472081,5,4472081,NA,NA,NA,NA
S4_140878179,4,140878179,NA,NA,NA,NA
S8_171403256,8,171403256,NA,NA,NA,NA
S1_115219123,1,115219123,NA,NA,NA,NA
S3_166598032,3,166598032,NA,NA,NA,NA
S1_180817547,1,180817547,NA,NA,NA,NA
S1_276691710,1,276691710,NA,NA,NA,NA
S8_150181901,8,150181901,NA,NA,NA,NA
S8_150181908,8,150181908,NA,NA,NA,NA
S3_65022624,3,65022624,NA,NA,NA,NA
S1_150112685,1,150112685,NA,NA,NA,NA
S9_137492218,9,137492218,NA,NA,NA,NA
S2_11054323,2,11054323,NA,NA,NA,NA
S2_170858420,2,170858420,NA,NA,NA,NA
S1_190561890,1,190561890,NA,NA,NA,NA
S5_213588627,5,213588627,NA,NA,NA,NA
S8_123512831,8,123512831,NA,NA,NA,NA
S7_154700916,7,154700916,NA,NA,NA,NA
S10_6453662,10,6453662,NA,NA,NA,NA
S5_100435489,5,100435489,NA,NA,NA,NA
S5_215471937,5,215471937,NA,NA,NA,NA
S8_170128603,8,170128603,NA,NA,NA,NA
S3_199278864,3,199278864,NA,NA,NA,NA
S5_213342115,5,213342115,NA,NA,NA,NA
S5_213342116,5,213342116,NA,NA,NA,NA
S5_213342119,5,213342119,NA,NA,NA,NA
S5_213342120,5,213342120,NA,NA,NA,NA
S5_213342122,5,213342122,NA,NA,NA,NA
S5_213342123,5,213342123,NA,NA,NA,NA
S5_213342124,5,213342124,NA,NA,NA,NA
S5_213342125,5,213342125,NA,NA,NA,NA
S3_207771882,3,207771882,NA,NA,NA,NA
S4_32605582,4,32605582,NA,NA,NA,NA
S3_34681021,3,34681021,NA,NA,NA,NA
S3_34681065,3,34681065,NA,NA,NA,NA
S3_180667788,3,180667788,NA,NA,NA,NA
S7_93086850,7,93086850,NA,NA,NA,NA
S2_113865593,2,113865593,NA,NA,NA,NA
S4_218666978,4,218666978,NA,NA,NA,NA
S1_287488871,1,287488871,NA,NA,NA,NA
S7_5146180,7,5146180,NA,NA,NA,NA
S1_254988174,1,254988174,NA,NA,NA,NA
S1_200860805,1,200860805,NA,NA,NA,NA
S1_200860807,1,200860807,NA,NA,NA,NA
S1_200860808,1,200860808,NA,NA,NA,NA
S1_200860821,1,200860821,NA,NA,NA,NA
S1_200860822,1,200860822,NA,NA,NA,NA
S1_200860824,1,200860824,NA,NA,NA,NA
S1_285979058,1,285979058,NA,NA,NA,NA
S1_285979059,1,285979059,NA,NA,NA,NA
S8_141912011,8,141912011,NA,NA,NA,NA
S2_236797587,2,236797587,NA,NA,NA,NA
S8_106235548,8,106235548,NA,NA,NA,NA
S1_191991777,1,191991777,NA,NA,NA,NA
S2_186186478,2,186186478,NA,NA,NA,NA
S5_183126431,5,183126431,NA,NA,NA,NA
S7_161816902,7,161816902,NA,NA,NA,NA
S5_83133322,5,83133322,NA,NA,NA,NA
S5_3052732,5,3052732,NA,NA,NA,NA
S1_10967130,1,10967130,NA,NA,NA,NA
S8_90425905,8,90425905,NA,NA,NA,NA
S7_174515166,7,174515166,NA,NA,NA,NA
S7_174515167,7,174515167,NA,NA,NA,NA
S6_88983465,6,88983465,NA,NA,NA,NA
S1_5432380,1,5432380,NA,NA,NA,NA
S3_170772042,3,170772042,NA,NA,NA,NA
S8_130597548,8,130597548,NA,NA,NA,NA
S10_143715519,10,143715519,NA,NA,NA,NA
S2_230888746,2,230888746,NA,NA,NA,NA
S3_28354342,3,28354342,NA,NA,NA,NA
S3_1633331,3,1633331,NA,NA,NA,NA
S1_234771985,1,234771985,NA,NA,NA,NA
S6_165530260,6,165530260,NA,NA,NA,NA
S2_168918977,2,168918977,NA,NA,NA,NA
S1_187436342,1,187436342,NA,NA,NA,NA
S1_285970690,1,285970690,NA,NA,NA,NA
S5_178352579,5,178352579,NA,NA,NA,NA
S4_143377713,4,143377713,NA,NA,NA,NA
S5_13738035,5,13738035,NA,NA,NA,NA
S8_145619937,8,145619937,NA,NA,NA,NA
S5_204625136,5,204625136,NA,NA,NA,NA
S5_200688103,5,200688103,NA,NA,NA,NA
S9_118815297,9,118815297,NA,NA,NA,NA
S10_76953555,10,76953555,NA,NA,NA,NA
S7_137540925,7,137540925,NA,NA,NA,NA
S10_106248406,10,106248406,NA,NA,NA,NA
S2_185832951,2,185832951,NA,NA,NA,NA
S1_6546311,1,6546311,NA,NA,NA,NA
S1_271627687,1,271627687,NA,NA,NA,NA
S4_123186231,4,123186231,NA,NA,NA,NA
S7_121544904,7,121544904,NA,NA,NA,NA
S8_151339253,8,151339253,NA,NA,NA,NA
S10_110537500,10,110537500,NA,NA,NA,NA
S3_147938806,3,147938806,NA,NA,NA,NA
S9_49019291,9,49019291,NA,NA,NA,NA
S1_219371053,1,219371053,NA,NA,NA,NA
S10_144854539,10,144854539,NA,NA,NA,NA
S2_189190430,2,189190430,NA,NA,NA,NA
S4_238435131,4,238435131,NA,NA,NA,NA
S3_135758150,3,135758150,NA,NA,NA,NA
S3_10276926,3,10276926,NA,NA,NA,NA
S4_159725979,4,159725979,NA,NA,NA,NA
S8_90189483,8,90189483,NA,NA,NA,NA
S8_90189484,8,90189484,NA,NA,NA,NA
S5_91356835,5,91356835,NA,NA,NA,NA
S1_273896194,1,273896194,NA,NA,NA,NA
S5_211039246,5,211039246,NA,NA,NA,NA
S10_110298193,10,110298193,NA,NA,NA,NA
S1_169984914,1,169984914,NA,NA,NA,NA
S8_142477601,8,142477601,NA,NA,NA,NA
S2_170772601,2,170772601,NA,NA,NA,NA
S4_146136165,4,146136165,NA,NA,NA,NA
S1_195331633,1,195331633,NA,NA,NA,NA
S7_155252868,7,155252868,NA,NA,NA,NA
S5_3334486,5,3334486,NA,NA,NA,NA
S5_3334488,5,3334488,NA,NA,NA,NA
S6_162013651,6,162013651,NA,NA,NA,NA
S10_143059021,10,143059021,NA,NA,NA,NA
S7_1956185,7,1956185,NA,NA,NA,NA
S10_125214406,10,125214406,NA,NA,NA,NA
S8_173805839,8,173805839,NA,NA,NA,NA
S10_135683489,10,135683489,NA,NA,NA,NA
S10_135683493,10,135683493,NA,NA,NA,NA
S3_229867327,3,229867327,NA,NA,NA,NA
S4_44509229,4,44509229,NA,NA,NA,NA
S7_2156874,7,2156874,NA,NA,NA,NA
S1_273445693,1,273445693,NA,NA,NA,NA
S6_8142397,6,8142397,NA,NA,NA,NA
S6_165624956,6,165624956,NA,NA,NA,NA
S6_165624995,6,165624995,NA,NA,NA,NA
S1_206424526,1,206424526,NA,NA,NA,NA
S5_76936162,5,76936162,NA,NA,NA,NA
S2_208611667,2,208611667,NA,NA,NA,NA
S1_210096662,1,210096662,NA,NA,NA,NA
S4_234419718,4,234419718,NA,NA,NA,NA
S3_142250190,3,142250190,NA,NA,NA,NA
S3_4146997,3,4146997,NA,NA,NA,NA
S9_121601370,9,121601370,NA,NA,NA,NA
S2_4990120,2,4990120,NA,NA,NA,NA
S1_28926241,1,28926241,NA,NA,NA,NA
S1_47906350,1,47906350,NA,NA,NA,NA
S8_2079423,8,2079423,NA,NA,NA,NA
S1_172120849,1,172120849,NA,NA,NA,NA
S7_41490642,7,41490642,NA,NA,NA,NA
S6_156825497,6,156825497,NA,NA,NA,NA
S7_167635008,7,167635008,NA,NA,NA,NA
S7_167635010,7,167635010,NA,NA,NA,NA
S4_182046436,4,182046436,NA,NA,NA,NA
S3_210265794,3,210265794,NA,NA,NA,NA
S10_3062057,10,3062057,NA,NA,NA,NA
S9_135609173,9,135609173,NA,NA,NA,NA
S3_205392095,3,205392095,NA,NA,NA,NA
S3_118065576,3,118065576,NA,NA,NA,NA
S1_76455884,1,76455884,NA,NA,NA,NA
S1_273696775,1,273696775,NA,NA,NA,NA
S6_63563347,6,63563347,NA,NA,NA,NA
S1_276325745,1,276325745,NA,NA,NA,NA
S6_65491181,6,65491181,NA,NA,NA,NA
S4_25467455,4,25467455,NA,NA,NA,NA
S5_159164443,5,159164443,NA,NA,NA,NA
S3_48102017,3,48102017,NA,NA,NA,NA
S8_150012814,8,150012814,NA,NA,NA,NA
S3_83972005,3,83972005,NA,NA,NA,NA
S1_39215854,1,39215854,NA,NA,NA,NA
S2_198321822,2,198321822,NA,NA,NA,NA
S9_124149950,9,124149950,NA,NA,NA,NA
S2_165670881,2,165670881,NA,NA,NA,NA
S4_201109704,4,201109704,NA,NA,NA,NA
S5_39957058,5,39957058,NA,NA,NA,NA
S6_2720585,6,2720585,NA,NA,NA,NA
S7_16098493,7,16098493,NA,NA,NA,NA
S7_16098503,7,16098503,NA,NA,NA,NA
S1_228557441,1,228557441,NA,NA,NA,NA
S1_228557450,1,228557450,NA,NA,NA,NA
S5_23573849,5,23573849,NA,NA,NA,NA
S6_95327087,6,95327087,NA,NA,NA,NA
S4_35551946,4,35551946,NA,NA,NA,NA
S3_1545450,3,1545450,NA,NA,NA,NA
S6_88731794,6,88731794,NA,NA,NA,NA
S3_197405578,3,197405578,NA,NA,NA,NA
S3_202768351,3,202768351,NA,NA,NA,NA
S8_142854574,8,142854574,NA,NA,NA,NA
S9_11929632,9,11929632,NA,NA,NA,NA
S1_280685497,1,280685497,NA,NA,NA,NA
S10_17831960,10,17831960,NA,NA,NA,NA
S1_60264866,1,60264866,NA,NA,NA,NA
S1_60264876,1,60264876,NA,NA,NA,NA
S5_207660287,5,207660287,NA,NA,NA,NA
S6_143996179,6,143996179,NA,NA,NA,NA
S1_230887153,1,230887153,NA,NA,NA,NA
S9_132045323,9,132045323,NA,NA,NA,NA
S6_36091136,6,36091136,NA,NA,NA,NA
S7_303611,7,303611,NA,NA,NA,NA
S4_5822658,4,5822658,NA,NA,NA,NA
S6_159381559,6,159381559,NA,NA,NA,NA
S6_67259852,6,67259852,NA,NA,NA,NA
S5_29707811,5,29707811,NA,NA,NA,NA
S4_14724798,4,14724798,NA,NA,NA,NA
S1_197793482,1,197793482,NA,NA,NA,NA
S3_11894786,3,11894786,NA,NA,NA,NA
S10_2228460,10,2228460,NA,NA,NA,NA
S9_104885901,9,104885901,NA,NA,NA,NA
S7_2629538,7,2629538,NA,NA,NA,NA
S2_33465267,2,33465267,NA,NA,NA,NA
S2_33465268,2,33465268,NA,NA,NA,NA
S10_102366648,10,102366648,NA,NA,NA,NA
S2_10232,2,10232,NA,NA,NA,NA
S2_144983271,2,144983271,NA,NA,NA,NA
S1_280344387,1,280344387,NA,NA,NA,NA
S5_5106688,5,5106688,NA,NA,NA,NA
S4_164263827,4,164263827,NA,NA,NA,NA
S4_26496698,4,26496698,NA,NA,NA,NA
S5_89320172,5,89320172,NA,NA,NA,NA
S2_158674609,2,158674609,NA,NA,NA,NA
S10_128415373,10,128415373,NA,NA,NA,NA
S5_206846561,5,206846561,NA,NA,NA,NA
S10_132533086,10,132533086,NA,NA,NA,NA
S10_12084489,10,12084489,NA,NA,NA,NA
S9_147546419,9,147546419,NA,NA,NA,NA
S2_183296493,2,183296493,NA,NA,NA,NA
S4_39558254,4,39558254,NA,NA,NA,NA
S2_10371846,2,10371846,NA,NA,NA,NA
S8_72750921,8,72750921,NA,NA,NA,NA
S10_147141132,10,147141132,NA,NA,NA,NA
S10_64263603,10,64263603,NA,NA,NA,NA
S10_64263605,10,64263605,NA,NA,NA,NA
S1_299199071,1,299199071,NA,NA,NA,NA
S1_293942445,1,293942445,NA,NA,NA,NA
S5_199979544,5,199979544,NA,NA,NA,NA
S5_199979545,5,199979545,NA,NA,NA,NA
S8_92936704,8,92936704,NA,NA,NA,NA
S4_236948941,4,236948941,NA,NA,NA,NA
S9_113013617,9,113013617,NA,NA,NA,NA
S10_140851309,10,140851309,NA,NA,NA,NA
S1_35136637,1,35136637,NA,NA,NA,NA
S9_137291822,9,137291822,NA,NA,NA,NA
S8_173713608,8,173713608,NA,NA,NA,NA
S1_2467326,1,2467326,NA,NA,NA,NA
S6_164775831,6,164775831,NA,NA,NA,NA
S5_168889291,5,168889291,NA,NA,NA,NA
S5_167784581,5,167784581,NA,NA,NA,NA
S6_3677793,6,3677793,NA,NA,NA,NA
S2_209114446,2,209114446,NA,NA,NA,NA
S6_159118289,6,159118289,NA,NA,NA,NA
S3_226809109,3,226809109,NA,NA,NA,NA
S6_123156654,6,123156654,NA,NA,NA,NA
S1_173423662,1,173423662,NA,NA,NA,NA
S6_56115016,6,56115016,NA,NA,NA,NA
S3_15864036,3,15864036,NA,NA,NA,NA
S9_12802177,9,12802177,NA,NA,NA,NA
S7_161434976,7,161434976,NA,NA,NA,NA
S5_214075258,5,214075258,NA,NA,NA,NA
S2_108143543,2,108143543,NA,NA,NA,NA
S7_1955425,7,1955425,NA,NA,NA,NA
S2_57066330,2,57066330,NA,NA,NA,NA
S2_233738124,2,233738124,NA,NA,NA,NA
S6_165962702,6,165962702,NA,NA,NA,NA
S6_165962714,6,165962714,NA,NA,NA,NA
S5_7720050,5,7720050,NA,NA,NA,NA
S2_215041990,2,215041990,NA,NA,NA,NA
S9_122956597,9,122956597,NA,NA,NA,NA
S1_117703049,1,117703049,NA,NA,NA,NA
S3_191993011,3,191993011,NA,NA,NA,NA
S4_239703196,4,239703196,NA,NA,NA,NA
S3_129301334,3,129301334,NA,NA,NA,NA
S6_36091157,6,36091157,NA,NA,NA,NA
S3_85659679,3,85659679,NA,NA,NA,NA
S4_171131835,4,171131835,NA,NA,NA,NA
S7_147588526,7,147588526,NA,NA,NA,NA
S3_161559292,3,161559292,NA,NA,NA,NA
S1_283237844,1,283237844,NA,NA,NA,NA
S1_5045866,1,5045866,NA,NA,NA,NA
S1_5045867,1,5045867,NA,NA,NA,NA
S1_5045868,1,5045868,NA,NA,NA,NA
S8_165238961,8,165238961,NA,NA,NA,NA
S7_150977309,7,150977309,NA,NA,NA,NA
S9_126019135,9,126019135,NA,NA,NA,NA
S2_171820221,2,171820221,NA,NA,NA,NA
S5_143973182,5,143973182,NA,NA,NA,NA
S2_146051533,2,146051533,NA,NA,NA,NA
S7_2585212,7,2585212,NA,NA,NA,NA
S2_22998338,2,22998338,NA,NA,NA,NA
S6_702512,6,702512,NA,NA,NA,NA
S8_163716612,8,163716612,NA,NA,NA,NA
S5_35710446,5,35710446,NA,NA,NA,NA
S5_35710461,5,35710461,NA,NA,NA,NA
S7_162673722,7,162673722,NA,NA,NA,NA
S6_158266825,6,158266825,NA,NA,NA,NA
S7_165295722,7,165295722,NA,NA,NA,NA
S8_169692986,8,169692986,NA,NA,NA,NA
S1_28765320,1,28765320,NA,NA,NA,NA
S3_50604680,3,50604680,NA,NA,NA,NA
S2_184968170,2,184968170,NA,NA,NA,NA
S1_237092092,1,237092092,NA,NA,NA,NA
S5_196035685,5,196035685,NA,NA,NA,NA
S10_148513642,10,148513642,NA,NA,NA,NA
S8_162466499,8,162466499,NA,NA,NA,NA
S1_36213804,1,36213804,NA,NA,NA,NA
S3_171151322,3,171151322,NA,NA,NA,NA
S8_10365062,8,10365062,NA,NA,NA,NA
S8_655022,8,655022,NA,NA,NA,NA
S7_17180908,7,17180908,NA,NA,NA,NA
S8_18447013,8,18447013,NA,NA,NA,NA
S9_98920861,9,98920861,NA,NA,NA,NA
S5_140936581,5,140936581,NA,NA,NA,NA
S7_31304260,7,31304260,NA,NA,NA,NA
S1_206305285,1,206305285,NA,NA,NA,NA
S3_37772053,3,37772053,NA,NA,NA,NA
S5_167586902,5,167586902,NA,NA,NA,NA
S5_167586903,5,167586903,NA,NA,NA,NA
S3_178409724,3,178409724,NA,NA,NA,NA
S8_161710875,8,161710875,NA,NA,NA,NA
S5_212647422,5,212647422,NA,NA,NA,NA
S5_21874975,5,21874975,NA,NA,NA,NA
S1_268431295,1,268431295,NA,NA,NA,NA
S5_2322647,5,2322647,NA,NA,NA,NA
S2_187785902,2,187785902,NA,NA,NA,NA
S9_136829967,9,136829967,NA,NA,NA,NA
S5_210514412,5,210514412,NA,NA,NA,NA
S4_183942034,4,183942034,NA,NA,NA,NA
S1_277844369,1,277844369,NA,NA,NA,NA
S3_147292528,3,147292528,NA,NA,NA,NA
S5_201470428,5,201470428,NA,NA,NA,NA
S5_85074915,5,85074915,NA,NA,NA,NA
S5_85074918,5,85074918,NA,NA,NA,NA
S10_76947959,10,76947959,NA,NA,NA,NA
S5_7603640,5,7603640,NA,NA,NA,NA
S9_138880834,9,138880834,NA,NA,NA,NA
S5_31422186,5,31422186,NA,NA,NA,NA
S4_227889791,4,227889791,NA,NA,NA,NA
S1_214116335,1,214116335,NA,NA,NA,NA
S8_169263999,8,169263999,NA,NA,NA,NA
S10_142966070,10,142966070,NA,NA,NA,NA
S7_165246742,7,165246742,NA,NA,NA,NA
S1_203717582,1,203717582,NA,NA,NA,NA
S4_205979826,4,205979826,NA,NA,NA,NA
S1_189351785,1,189351785,NA,NA,NA,NA
S5_1531780,5,1531780,NA,NA,NA,NA
S2_2479466,2,2479466,NA,NA,NA,NA
S1_12256413,1,12256413,NA,NA,NA,NA
S3_9456585,3,9456585,NA,NA,NA,NA
S3_9456596,3,9456596,NA,NA,NA,NA
S3_56989927,3,56989927,NA,NA,NA,NA
S1_94880461,1,94880461,NA,NA,NA,NA
S3_176677912,3,176677912,NA,NA,NA,NA
S6_117823575,6,117823575,NA,NA,NA,NA
S3_158708294,3,158708294,NA,NA,NA,NA
S2_230888775,2,230888775,NA,NA,NA,NA
S8_78407071,8,78407071,NA,NA,NA,NA
S7_139369454,7,139369454,NA,NA,NA,NA
S10_116372737,10,116372737,NA,NA,NA,NA
S10_24784596,10,24784596,NA,NA,NA,NA
S5_37078892,5,37078892,NA,NA,NA,NA
S5_37078902,5,37078902,NA,NA,NA,NA
S1_260144080,1,260144080,NA,NA,NA,NA
S3_217898684,3,217898684,NA,NA,NA,NA
S1_65484516,1,65484516,NA,NA,NA,NA
S5_208560617,5,208560617,NA,NA,NA,NA
S2_48113201,2,48113201,NA,NA,NA,NA
S7_104175491,7,104175491,NA,NA,NA,NA
S1_43506472,1,43506472,NA,NA,NA,NA
S1_170825301,1,170825301,NA,NA,NA,NA
S9_137492233,9,137492233,NA,NA,NA,NA
S7_166565066,7,166565066,NA,NA,NA,NA
S6_128735763,6,128735763,NA,NA,NA,NA
S2_197582529,2,197582529,NA,NA,NA,NA
S1_4766734,1,4766734,NA,NA,NA,NA
S5_23268761,5,23268761,NA,NA,NA,NA
S5_195419374,5,195419374,NA,NA,NA,NA
S9_100304575,9,100304575,NA,NA,NA,NA
S2_26935927,2,26935927,NA,NA,NA,NA
S4_168546729,4,168546729,NA,NA,NA,NA
S9_89811797,9,89811797,NA,NA,NA,NA
S5_176991416,5,176991416,NA,NA,NA,NA
S7_91720460,7,91720460,NA,NA,NA,NA
S9_101099593,9,101099593,NA,NA,NA,NA
S9_153509589,9,153509589,NA,NA,NA,NA
S7_167628376,7,167628376,NA,NA,NA,NA
S1_253911776,1,253911776,NA,NA,NA,NA
S1_47370675,1,47370675,NA,NA,NA,NA
S9_131877991,9,131877991,NA,NA,NA,NA
S5_80192180,5,80192180,NA,NA,NA,NA
S2_185691061,2,185691061,NA,NA,NA,NA
S2_30548312,2,30548312,NA,NA,NA,NA
S2_30548340,2,30548340,NA,NA,NA,NA
S1_162266816,1,162266816,NA,NA,NA,NA
S5_159800445,5,159800445,NA,NA,NA,NA
S6_38271750,6,38271750,NA,NA,NA,NA
S1_288731583,1,288731583,NA,NA,NA,NA
S2_14618196,2,14618196,NA,NA,NA,NA
S2_12113972,2,12113972,NA,NA,NA,NA
S10_81535623,10,81535623,NA,NA,NA,NA
S9_26832288,9,26832288,NA,NA,NA,NA
S1_155190473,1,155190473,NA,NA,NA,NA
S1_155190475,1,155190475,NA,NA,NA,NA
S9_153609407,9,153609407,NA,NA,NA,NA
S7_170033711,7,170033711,NA,NA,NA,NA
S2_33178305,2,33178305,NA,NA,NA,NA
S10_140496525,10,140496525,NA,NA,NA,NA
S8_14095326,8,14095326,NA,NA,NA,NA
S5_14854208,5,14854208,NA,NA,NA,NA
S10_127594823,10,127594823,NA,NA,NA,NA
S5_19886830,5,19886830,NA,NA,NA,NA
S5_189772004,5,189772004,NA,NA,NA,NA
S1_283237841,1,283237841,NA,NA,NA,NA
S3_223539156,3,223539156,NA,NA,NA,NA
S1_21703135,1,21703135,NA,NA,NA,NA
S1_237583872,1,237583872,NA,NA,NA,NA
S3_199745947,3,199745947,NA,NA,NA,NA
S6_3428643,6,3428643,NA,NA,NA,NA
S3_14409997,3,14409997,NA,NA,NA,NA
S10_145473515,10,145473515,NA,NA,NA,NA
S2_6597019,2,6597019,NA,NA,NA,NA
S5_190732925,5,190732925,NA,NA,NA,NA
S7_25910070,7,25910070,NA,NA,NA,NA
S8_170822074,8,170822074,NA,NA,NA,NA
S1_191199869,1,191199869,NA,NA,NA,NA
S2_166491783,2,166491783,NA,NA,NA,NA
S5_160457629,5,160457629,NA,NA,NA,NA
S1_251079344,1,251079344,NA,NA,NA,NA
S7_133871173,7,133871173,NA,NA,NA,NA
S5_62603854,5,62603854,NA,NA,NA,NA
S4_170792770,4,170792770,NA,NA,NA,NA
S8_40835648,8,40835648,NA,NA,NA,NA
S1_292528293,1,292528293,NA,NA,NA,NA
S8_166974877,8,166974877,NA,NA,NA,NA
S10_114114128,10,114114128,NA,NA,NA,NA
S9_147612127,9,147612127,NA,NA,NA,NA
S3_4718875,3,4718875,NA,NA,NA,NA
S3_4718884,3,4718884,NA,NA,NA,NA
S1_166318988,1,166318988,NA,NA,NA,NA
S8_11535407,8,11535407,NA,NA,NA,NA
S2_17997157,2,17997157,NA,NA,NA,NA
S6_3234590,6,3234590,NA,NA,NA,NA
S7_169202559,7,169202559,NA,NA,NA,NA
S7_17180559,7,17180559,NA,NA,NA,NA
S7_170244218,7,170244218,NA,NA,NA,NA
S5_1572276,5,1572276,NA,NA,NA,NA
S1_46581177,1,46581177,NA,NA,NA,NA
S1_46581180,1,46581180,NA,NA,NA,NA
S1_2753170,1,2753170,NA,NA,NA,NA
S3_199334884,3,199334884,NA,NA,NA,NA
S4_201545225,4,201545225,NA,NA,NA,NA
S8_155590962,8,155590962,NA,NA,NA,NA
S6_132084216,6,132084216,NA,NA,NA,NA
S1_235974965,1,235974965,NA,NA,NA,NA
S1_51322795,1,51322795,NA,NA,NA,NA
S8_157452889,8,157452889,NA,NA,NA,NA
S1_2693971,1,2693971,NA,NA,NA,NA
S1_90819906,1,90819906,NA,NA,NA,NA
S7_173041120,7,173041120,NA,NA,NA,NA
S7_141902384,7,141902384,NA,NA,NA,NA
S8_138225383,8,138225383,NA,NA,NA,NA
S6_36622484,6,36622484,NA,NA,NA,NA
S1_19973080,1,19973080,NA,NA,NA,NA
S1_19973086,1,19973086,NA,NA,NA,NA
S3_170124468,3,170124468,NA,NA,NA,NA
S6_63537228,6,63537228,NA,NA,NA,NA
S10_148236899,10,148236899,NA,NA,NA,NA
S2_179808563,2,179808563,NA,NA,NA,NA
S9_153963435,9,153963435,NA,NA,NA,NA
S7_171631609,7,171631609,NA,NA,NA,NA
S7_159231792,7,159231792,NA,NA,NA,NA
S7_147159686,7,147159686,NA,NA,NA,NA
S9_142664278,9,142664278,NA,NA,NA,NA
S1_282745180,1,282745180,NA,NA,NA,NA
S8_111195589,8,111195589,NA,NA,NA,NA
S6_58428179,6,58428179,NA,NA,NA,NA
S8_149259858,8,149259858,NA,NA,NA,NA
S8_130926201,8,130926201,NA,NA,NA,NA
S7_136180284,7,136180284,NA,NA,NA,NA
S7_136180293,7,136180293,NA,NA,NA,NA
S4_170464450,4,170464450,NA,NA,NA,NA
S2_3387857,2,3387857,NA,NA,NA,NA
S10_115945627,10,115945627,NA,NA,NA,NA
S4_208811775,4,208811775,NA,NA,NA,NA
S3_148219993,3,148219993,NA,NA,NA,NA
S9_88649541,9,88649541,NA,NA,NA,NA
S9_96718508,9,96718508,NA,NA,NA,NA
S7_3904405,7,3904405,NA,NA,NA,NA
S2_23837780,2,23837780,NA,NA,NA,NA
S5_203614786,5,203614786,NA,NA,NA,NA
S9_7000374,9,7000374,NA,NA,NA,NA
S1_228396199,1,228396199,NA,NA,NA,NA
S2_7951052,2,7951052,NA,NA,NA,NA
S6_53752905,6,53752905,NA,NA,NA,NA
S6_53752918,6,53752918,NA,NA,NA,NA
S8_141213353,8,141213353,NA,NA,NA,NA
S6_165945828,6,165945828,NA,NA,NA,NA
S2_184512906,2,184512906,NA,NA,NA,NA
S2_184512910,2,184512910,NA,NA,NA,NA
S4_233339628,4,233339628,NA,NA,NA,NA
S4_43590743,4,43590743,NA,NA,NA,NA
S9_149245691,9,149245691,NA,NA,NA,NA
S7_147582156,7,147582156,NA,NA,NA,NA
S1_43678580,1,43678580,NA,NA,NA,NA
S6_72860129,6,72860129,NA,NA,NA,NA
S5_4309044,5,4309044,NA,NA,NA,NA
S9_137493979,9,137493979,NA,NA,NA,NA
S1_296768104,1,296768104,NA,NA,NA,NA
S5_74289024,5,74289024,NA,NA,NA,NA
S2_67542516,2,67542516,NA,NA,NA,NA
S6_168436419,6,168436419,NA,NA,NA,NA
S2_166346745,2,166346745,NA,NA,NA,NA
S1_108013939,1,108013939,NA,NA,NA,NA
S5_204753883,5,204753883,NA,NA,NA,NA
S1_283603947,1,283603947,NA,NA,NA,NA
S7_143208329,7,143208329,NA,NA,NA,NA
S7_173250994,7,173250994,NA,NA,NA,NA
S7_173251016,7,173251016,NA,NA,NA,NA
S4_183941889,4,183941889,NA,NA,NA,NA
S9_153509625,9,153509625,NA,NA,NA,NA
S1_280493018,1,280493018,NA,NA,NA,NA
S3_217939362,3,217939362,NA,NA,NA,NA
S8_146483181,8,146483181,NA,NA,NA,NA
S8_172950942,8,172950942,NA,NA,NA,NA
S1_10096183,1,10096183,NA,NA,NA,NA
S3_157053715,3,157053715,NA,NA,NA,NA
S5_20921903,5,20921903,NA,NA,NA,NA
S5_178949850,5,178949850,NA,NA,NA,NA
S7_175566913,7,175566913,NA,NA,NA,NA
S1_16372398,1,16372398,NA,NA,NA,NA
S9_36850079,9,36850079,NA,NA,NA,NA
S5_8493448,5,8493448,NA,NA,NA,NA
S2_190425113,2,190425113,NA,NA,NA,NA
S7_130318548,7,130318548,NA,NA,NA,NA
S9_109307005,9,109307005,NA,NA,NA,NA
S9_127467178,9,127467178,NA,NA,NA,NA
S2_16917939,2,16917939,NA,NA,NA,NA
S1_280977304,1,280977304,NA,NA,NA,NA
S3_11447286,3,11447286,NA,NA,NA,NA
S7_70839931,7,70839931,NA,NA,NA,NA
S1_191199656,1,191199656,NA,NA,NA,NA
S10_76877285,10,76877285,NA,NA,NA,NA
S4_15041186,4,15041186,NA,NA,NA,NA
S6_97108674,6,97108674,NA,NA,NA,NA
S10_130080575,10,130080575,NA,NA,NA,NA
S1_250888325,1,250888325,NA,NA,NA,NA
S7_12219716,7,12219716,NA,NA,NA,NA
S2_14219828,2,14219828,NA,NA,NA,NA
S2_14219838,2,14219838,NA,NA,NA,NA
S2_14219842,2,14219842,NA,NA,NA,NA
S4_21730660,4,21730660,NA,NA,NA,NA
S6_137397605,6,137397605,NA,NA,NA,NA
S3_157577123,3,157577123,NA,NA,NA,NA
S8_93112093,8,93112093,NA,NA,NA,NA
S7_7462912,7,7462912,NA,NA,NA,NA
S7_129264690,7,129264690,NA,NA,NA,NA
S2_29333780,2,29333780,NA,NA,NA,NA
S1_206430079,1,206430079,NA,NA,NA,NA
S10_137286252,10,137286252,NA,NA,NA,NA
S5_191899957,5,191899957,NA,NA,NA,NA
S9_155277419,9,155277419,NA,NA,NA,NA
S2_12018836,2,12018836,NA,NA,NA,NA
S2_181683122,2,181683122,NA,NA,NA,NA
S6_159118029,6,159118029,NA,NA,NA,NA
S10_141509642,10,141509642,NA,NA,NA,NA
S8_166926518,8,166926518,NA,NA,NA,NA
S1_217451530,1,217451530,NA,NA,NA,NA
S9_102347470,9,102347470,NA,NA,NA,NA
S1_285972618,1,285972618,NA,NA,NA,NA
S3_155735852,3,155735852,NA,NA,NA,NA
S1_12150773,1,12150773,NA,NA,NA,NA
S2_205904749,2,205904749,NA,NA,NA,NA
S4_157112011,4,157112011,NA,NA,NA,NA
S1_295437018,1,295437018,NA,NA,NA,NA
S6_161730207,6,161730207,NA,NA,NA,NA
S7_121544983,7,121544983,NA,NA,NA,NA
S3_224664092,3,224664092,NA,NA,NA,NA
S9_146872993,9,146872993,NA,NA,NA,NA
S1_216300189,1,216300189,NA,NA,NA,NA
S6_150376037,6,150376037,NA,NA,NA,NA
S3_196150610,3,196150610,NA,NA,NA,NA
S3_206943438,3,206943438,NA,NA,NA,NA
S7_168995198,7,168995198,NA,NA,NA,NA
S9_120250099,9,120250099,NA,NA,NA,NA
S5_211769357,5,211769357,NA,NA,NA,NA
S1_12521523,1,12521523,NA,NA,NA,NA
S1_12521527,1,12521527,NA,NA,NA,NA
S1_167896676,1,167896676,NA,NA,NA,NA
S6_159377641,6,159377641,NA,NA,NA,NA
S4_38296703,4,38296703,NA,NA,NA,NA
S3_19755253,3,19755253,NA,NA,NA,NA
S5_37256245,5,37256245,NA,NA,NA,NA
S5_37256247,5,37256247,NA,NA,NA,NA
S4_22984139,4,22984139,NA,NA,NA,NA
S6_128062289,6,128062289,NA,NA,NA,NA
S10_145943621,10,145943621,NA,NA,NA,NA
S3_19083509,3,19083509,NA,NA,NA,NA
S1_158691753,1,158691753,NA,NA,NA,NA
S5_8261531,5,8261531,NA,NA,NA,NA
S8_8617166,8,8617166,NA,NA,NA,NA
S8_8617167,8,8617167,NA,NA,NA,NA
S5_3429369,5,3429369,NA,NA,NA,NA
S3_10521415,3,10521415,NA,NA,NA,NA
S6_83540734,6,83540734,NA,NA,NA,NA
S2_27828749,2,27828749,NA,NA,NA,NA
S2_14323916,2,14323916,NA,NA,NA,NA
S2_14545411,2,14545411,NA,NA,NA,NA
S5_189907446,5,189907446,NA,NA,NA,NA
S3_3912927,3,3912927,NA,NA,NA,NA
S3_133314435,3,133314435,NA,NA,NA,NA
S1_25415160,1,25415160,NA,NA,NA,NA
S1_25415183,1,25415183,NA,NA,NA,NA
S2_194356271,2,194356271,NA,NA,NA,NA
S8_101177090,8,101177090,NA,NA,NA,NA
S1_199502634,1,199502634,NA,NA,NA,NA
S6_35179052,6,35179052,NA,NA,NA,NA
S7_13661828,7,13661828,NA,NA,NA,NA
S8_170768671,8,170768671,NA,NA,NA,NA
S9_99848458,9,99848458,NA,NA,NA,NA
S7_156744554,7,156744554,NA,NA,NA,NA
S10_119954741,10,119954741,NA,NA,NA,NA
S4_18587500,4,18587500,NA,NA,NA,NA
S4_18587528,4,18587528,NA,NA,NA,NA
S4_233210730,4,233210730,NA,NA,NA,NA
S8_14076200,8,14076200,NA,NA,NA,NA
S6_150368445,6,150368445,NA,NA,NA,NA
S5_172813077,5,172813077,NA,NA,NA,NA
S6_164366885,6,164366885,NA,NA,NA,NA
S3_196208773,3,196208773,NA,NA,NA,NA
S5_207660255,5,207660255,NA,NA,NA,NA
S5_207660309,5,207660309,NA,NA,NA,NA
S4_86400405,4,86400405,NA,NA,NA,NA
S10_148107980,10,148107980,NA,NA,NA,NA
S6_168097033,6,168097033,NA,NA,NA,NA
S6_42732606,6,42732606,NA,NA,NA,NA
S6_42732645,6,42732645,NA,NA,NA,NA
S4_26426009,4,26426009,NA,NA,NA,NA
S4_26426038,4,26426038,NA,NA,NA,NA
S1_209124558,1,209124558,NA,NA,NA,NA
S2_199653590,2,199653590,NA,NA,NA,NA
S9_87065507,9,87065507,NA,NA,NA,NA
S1_202304601,1,202304601,NA,NA,NA,NA
S8_149259797,8,149259797,NA,NA,NA,NA
S5_22094714,5,22094714,NA,NA,NA,NA
S2_29926609,2,29926609,NA,NA,NA,NA
S4_3261037,4,3261037,NA,NA,NA,NA
S10_138599051,10,138599051,NA,NA,NA,NA
S5_56424123,5,56424123,NA,NA,NA,NA
S2_146032706,2,146032706,NA,NA,NA,NA
S8_116532559,8,116532559,NA,NA,NA,NA
S5_202420028,5,202420028,NA,NA,NA,NA
S1_221943207,1,221943207,NA,NA,NA,NA
S2_26294073,2,26294073,NA,NA,NA,NA
S2_187679127,2,187679127,NA,NA,NA,NA
S4_191115205,4,191115205,NA,NA,NA,NA
S4_191115206,4,191115206,NA,NA,NA,NA
S3_196209925,3,196209925,NA,NA,NA,NA
S5_3429365,5,3429365,NA,NA,NA,NA
S4_46624832,4,46624832,NA,NA,NA,NA
S8_142477509,8,142477509,NA,NA,NA,NA
S10_99203455,10,99203455,NA,NA,NA,NA
S10_99203484,10,99203484,NA,NA,NA,NA
S9_11531623,9,11531623,NA,NA,NA,NA
S10_123814715,10,123814715,NA,NA,NA,NA
S10_123814738,10,123814738,NA,NA,NA,NA
S10_123814751,10,123814751,NA,NA,NA,NA
S9_154602429,9,154602429,NA,NA,NA,NA
S1_279187357,1,279187357,NA,NA,NA,NA
S9_133792761,9,133792761,NA,NA,NA,NA
S2_86247508,2,86247508,NA,NA,NA,NA
S2_86247516,2,86247516,NA,NA,NA,NA
S2_3099031,2,3099031,NA,NA,NA,NA
S6_150800750,6,150800750,NA,NA,NA,NA
S1_36801895,1,36801895,NA,NA,NA,NA
S3_225823699,3,225823699,NA,NA,NA,NA
S1_220505546,1,220505546,NA,NA,NA,NA
S2_44718829,2,44718829,NA,NA,NA,NA
S1_269126080,1,269126080,NA,NA,NA,NA
S2_189134991,2,189134991,NA,NA,NA,NA
S2_168982662,2,168982662,NA,NA,NA,NA
S2_144730253,2,144730253,NA,NA,NA,NA
S6_120136158,6,120136158,NA,NA,NA,NA
S1_14852237,1,14852237,NA,NA,NA,NA
S6_156825475,6,156825475,NA,NA,NA,NA
S10_142365048,10,142365048,NA,NA,NA,NA
S3_186071755,3,186071755,NA,NA,NA,NA
S5_208102044,5,208102044,NA,NA,NA,NA
S8_825303,8,825303,NA,NA,NA,NA
S4_151684509,4,151684509,NA,NA,NA,NA
S10_125195156,10,125195156,NA,NA,NA,NA
S2_1824359,2,1824359,NA,NA,NA,NA
S9_45195922,9,45195922,NA,NA,NA,NA
S9_45195927,9,45195927,NA,NA,NA,NA
S5_76383474,5,76383474,NA,NA,NA,NA
S5_210885566,5,210885566,NA,NA,NA,NA
S5_70622349,5,70622349,NA,NA,NA,NA
S10_71051044,10,71051044,NA,NA,NA,NA
S10_71051097,10,71051097,NA,NA,NA,NA
S1_36153317,1,36153317,NA,NA,NA,NA
S5_191370931,5,191370931,NA,NA,NA,NA
S1_48763996,1,48763996,NA,NA,NA,NA
S1_66675053,1,66675053,NA,NA,NA,NA
S6_7038194,6,7038194,NA,NA,NA,NA
S6_7038196,6,7038196,NA,NA,NA,NA
S4_171791628,4,171791628,NA,NA,NA,NA
S9_133792756,9,133792756,NA,NA,NA,NA
S9_133792767,9,133792767,NA,NA,NA,NA
S6_43101900,6,43101900,NA,NA,NA,NA
S6_43101906,6,43101906,NA,NA,NA,NA
S4_200964285,4,200964285,NA,NA,NA,NA
S3_4341229,3,4341229,NA,NA,NA,NA
S6_124198631,6,124198631,NA,NA,NA,NA
S8_156887687,8,156887687,NA,NA,NA,NA
S8_2511916,8,2511916,NA,NA,NA,NA
S8_38520591,8,38520591,NA,NA,NA,NA
S1_300282112,1,300282112,NA,NA,NA,NA
S9_10804168,9,10804168,NA,NA,NA,NA
S4_26656602,4,26656602,NA,NA,NA,NA
S6_77677206,6,77677206,NA,NA,NA,NA
S1_82391446,1,82391446,NA,NA,NA,NA
S2_37872781,2,37872781,NA,NA,NA,NA
S5_145863948,5,145863948,NA,NA,NA,NA
S4_240522958,4,240522958,NA,NA,NA,NA
S2_9548594,2,9548594,NA,NA,NA,NA
S2_9548612,2,9548612,NA,NA,NA,NA
S7_172779320,7,172779320,NA,NA,NA,NA
S2_215260887,2,215260887,NA,NA,NA,NA
S2_58491682,2,58491682,NA,NA,NA,NA
S2_1819811,2,1819811,NA,NA,NA,NA
S10_46801060,10,46801060,NA,NA,NA,NA
S10_10290867,10,10290867,NA,NA,NA,NA
S4_210329920,4,210329920,NA,NA,NA,NA
S3_32541477,3,32541477,NA,NA,NA,NA
S2_20563979,2,20563979,NA,NA,NA,NA
S1_246722353,1,246722353,NA,NA,NA,NA
S3_167009242,3,167009242,NA,NA,NA,NA
S9_58451075,9,58451075,NA,NA,NA,NA
S9_58451087,9,58451087,NA,NA,NA,NA
S9_58451089,9,58451089,NA,NA,NA,NA
S9_116752917,9,116752917,NA,NA,NA,NA
S9_90366825,9,90366825,NA,NA,NA,NA
S10_138027166,10,138027166,NA,NA,NA,NA
S2_22294143,2,22294143,NA,NA,NA,NA
S9_96197564,9,96197564,NA,NA,NA,NA
S2_148561880,2,148561880,NA,NA,NA,NA
S5_17891246,5,17891246,NA,NA,NA,NA
S1_194675178,1,194675178,NA,NA,NA,NA
S1_194675180,1,194675180,NA,NA,NA,NA
S1_272257128,1,272257128,NA,NA,NA,NA
S1_272257130,1,272257130,NA,NA,NA,NA
S8_13371454,8,13371454,NA,NA,NA,NA
S1_45507490,1,45507490,NA,NA,NA,NA
S6_65299800,6,65299800,NA,NA,NA,NA
S2_233803215,2,233803215,NA,NA,NA,NA
S2_233803224,2,233803224,NA,NA,NA,NA
S9_145064027,9,145064027,NA,NA,NA,NA
S5_62604433,5,62604433,NA,NA,NA,NA
S6_84672097,6,84672097,NA,NA,NA,NA
S6_98571908,6,98571908,NA,NA,NA,NA
S2_139435173,2,139435173,NA,NA,NA,NA
S4_202074503,4,202074503,NA,NA,NA,NA
S10_110298195,10,110298195,NA,NA,NA,NA
S3_15436650,3,15436650,NA,NA,NA,NA
S8_161481402,8,161481402,NA,NA,NA,NA
S4_152076796,4,152076796,NA,NA,NA,NA
S9_18881895,9,18881895,NA,NA,NA,NA
S4_160277655,4,160277655,NA,NA,NA,NA
S10_145698188,10,145698188,NA,NA,NA,NA
S1_166713546,1,166713546,NA,NA,NA,NA
S1_92870798,1,92870798,NA,NA,NA,NA
S6_24182470,6,24182470,NA,NA,NA,NA
S1_195776341,1,195776341,NA,NA,NA,NA
S1_285211781,1,285211781,NA,NA,NA,NA
S6_140913189,6,140913189,NA,NA,NA,NA
S5_4652074,5,4652074,NA,NA,NA,NA
S2_48178043,2,48178043,NA,NA,NA,NA
S7_164831358,7,164831358,NA,NA,NA,NA
S1_265481580,1,265481580,NA,NA,NA,NA
S2_51630563,2,51630563,NA,NA,NA,NA
S2_198394488,2,198394488,NA,NA,NA,NA
S2_145059505,2,145059505,NA,NA,NA,NA
S6_102548323,6,102548323,NA,NA,NA,NA
S6_97914964,6,97914964,NA,NA,NA,NA
S6_147061919,6,147061919,NA,NA,NA,NA
S10_10196472,10,10196472,NA,NA,NA,NA
S1_297977885,1,297977885,NA,NA,NA,NA
S6_34602875,6,34602875,NA,NA,NA,NA
S1_46841440,1,46841440,NA,NA,NA,NA
S5_189907444,5,189907444,NA,NA,NA,NA
S5_159118326,5,159118326,NA,NA,NA,NA
S8_95954759,8,95954759,NA,NA,NA,NA
S1_23235433,1,23235433,NA,NA,NA,NA
S5_10106415,5,10106415,NA,NA,NA,NA
S3_48102154,3,48102154,NA,NA,NA,NA
S1_155891484,1,155891484,NA,NA,NA,NA
S6_93784181,6,93784181,NA,NA,NA,NA
S6_150778247,6,150778247,NA,NA,NA,NA
S10_91956467,10,91956467,NA,NA,NA,NA
S8_174285182,8,174285182,NA,NA,NA,NA
S10_146335890,10,146335890,NA,NA,NA,NA
S1_300282160,1,300282160,NA,NA,NA,NA
S1_300282161,1,300282161,NA,NA,NA,NA
S7_39183449,7,39183449,NA,NA,NA,NA
S9_102401539,9,102401539,NA,NA,NA,NA
S6_153785241,6,153785241,NA,NA,NA,NA
S2_212800089,2,212800089,NA,NA,NA,NA
S1_36915569,1,36915569,NA,NA,NA,NA
S2_24737241,2,24737241,NA,NA,NA,NA
S1_35136654,1,35136654,NA,NA,NA,NA
S3_57990815,3,57990815,NA,NA,NA,NA
S8_118009997,8,118009997,NA,NA,NA,NA
S5_68515787,5,68515787,NA,NA,NA,NA
S2_5460714,2,5460714,NA,NA,NA,NA
S1_82916292,1,82916292,NA,NA,NA,NA
S3_133187288,3,133187288,NA,NA,NA,NA
S6_85797054,6,85797054,NA,NA,NA,NA
S6_150690836,6,150690836,NA,NA,NA,NA
S3_165725111,3,165725111,NA,NA,NA,NA
S1_12727328,1,12727328,NA,NA,NA,NA
S2_39429421,2,39429421,NA,NA,NA,NA
S2_8287281,2,8287281,NA,NA,NA,NA
S1_23111347,1,23111347,NA,NA,NA,NA
S1_234771978,1,234771978,NA,NA,NA,NA
S9_154578192,9,154578192,NA,NA,NA,NA
S1_170717264,1,170717264,NA,NA,NA,NA
S7_10560067,7,10560067,NA,NA,NA,NA
S3_38053734,3,38053734,NA,NA,NA,NA
S2_6850579,2,6850579,NA,NA,NA,NA
S2_6850604,2,6850604,NA,NA,NA,NA
S2_195664803,2,195664803,NA,NA,NA,NA
S1_164369145,1,164369145,NA,NA,NA,NA
S10_108117880,10,108117880,NA,NA,NA,NA
S5_192259195,5,192259195,NA,NA,NA,NA
S7_14618253,7,14618253,NA,NA,NA,NA
S9_147800992,9,147800992,NA,NA,NA,NA
S8_135051458,8,135051458,NA,NA,NA,NA
S2_233748975,2,233748975,NA,NA,NA,NA
S2_203936804,2,203936804,NA,NA,NA,NA
S10_7470545,10,7470545,NA,NA,NA,NA
S10_7470557,10,7470557,NA,NA,NA,NA
S7_38619570,7,38619570,NA,NA,NA,NA
S1_288732038,1,288732038,NA,NA,NA,NA
S1_288732065,1,288732065,NA,NA,NA,NA
S10_147902248,10,147902248,NA,NA,NA,NA
S3_32126032,3,32126032,NA,NA,NA,NA
S5_10493716,5,10493716,NA,NA,NA,NA
S3_193747913,3,193747913,NA,NA,NA,NA
S7_30879151,7,30879151,NA,NA,NA,NA
S4_182946612,4,182946612,NA,NA,NA,NA
S3_206943451,3,206943451,NA,NA,NA,NA
S4_193350532,4,193350532,NA,NA,NA,NA
S7_173807357,7,173807357,NA,NA,NA,NA
S10_2986800,10,2986800,NA,NA,NA,NA
S1_280826341,1,280826341,NA,NA,NA,NA
S4_231406754,4,231406754,NA,NA,NA,NA
S3_20307802,3,20307802,NA,NA,NA,NA
S8_157725572,8,157725572,NA,NA,NA,NA
S5_46946878,5,46946878,NA,NA,NA,NA
S3_129970424,3,129970424,NA,NA,NA,NA
S3_129970434,3,129970434,NA,NA,NA,NA
S5_150625996,5,150625996,NA,NA,NA,NA
S9_26611400,9,26611400,NA,NA,NA,NA
S3_129298740,3,129298740,NA,NA,NA,NA
S2_185019446,2,185019446,NA,NA,NA,NA
S5_173389832,5,173389832,NA,NA,NA,NA
S6_151037077,6,151037077,NA,NA,NA,NA
S2_10512006,2,10512006,NA,NA,NA,NA
S4_240226582,4,240226582,NA,NA,NA,NA
S9_19802138,9,19802138,NA,NA,NA,NA
S5_197945324,5,197945324,NA,NA,NA,NA
S9_104482657,9,104482657,NA,NA,NA,NA
S1_248736483,1,248736483,NA,NA,NA,NA
S1_219975899,1,219975899,NA,NA,NA,NA
S6_63435062,6,63435062,NA,NA,NA,NA
S6_136271304,6,136271304,NA,NA,NA,NA
S6_136271317,6,136271317,NA,NA,NA,NA
S6_136271318,6,136271318,NA,NA,NA,NA
S9_8131607,9,8131607,NA,NA,NA,NA
S4_123703171,4,123703171,NA,NA,NA,NA
S3_219063359,3,219063359,NA,NA,NA,NA
S5_189389741,5,189389741,NA,NA,NA,NA
S2_215011332,2,215011332,NA,NA,NA,NA
S2_31826804,2,31826804,NA,NA,NA,NA
S1_48660689,1,48660689,NA,NA,NA,NA
S1_48660690,1,48660690,NA,NA,NA,NA
S4_90439533,4,90439533,NA,NA,NA,NA
S8_102710538,8,102710538,NA,NA,NA,NA
S3_185269881,3,185269881,NA,NA,NA,NA
S3_185269895,3,185269895,NA,NA,NA,NA
S5_206604113,5,206604113,NA,NA,NA,NA
S8_152141414,8,152141414,NA,NA,NA,NA
S10_138773244,10,138773244,NA,NA,NA,NA
S9_8957152,9,8957152,NA,NA,NA,NA
S5_208919649,5,208919649,NA,NA,NA,NA
S6_87519561,6,87519561,NA,NA,NA,NA
S1_38879590,1,38879590,NA,NA,NA,NA
S5_18768554,5,18768554,NA,NA,NA,NA
S5_18768566,5,18768566,NA,NA,NA,NA
S5_536143,5,536143,NA,NA,NA,NA
S8_34580215,8,34580215,NA,NA,NA,NA
S5_53533967,5,53533967,NA,NA,NA,NA
S5_199786586,5,199786586,NA,NA,NA,NA
S3_208536755,3,208536755,NA,NA,NA,NA
S8_162832854,8,162832854,NA,NA,NA,NA
S1_277844260,1,277844260,NA,NA,NA,NA
S10_139839053,10,139839053,NA,NA,NA,NA
S5_48836309,5,48836309,NA,NA,NA,NA
S8_117553523,8,117553523,NA,NA,NA,NA
S8_117553544,8,117553544,NA,NA,NA,NA
S5_168885505,5,168885505,NA,NA,NA,NA
S1_15998666,1,15998666,NA,NA,NA,NA
S5_3639850,5,3639850,NA,NA,NA,NA
S2_189087788,2,189087788,NA,NA,NA,NA
S8_171597499,8,171597499,NA,NA,NA,NA
S7_160532597,7,160532597,NA,NA,NA,NA
S4_203097890,4,203097890,NA,NA,NA,NA
S5_79866819,5,79866819,NA,NA,NA,NA
S5_212543839,5,212543839,NA,NA,NA,NA
S4_74266927,4,74266927,NA,NA,NA,NA
S1_246201393,1,246201393,NA,NA,NA,NA
S3_38175325,3,38175325,NA,NA,NA,NA
S1_11946996,1,11946996,NA,NA,NA,NA
S9_47214192,9,47214192,NA,NA,NA,NA
S6_138501317,6,138501317,NA,NA,NA,NA
S6_166949396,6,166949396,NA,NA,NA,NA
S4_216940223,4,216940223,NA,NA,NA,NA
S8_149983863,8,149983863,NA,NA,NA,NA
S8_76748984,8,76748984,NA,NA,NA,NA
S2_3801779,2,3801779,NA,NA,NA,NA
S7_121673600,7,121673600,NA,NA,NA,NA
S9_140949743,9,140949743,NA,NA,NA,NA
S9_44974702,9,44974702,NA,NA,NA,NA
S8_68082910,8,68082910,NA,NA,NA,NA
S8_68082916,8,68082916,NA,NA,NA,NA
S8_68082917,8,68082917,NA,NA,NA,NA
S3_11631550,3,11631550,NA,NA,NA,NA
S7_139724817,7,139724817,NA,NA,NA,NA
S7_143020854,7,143020854,NA,NA,NA,NA
S7_143333271,7,143333271,NA,NA,NA,NA
S1_75454962,1,75454962,NA,NA,NA,NA
S7_170417463,7,170417463,NA,NA,NA,NA
S5_171051086,5,171051086,NA,NA,NA,NA
S8_21817264,8,21817264,NA,NA,NA,NA
S2_211168510,2,211168510,NA,NA,NA,NA
S7_131035167,7,131035167,NA,NA,NA,NA
S8_145141083,8,145141083,NA,NA,NA,NA
S4_37388117,4,37388117,NA,NA,NA,NA
S7_150041531,7,150041531,NA,NA,NA,NA
S5_190042268,5,190042268,NA,NA,NA,NA
S5_666170,5,666170,NA,NA,NA,NA
S7_6126433,7,6126433,NA,NA,NA,NA
S7_143873649,7,143873649,NA,NA,NA,NA
S2_192129867,2,192129867,NA,NA,NA,NA
S6_167034361,6,167034361,NA,NA,NA,NA
S2_11763463,2,11763463,NA,NA,NA,NA
S8_152767943,8,152767943,NA,NA,NA,NA
S10_9531902,10,9531902,NA,NA,NA,NA
S10_9531903,10,9531903,NA,NA,NA,NA
S10_9531922,10,9531922,NA,NA,NA,NA
S2_27736829,2,27736829,NA,NA,NA,NA
S6_55597382,6,55597382,NA,NA,NA,NA
S5_153378338,5,153378338,NA,NA,NA,NA
S9_136620655,9,136620655,NA,NA,NA,NA
S5_15650643,5,15650643,NA,NA,NA,NA
S1_273101305,1,273101305,NA,NA,NA,NA
S1_199963819,1,199963819,NA,NA,NA,NA
S1_102945871,1,102945871,NA,NA,NA,NA
S1_102945887,1,102945887,NA,NA,NA,NA
S6_150741982,6,150741982,NA,NA,NA,NA
S1_10977252,1,10977252,NA,NA,NA,NA
S4_196469475,4,196469475,NA,NA,NA,NA
S8_81245242,8,81245242,NA,NA,NA,NA
S2_44199865,2,44199865,NA,NA,NA,NA
S2_12299401,2,12299401,NA,NA,NA,NA
S10_98133795,10,98133795,NA,NA,NA,NA
S4_182296004,4,182296004,NA,NA,NA,NA
S5_208091867,5,208091867,NA,NA,NA,NA
S4_8676015,4,8676015,NA,NA,NA,NA
S8_157316232,8,157316232,NA,NA,NA,NA
S10_138091768,10,138091768,NA,NA,NA,NA
S10_146164243,10,146164243,NA,NA,NA,NA
S9_133792760,9,133792760,NA,NA,NA,NA
S6_150024333,6,150024333,NA,NA,NA,NA
S8_162800294,8,162800294,NA,NA,NA,NA
S9_154457245,9,154457245,NA,NA,NA,NA
S1_7389879,1,7389879,NA,NA,NA,NA
S4_156970512,4,156970512,NA,NA,NA,NA
S6_162746107,6,162746107,NA,NA,NA,NA
S6_162746108,6,162746108,NA,NA,NA,NA
S6_162746113,6,162746113,NA,NA,NA,NA
S5_206036446,5,206036446,NA,NA,NA,NA
S1_55504137,1,55504137,NA,NA,NA,NA
S6_91640928,6,91640928,NA,NA,NA,NA
S6_91640933,6,91640933,NA,NA,NA,NA
S6_91640937,6,91640937,NA,NA,NA,NA
S1_80167865,1,80167865,NA,NA,NA,NA
S7_100404274,7,100404274,NA,NA,NA,NA
S5_205941577,5,205941577,NA,NA,NA,NA
S1_212357086,1,212357086,NA,NA,NA,NA
S5_205942760,5,205942760,NA,NA,NA,NA
S3_19710734,3,19710734,NA,NA,NA,NA
S5_19188864,5,19188864,NA,NA,NA,NA
S3_31805493,3,31805493,NA,NA,NA,NA
S5_11904503,5,11904503,NA,NA,NA,NA
S3_56477054,3,56477054,NA,NA,NA,NA
S7_147165909,7,147165909,NA,NA,NA,NA
S1_195484808,1,195484808,NA,NA,NA,NA
S4_172685973,4,172685973,NA,NA,NA,NA
S6_159626131,6,159626131,NA,NA,NA,NA
S6_159626132,6,159626132,NA,NA,NA,NA
S1_194492817,1,194492817,NA,NA,NA,NA
S2_213083595,2,213083595,NA,NA,NA,NA
S5_216088697,5,216088697,NA,NA,NA,NA
S4_123186378,4,123186378,NA,NA,NA,NA
S5_205718973,5,205718973,NA,NA,NA,NA
S7_144659968,7,144659968,NA,NA,NA,NA
S7_144659996,7,144659996,NA,NA,NA,NA
S7_121604398,7,121604398,NA,NA,NA,NA
S1_32870933,1,32870933,NA,NA,NA,NA
S8_171745131,8,171745131,NA,NA,NA,NA
S3_135308960,3,135308960,NA,NA,NA,NA
S4_144499616,4,144499616,NA,NA,NA,NA
S7_156112082,7,156112082,NA,NA,NA,NA
S6_153262410,6,153262410,NA,NA,NA,NA
S2_236029208,2,236029208,NA,NA,NA,NA
S2_236029220,2,236029220,NA,NA,NA,NA
S2_1035863,2,1035863,NA,NA,NA,NA
S9_153520588,9,153520588,NA,NA,NA,NA
S5_132656041,5,132656041,NA,NA,NA,NA
S1_120848546,1,120848546,NA,NA,NA,NA
S8_158576158,8,158576158,NA,NA,NA,NA
S9_137763562,9,137763562,NA,NA,NA,NA
S9_137763572,9,137763572,NA,NA,NA,NA
S2_80358099,2,80358099,NA,NA,NA,NA
S7_127144774,7,127144774,NA,NA,NA,NA
S4_765873,4,765873,NA,NA,NA,NA
S2_81637913,2,81637913,NA,NA,NA,NA
S2_41483182,2,41483182,NA,NA,NA,NA
S3_27552295,3,27552295,NA,NA,NA,NA
S8_128751671,8,128751671,NA,NA,NA,NA
S1_278131948,1,278131948,NA,NA,NA,NA
S1_290296216,1,290296216,NA,NA,NA,NA
S8_164039685,8,164039685,NA,NA,NA,NA
S7_18230606,7,18230606,NA,NA,NA,NA
S3_55373947,3,55373947,NA,NA,NA,NA
S10_120793338,10,120793338,NA,NA,NA,NA
S10_120793350,10,120793350,NA,NA,NA,NA
S10_144137378,10,144137378,NA,NA,NA,NA
S1_8637212,1,8637212,NA,NA,NA,NA
S9_127854226,9,127854226,NA,NA,NA,NA
S2_1715822,2,1715822,NA,NA,NA,NA
S2_1715823,2,1715823,NA,NA,NA,NA
S6_109073088,6,109073088,NA,NA,NA,NA
S7_53022872,7,53022872,NA,NA,NA,NA
S1_21543150,1,21543150,NA,NA,NA,NA
S4_173930493,4,173930493,NA,NA,NA,NA
S1_7072547,1,7072547,NA,NA,NA,NA
S2_3975075,2,3975075,NA,NA,NA,NA
S5_58052231,5,58052231,NA,NA,NA,NA
S10_80616280,10,80616280,NA,NA,NA,NA
S2_216628904,2,216628904,NA,NA,NA,NA
S1_255253556,1,255253556,NA,NA,NA,NA
S2_54087311,2,54087311,NA,NA,NA,NA
S6_163854052,6,163854052,NA,NA,NA,NA
S1_35936860,1,35936860,NA,NA,NA,NA
S7_101842494,7,101842494,NA,NA,NA,NA
S5_203210150,5,203210150,NA,NA,NA,NA
S2_12352721,2,12352721,NA,NA,NA,NA
S4_1493027,4,1493027,NA,NA,NA,NA
S4_233339630,4,233339630,NA,NA,NA,NA
S1_205192992,1,205192992,NA,NA,NA,NA
S2_28000786,2,28000786,NA,NA,NA,NA
S8_118673899,8,118673899,NA,NA,NA,NA
S3_28610635,3,28610635,NA,NA,NA,NA
S9_58450103,9,58450103,NA,NA,NA,NA
S4_239935988,4,239935988,NA,NA,NA,NA
S1_32577686,1,32577686,NA,NA,NA,NA
S1_32577689,1,32577689,NA,NA,NA,NA
S5_61428803,5,61428803,NA,NA,NA,NA
S1_161456308,1,161456308,NA,NA,NA,NA
S1_226035363,1,226035363,NA,NA,NA,NA
S3_19260628,3,19260628,NA,NA,NA,NA
S5_213049828,5,213049828,NA,NA,NA,NA
S5_213049830,5,213049830,NA,NA,NA,NA
S5_213049832,5,213049832,NA,NA,NA,NA
S5_213049833,5,213049833,NA,NA,NA,NA
S5_213049836,5,213049836,NA,NA,NA,NA
S5_213049840,5,213049840,NA,NA,NA,NA
S6_144481301,6,144481301,NA,NA,NA,NA
S9_60450974,9,60450974,NA,NA,NA,NA
S10_143739029,10,143739029,NA,NA,NA,NA
S3_218178635,3,218178635,NA,NA,NA,NA
S4_196467369,4,196467369,NA,NA,NA,NA
S2_204238130,2,204238130,NA,NA,NA,NA
S4_167190672,4,167190672,NA,NA,NA,NA
S8_118390739,8,118390739,NA,NA,NA,NA
S1_6201207,1,6201207,NA,NA,NA,NA
S1_55501848,1,55501848,NA,NA,NA,NA
S1_300433998,1,300433998,NA,NA,NA,NA
S2_215651754,2,215651754,NA,NA,NA,NA
S10_99472401,10,99472401,NA,NA,NA,NA
S9_144519982,9,144519982,NA,NA,NA,NA
S2_28675245,2,28675245,NA,NA,NA,NA
S9_5656939,9,5656939,NA,NA,NA,NA
S8_118401680,8,118401680,NA,NA,NA,NA
S4_3474283,4,3474283,NA,NA,NA,NA
S3_170907233,3,170907233,NA,NA,NA,NA
S5_207514418,5,207514418,NA,NA,NA,NA
S5_207514421,5,207514421,NA,NA,NA,NA
S7_20893438,7,20893438,NA,NA,NA,NA
S1_17959629,1,17959629,NA,NA,NA,NA
S6_155456668,6,155456668,NA,NA,NA,NA
S3_92262953,3,92262953,NA,NA,NA,NA
S6_160622690,6,160622690,NA,NA,NA,NA
S7_165499656,7,165499656,NA,NA,NA,NA
S5_48501449,5,48501449,NA,NA,NA,NA
S3_135306512,3,135306512,NA,NA,NA,NA
S6_96553422,6,96553422,NA,NA,NA,NA
S3_37772059,3,37772059,NA,NA,NA,NA
S8_162518701,8,162518701,NA,NA,NA,NA
S2_13299879,2,13299879,NA,NA,NA,NA
S1_237092101,1,237092101,NA,NA,NA,NA
S3_209828943,3,209828943,NA,NA,NA,NA
S10_139879763,10,139879763,NA,NA,NA,NA
S10_139879775,10,139879775,NA,NA,NA,NA
S9_148059216,9,148059216,NA,NA,NA,NA
S6_165489259,6,165489259,NA,NA,NA,NA
S1_93268194,1,93268194,NA,NA,NA,NA
S2_195060573,2,195060573,NA,NA,NA,NA
S5_11401455,5,11401455,NA,NA,NA,NA
S2_111278696,2,111278696,NA,NA,NA,NA
S5_208367922,5,208367922,NA,NA,NA,NA
S10_19516675,10,19516675,NA,NA,NA,NA
S2_165680772,2,165680772,NA,NA,NA,NA
S1_44176432,1,44176432,NA,NA,NA,NA
S1_212066284,1,212066284,NA,NA,NA,NA
S8_157375313,8,157375313,NA,NA,NA,NA
S7_13960027,7,13960027,NA,NA,NA,NA
S9_45576995,9,45576995,NA,NA,NA,NA
S7_163669834,7,163669834,NA,NA,NA,NA
S9_149456977,9,149456977,NA,NA,NA,NA
S9_121937255,9,121937255,NA,NA,NA,NA
S1_211331369,1,211331369,NA,NA,NA,NA
S2_155537390,2,155537390,NA,NA,NA,NA
S8_43288344,8,43288344,NA,NA,NA,NA
S5_208743856,5,208743856,NA,NA,NA,NA
S10_134992466,10,134992466,NA,NA,NA,NA
S6_38271954,6,38271954,NA,NA,NA,NA
S3_2944962,3,2944962,NA,NA,NA,NA
S1_23116667,1,23116667,NA,NA,NA,NA
S7_111661092,7,111661092,NA,NA,NA,NA
S9_23059468,9,23059468,NA,NA,NA,NA
S8_74681846,8,74681846,NA,NA,NA,NA
S8_74681861,8,74681861,NA,NA,NA,NA
S8_74681862,8,74681862,NA,NA,NA,NA
S5_209743132,5,209743132,NA,NA,NA,NA
S10_139029002,10,139029002,NA,NA,NA,NA
S4_180433446,4,180433446,NA,NA,NA,NA
S5_6688444,5,6688444,NA,NA,NA,NA
S8_132308853,8,132308853,NA,NA,NA,NA
S1_290296240,1,290296240,NA,NA,NA,NA
S8_93197209,8,93197209,NA,NA,NA,NA
S5_157444481,5,157444481,NA,NA,NA,NA
S4_26424919,4,26424919,NA,NA,NA,NA
S4_26424931,4,26424931,NA,NA,NA,NA
S1_239401232,1,239401232,NA,NA,NA,NA
S1_57561825,1,57561825,NA,NA,NA,NA
S8_171404111,8,171404111,NA,NA,NA,NA
S9_141442924,9,141442924,NA,NA,NA,NA
S2_210963474,2,210963474,NA,NA,NA,NA
S1_11947051,1,11947051,NA,NA,NA,NA
S5_202083837,5,202083837,NA,NA,NA,NA
S4_176646283,4,176646283,NA,NA,NA,NA
S5_213280266,5,213280266,NA,NA,NA,NA
S6_142898534,6,142898534,NA,NA,NA,NA
S8_166622363,8,166622363,NA,NA,NA,NA
S9_120415630,9,120415630,NA,NA,NA,NA
S8_141912390,8,141912390,NA,NA,NA,NA
S1_278604666,1,278604666,NA,NA,NA,NA
S8_37655857,8,37655857,NA,NA,NA,NA
S8_37655863,8,37655863,NA,NA,NA,NA
S3_4064987,3,4064987,NA,NA,NA,NA
S3_11631904,3,11631904,NA,NA,NA,NA
S7_2630135,7,2630135,NA,NA,NA,NA
S7_99644655,7,99644655,NA,NA,NA,NA
S5_178243802,5,178243802,NA,NA,NA,NA
S1_246547056,1,246547056,NA,NA,NA,NA
S3_17286877,3,17286877,NA,NA,NA,NA
S9_706448,9,706448,NA,NA,NA,NA
S6_100083194,6,100083194,NA,NA,NA,NA
S2_216983206,2,216983206,NA,NA,NA,NA
S10_136106072,10,136106072,NA,NA,NA,NA
S5_206250799,5,206250799,NA,NA,NA,NA
S6_123307789,6,123307789,NA,NA,NA,NA
S2_36844779,2,36844779,NA,NA,NA,NA
S2_36844780,2,36844780,NA,NA,NA,NA
S2_36844783,2,36844783,NA,NA,NA,NA
S5_21364886,5,21364886,NA,NA,NA,NA
S5_48099709,5,48099709,NA,NA,NA,NA
S7_127970543,7,127970543,NA,NA,NA,NA
S7_127970547,7,127970547,NA,NA,NA,NA
S4_41841994,4,41841994,NA,NA,NA,NA
S8_147917242,8,147917242,NA,NA,NA,NA
S10_147358179,10,147358179,NA,NA,NA,NA
S7_136180137,7,136180137,NA,NA,NA,NA
S2_206490142,2,206490142,NA,NA,NA,NA
S1_297790674,1,297790674,NA,NA,NA,NA
S1_297790714,1,297790714,NA,NA,NA,NA
S5_9245174,5,9245174,NA,NA,NA,NA
S1_3408430,1,3408430,NA,NA,NA,NA
S2_99178202,2,99178202,NA,NA,NA,NA
S4_158564056,4,158564056,NA,NA,NA,NA
S2_1568265,2,1568265,NA,NA,NA,NA
S1_211617612,1,211617612,NA,NA,NA,NA
S1_299901136,1,299901136,NA,NA,NA,NA
S6_166674015,6,166674015,NA,NA,NA,NA
S6_164802300,6,164802300,NA,NA,NA,NA
S6_150520673,6,150520673,NA,NA,NA,NA
S3_194425606,3,194425606,NA,NA,NA,NA
S1_11533071,1,11533071,NA,NA,NA,NA
S5_32798089,5,32798089,NA,NA,NA,NA
S2_5068817,2,5068817,NA,NA,NA,NA
S5_41095579,5,41095579,NA,NA,NA,NA
S8_163447950,8,163447950,NA,NA,NA,NA
S10_31748467,10,31748467,NA,NA,NA,NA
S8_170447843,8,170447843,NA,NA,NA,NA
S2_209508181,2,209508181,NA,NA,NA,NA
S7_9709489,7,9709489,NA,NA,NA,NA
S3_31557252,3,31557252,NA,NA,NA,NA
S3_31557253,3,31557253,NA,NA,NA,NA
S3_220678249,3,220678249,NA,NA,NA,NA
S10_131879898,10,131879898,NA,NA,NA,NA
S1_212982160,1,212982160,NA,NA,NA,NA
S1_283431481,1,283431481,NA,NA,NA,NA
S1_164629208,1,164629208,NA,NA,NA,NA
S5_206036427,5,206036427,NA,NA,NA,NA
S3_2525594,3,2525594,NA,NA,NA,NA
S1_282668077,1,282668077,NA,NA,NA,NA
S7_159761298,7,159761298,NA,NA,NA,NA
S6_140347787,6,140347787,NA,NA,NA,NA
S6_140347791,6,140347791,NA,NA,NA,NA
S5_209722256,5,209722256,NA,NA,NA,NA
S8_131176643,8,131176643,NA,NA,NA,NA
S1_15779618,1,15779618,NA,NA,NA,NA
S2_3225766,2,3225766,NA,NA,NA,NA
S2_32517617,2,32517617,NA,NA,NA,NA
S8_157237067,8,157237067,NA,NA,NA,NA
S6_36624170,6,36624170,NA,NA,NA,NA
S10_4024661,10,4024661,NA,NA,NA,NA
S7_18473523,7,18473523,NA,NA,NA,NA
S2_9442325,2,9442325,NA,NA,NA,NA
S8_19834190,8,19834190,NA,NA,NA,NA
S9_135451062,9,135451062,NA,NA,NA,NA
S5_69308423,5,69308423,NA,NA,NA,NA
S5_173810502,5,173810502,NA,NA,NA,NA
S7_92620982,7,92620982,NA,NA,NA,NA
S4_10484287,4,10484287,NA,NA,NA,NA
S4_238951450,4,238951450,NA,NA,NA,NA
S4_238951453,4,238951453,NA,NA,NA,NA
S6_3234864,6,3234864,NA,NA,NA,NA
S10_83670911,10,83670911,NA,NA,NA,NA
S10_83670931,10,83670931,NA,NA,NA,NA
S1_79321931,1,79321931,NA,NA,NA,NA
S5_7134160,5,7134160,NA,NA,NA,NA
S2_193882122,2,193882122,NA,NA,NA,NA
S1_267198792,1,267198792,NA,NA,NA,NA
S9_18914574,9,18914574,NA,NA,NA,NA
S5_59348629,5,59348629,NA,NA,NA,NA
S6_94500881,6,94500881,NA,NA,NA,NA
S7_108481559,7,108481559,NA,NA,NA,NA
S1_15068431,1,15068431,NA,NA,NA,NA
S2_16124766,2,16124766,NA,NA,NA,NA
S9_14000454,9,14000454,NA,NA,NA,NA
S3_43661127,3,43661127,NA,NA,NA,NA
S3_206551823,3,206551823,NA,NA,NA,NA
S5_206073066,5,206073066,NA,NA,NA,NA
S7_128378787,7,128378787,NA,NA,NA,NA
S2_211077915,2,211077915,NA,NA,NA,NA
S4_168560058,4,168560058,NA,NA,NA,NA
S5_20198190,5,20198190,NA,NA,NA,NA
S2_37118567,2,37118567,NA,NA,NA,NA
S3_205365603,3,205365603,NA,NA,NA,NA
S3_205365609,3,205365609,NA,NA,NA,NA
S7_136023004,7,136023004,NA,NA,NA,NA
S6_154327480,6,154327480,NA,NA,NA,NA
S9_151285764,9,151285764,NA,NA,NA,NA
S7_174229225,7,174229225,NA,NA,NA,NA
S6_69262343,6,69262343,NA,NA,NA,NA
S3_19166119,3,19166119,NA,NA,NA,NA
S3_19166122,3,19166122,NA,NA,NA,NA
S1_73341217,1,73341217,NA,NA,NA,NA
S5_74900067,5,74900067,NA,NA,NA,NA
S3_35995225,3,35995225,NA,NA,NA,NA
S9_100310577,9,100310577,NA,NA,NA,NA
S6_5512095,6,5512095,NA,NA,NA,NA
S3_149243466,3,149243466,NA,NA,NA,NA
S1_107446345,1,107446345,NA,NA,NA,NA
S2_7001231,2,7001231,NA,NA,NA,NA
S6_134458026,6,134458026,NA,NA,NA,NA
S1_65659632,1,65659632,NA,NA,NA,NA
S1_102893718,1,102893718,NA,NA,NA,NA
S1_102893719,1,102893719,NA,NA,NA,NA
S4_241030367,4,241030367,NA,NA,NA,NA
S1_27645479,1,27645479,NA,NA,NA,NA
S2_162965607,2,162965607,NA,NA,NA,NA
S2_162965613,2,162965613,NA,NA,NA,NA
S4_83572800,4,83572800,NA,NA,NA,NA
S2_187053130,2,187053130,NA,NA,NA,NA
S10_101870517,10,101870517,NA,NA,NA,NA
S10_101870553,10,101870553,NA,NA,NA,NA
S10_101870554,10,101870554,NA,NA,NA,NA
S5_60990213,5,60990213,NA,NA,NA,NA
S2_50644530,2,50644530,NA,NA,NA,NA
S9_104884301,9,104884301,NA,NA,NA,NA
S1_79706314,1,79706314,NA,NA,NA,NA
S1_211260578,1,211260578,NA,NA,NA,NA
S4_43590695,4,43590695,NA,NA,NA,NA
S4_43590698,4,43590698,NA,NA,NA,NA
S4_43590699,4,43590699,NA,NA,NA,NA
S4_43590715,4,43590715,NA,NA,NA,NA
S8_141103711,8,141103711,NA,NA,NA,NA
S9_106788089,9,106788089,NA,NA,NA,NA
S8_131340896,8,131340896,NA,NA,NA,NA
S3_55445724,3,55445724,NA,NA,NA,NA
S6_97343947,6,97343947,NA,NA,NA,NA
S4_6601960,4,6601960,NA,NA,NA,NA
S10_2680241,10,2680241,NA,NA,NA,NA
S4_3890041,4,3890041,NA,NA,NA,NA
S10_89406465,10,89406465,NA,NA,NA,NA
S5_203202279,5,203202279,NA,NA,NA,NA
S10_97372975,10,97372975,NA,NA,NA,NA
S6_34826192,6,34826192,NA,NA,NA,NA
S10_132702647,10,132702647,NA,NA,NA,NA
S9_99037892,9,99037892,NA,NA,NA,NA
S3_113602509,3,113602509,NA,NA,NA,NA
S10_71178428,10,71178428,NA,NA,NA,NA
S5_3429558,5,3429558,NA,NA,NA,NA
S5_161171344,5,161171344,NA,NA,NA,NA
S6_161010787,6,161010787,NA,NA,NA,NA
S2_49512665,2,49512665,NA,NA,NA,NA
S8_152715268,8,152715268,NA,NA,NA,NA
S6_128524612,6,128524612,NA,NA,NA,NA
S5_193731259,5,193731259,NA,NA,NA,NA
S2_232987716,2,232987716,NA,NA,NA,NA
S9_48738880,9,48738880,NA,NA,NA,NA
S4_156396122,4,156396122,NA,NA,NA,NA
S9_2457353,9,2457353,NA,NA,NA,NA
S4_231902848,4,231902848,NA,NA,NA,NA
S10_54936561,10,54936561,NA,NA,NA,NA
S1_232527834,1,232527834,NA,NA,NA,NA
S1_208098710,1,208098710,NA,NA,NA,NA
S2_136563248,2,136563248,NA,NA,NA,NA
S2_51329591,2,51329591,NA,NA,NA,NA
S9_141476072,9,141476072,NA,NA,NA,NA
S5_33644874,5,33644874,NA,NA,NA,NA
S6_97381195,6,97381195,NA,NA,NA,NA
S7_112873992,7,112873992,NA,NA,NA,NA
S6_159118155,6,159118155,NA,NA,NA,NA
S10_72773170,10,72773170,NA,NA,NA,NA
S9_91250416,9,91250416,NA,NA,NA,NA
S2_215947324,2,215947324,NA,NA,NA,NA
S1_18630563,1,18630563,NA,NA,NA,NA
S1_273696827,1,273696827,NA,NA,NA,NA
S7_130250861,7,130250861,NA,NA,NA,NA
S9_142300985,9,142300985,NA,NA,NA,NA
S9_96197550,9,96197550,NA,NA,NA,NA
S3_147677539,3,147677539,NA,NA,NA,NA
S2_181978893,2,181978893,NA,NA,NA,NA
S9_139748374,9,139748374,NA,NA,NA,NA
S3_220767402,3,220767402,NA,NA,NA,NA
S7_84845749,7,84845749,NA,NA,NA,NA
S2_195060570,2,195060570,NA,NA,NA,NA
S1_3079994,1,3079994,NA,NA,NA,NA
S1_179869002,1,179869002,NA,NA,NA,NA
S3_181751195,3,181751195,NA,NA,NA,NA
S2_2036964,2,2036964,NA,NA,NA,NA
S8_120963130,8,120963130,NA,NA,NA,NA
S2_21874028,2,21874028,NA,NA,NA,NA
S3_32401722,3,32401722,NA,NA,NA,NA
S10_138773154,10,138773154,NA,NA,NA,NA
S1_287188363,1,287188363,NA,NA,NA,NA
S2_187442906,2,187442906,NA,NA,NA,NA
S10_133704775,10,133704775,NA,NA,NA,NA
S7_140104917,7,140104917,NA,NA,NA,NA
S1_9912274,1,9912274,NA,NA,NA,NA
S8_168279628,8,168279628,NA,NA,NA,NA
S5_47579526,5,47579526,NA,NA,NA,NA
S6_149286546,6,149286546,NA,NA,NA,NA
S1_82916236,1,82916236,NA,NA,NA,NA
S1_61716958,1,61716958,NA,NA,NA,NA
S3_92263148,3,92263148,NA,NA,NA,NA
S5_15448523,5,15448523,NA,NA,NA,NA
S2_175085974,2,175085974,NA,NA,NA,NA
S10_1883748,10,1883748,NA,NA,NA,NA
S3_1602274,3,1602274,NA,NA,NA,NA
S4_200743806,4,200743806,NA,NA,NA,NA
S8_8292382,8,8292382,NA,NA,NA,NA
S7_172209119,7,172209119,NA,NA,NA,NA
S7_107232165,7,107232165,NA,NA,NA,NA
S2_174683222,2,174683222,NA,NA,NA,NA
S5_186945276,5,186945276,NA,NA,NA,NA
S10_24445238,10,24445238,NA,NA,NA,NA
S5_46771256,5,46771256,NA,NA,NA,NA
S3_170126905,3,170126905,NA,NA,NA,NA
S5_6328126,5,6328126,NA,NA,NA,NA
S2_225704017,2,225704017,NA,NA,NA,NA
S4_13688505,4,13688505,NA,NA,NA,NA
S7_97877963,7,97877963,NA,NA,NA,NA
S1_70254850,1,70254850,NA,NA,NA,NA
S1_187979974,1,187979974,NA,NA,NA,NA
S7_20895178,7,20895178,NA,NA,NA,NA
S8_101757521,8,101757521,NA,NA,NA,NA
S7_136142397,7,136142397,NA,NA,NA,NA
S10_146165305,10,146165305,NA,NA,NA,NA
S8_21830964,8,21830964,NA,NA,NA,NA
S6_3184342,6,3184342,NA,NA,NA,NA
S9_6007138,9,6007138,NA,NA,NA,NA
S2_144730273,2,144730273,NA,NA,NA,NA
S1_280379056,1,280379056,NA,NA,NA,NA
S7_143520572,7,143520572,NA,NA,NA,NA
S8_131342183,8,131342183,NA,NA,NA,NA
S8_146618173,8,146618173,NA,NA,NA,NA
S10_124323934,10,124323934,NA,NA,NA,NA
S3_58537041,3,58537041,NA,NA,NA,NA
S1_19641987,1,19641987,NA,NA,NA,NA
S7_167021249,7,167021249,NA,NA,NA,NA
S3_201987759,3,201987759,NA,NA,NA,NA
S4_96326775,4,96326775,NA,NA,NA,NA
S2_209114287,2,209114287,NA,NA,NA,NA
S3_34107464,3,34107464,NA,NA,NA,NA
S9_26933054,9,26933054,NA,NA,NA,NA
S9_26933096,9,26933096,NA,NA,NA,NA
S9_26933097,9,26933097,NA,NA,NA,NA
S1_237964738,1,237964738,NA,NA,NA,NA
S5_211300584,5,211300584,NA,NA,NA,NA
S5_211300616,5,211300616,NA,NA,NA,NA
S4_173177095,4,173177095,NA,NA,NA,NA
S6_159720416,6,159720416,NA,NA,NA,NA
S10_134414412,10,134414412,NA,NA,NA,NA
S7_155340707,7,155340707,NA,NA,NA,NA
S7_160152483,7,160152483,NA,NA,NA,NA
S7_156112081,7,156112081,NA,NA,NA,NA
S2_41479838,2,41479838,NA,NA,NA,NA
S5_172572333,5,172572333,NA,NA,NA,NA
S6_155634288,6,155634288,NA,NA,NA,NA
S1_55389827,1,55389827,NA,NA,NA,NA
S9_146081357,9,146081357,NA,NA,NA,NA
S2_61491611,2,61491611,NA,NA,NA,NA
S7_1292804,7,1292804,NA,NA,NA,NA
S3_210714796,3,210714796,NA,NA,NA,NA
S5_14609322,5,14609322,NA,NA,NA,NA
S3_19945628,3,19945628,NA,NA,NA,NA
S5_18702965,5,18702965,NA,NA,NA,NA
S2_231331893,2,231331893,NA,NA,NA,NA
S1_258799307,1,258799307,NA,NA,NA,NA
S10_135801294,10,135801294,NA,NA,NA,NA
S2_2675527,2,2675527,NA,NA,NA,NA
S10_145940156,10,145940156,NA,NA,NA,NA
S8_21615236,8,21615236,NA,NA,NA,NA
S8_7675588,8,7675588,NA,NA,NA,NA
S4_153520812,4,153520812,NA,NA,NA,NA
S3_220028155,3,220028155,NA,NA,NA,NA
S7_1292805,7,1292805,NA,NA,NA,NA
S7_1292806,7,1292806,NA,NA,NA,NA
S7_104175377,7,104175377,NA,NA,NA,NA
S1_26037555,1,26037555,NA,NA,NA,NA
S9_12333801,9,12333801,NA,NA,NA,NA
S8_12273956,8,12273956,NA,NA,NA,NA
S8_169996375,8,169996375,NA,NA,NA,NA
S5_1726952,5,1726952,NA,NA,NA,NA
S4_238437398,4,238437398,NA,NA,NA,NA
S9_8037689,9,8037689,NA,NA,NA,NA
S1_239209168,1,239209168,NA,NA,NA,NA
S3_169073720,3,169073720,NA,NA,NA,NA
S3_226807880,3,226807880,NA,NA,NA,NA
S6_84672098,6,84672098,NA,NA,NA,NA
S7_78786314,7,78786314,NA,NA,NA,NA
S2_26976735,2,26976735,NA,NA,NA,NA
S1_225038092,1,225038092,NA,NA,NA,NA
S7_40412789,7,40412789,NA,NA,NA,NA
S8_165286201,8,165286201,NA,NA,NA,NA
S6_160234735,6,160234735,NA,NA,NA,NA
S8_141928028,8,141928028,NA,NA,NA,NA
S8_69754139,8,69754139,NA,NA,NA,NA
S4_126341991,4,126341991,NA,NA,NA,NA
S1_10978457,1,10978457,NA,NA,NA,NA
S4_165637213,4,165637213,NA,NA,NA,NA
S4_165637219,4,165637219,NA,NA,NA,NA
S7_135893504,7,135893504,NA,NA,NA,NA
S8_168923177,8,168923177,NA,NA,NA,NA
S1_199339833,1,199339833,NA,NA,NA,NA
S5_23573565,5,23573565,NA,NA,NA,NA
S1_165410570,1,165410570,NA,NA,NA,NA
S10_144686553,10,144686553,NA,NA,NA,NA
S2_207237123,2,207237123,NA,NA,NA,NA
S4_38288923,4,38288923,NA,NA,NA,NA
S6_36135236,6,36135236,NA,NA,NA,NA
S1_40917758,1,40917758,NA,NA,NA,NA
S10_96251381,10,96251381,NA,NA,NA,NA
S1_213157696,1,213157696,NA,NA,NA,NA
S9_130489214,9,130489214,NA,NA,NA,NA
S7_107233861,7,107233861,NA,NA,NA,NA
S1_4163141,1,4163141,NA,NA,NA,NA
S1_4163146,1,4163146,NA,NA,NA,NA
S5_205333297,5,205333297,NA,NA,NA,NA
S1_24931653,1,24931653,NA,NA,NA,NA
S3_189465693,3,189465693,NA,NA,NA,NA
S2_148879082,2,148879082,NA,NA,NA,NA
S6_163854039,6,163854039,NA,NA,NA,NA
S5_140092072,5,140092072,NA,NA,NA,NA
S5_4909906,5,4909906,NA,NA,NA,NA
S5_4909920,5,4909920,NA,NA,NA,NA
S3_13541473,3,13541473,NA,NA,NA,NA
S6_129494858,6,129494858,NA,NA,NA,NA
S8_118675696,8,118675696,NA,NA,NA,NA
S6_135536688,6,135536688,NA,NA,NA,NA
S3_136907067,3,136907067,NA,NA,NA,NA
S9_93812730,9,93812730,NA,NA,NA,NA
S9_93812767,9,93812767,NA,NA,NA,NA
S5_160457636,5,160457636,NA,NA,NA,NA
S1_4989859,1,4989859,NA,NA,NA,NA
S1_259930703,1,259930703,NA,NA,NA,NA
S1_28632836,1,28632836,NA,NA,NA,NA
S1_238752374,1,238752374,NA,NA,NA,NA
S1_238752378,1,238752378,NA,NA,NA,NA
S7_123488561,7,123488561,NA,NA,NA,NA
S5_2358843,5,2358843,NA,NA,NA,NA
S2_33803559,2,33803559,NA,NA,NA,NA
S4_182008362,4,182008362,NA,NA,NA,NA
S1_237958195,1,237958195,NA,NA,NA,NA
S3_221237902,3,221237902,NA,NA,NA,NA
S3_221237921,3,221237921,NA,NA,NA,NA
S5_60523435,5,60523435,NA,NA,NA,NA
S3_5885982,3,5885982,NA,NA,NA,NA
S10_87189868,10,87189868,NA,NA,NA,NA
S2_10608688,2,10608688,NA,NA,NA,NA
S3_187435300,3,187435300,NA,NA,NA,NA
S5_33298279,5,33298279,NA,NA,NA,NA
S1_43397415,1,43397415,NA,NA,NA,NA
S10_120792371,10,120792371,NA,NA,NA,NA
S10_120792377,10,120792377,NA,NA,NA,NA
S10_120792386,10,120792386,NA,NA,NA,NA
S7_19083746,7,19083746,NA,NA,NA,NA
S7_115704955,7,115704955,NA,NA,NA,NA
S1_251379169,1,251379169,NA,NA,NA,NA
S3_219827970,3,219827970,NA,NA,NA,NA
S10_66014561,10,66014561,NA,NA,NA,NA
S3_10522437,3,10522437,NA,NA,NA,NA
S9_58451533,9,58451533,NA,NA,NA,NA
S9_15409790,9,15409790,NA,NA,NA,NA
S1_29361699,1,29361699,NA,NA,NA,NA
S1_148230447,1,148230447,NA,NA,NA,NA
S4_204275992,4,204275992,NA,NA,NA,NA
S1_64239414,1,64239414,NA,NA,NA,NA
S1_41436182,1,41436182,NA,NA,NA,NA
S3_181005305,3,181005305,NA,NA,NA,NA
S10_137479814,10,137479814,NA,NA,NA,NA
S6_153235525,6,153235525,NA,NA,NA,NA
S6_150736344,6,150736344,NA,NA,NA,NA
S8_154106891,8,154106891,NA,NA,NA,NA
S2_192453576,2,192453576,NA,NA,NA,NA
S10_99522829,10,99522829,NA,NA,NA,NA
S2_113865576,2,113865576,NA,NA,NA,NA
S2_5685209,2,5685209,NA,NA,NA,NA
S3_175937257,3,175937257,NA,NA,NA,NA
S1_150112670,1,150112670,NA,NA,NA,NA
S4_175278543,4,175278543,NA,NA,NA,NA
S2_141535282,2,141535282,NA,NA,NA,NA
S5_82446943,5,82446943,NA,NA,NA,NA
S2_109942356,2,109942356,NA,NA,NA,NA
S1_39748462,1,39748462,NA,NA,NA,NA
S1_220008350,1,220008350,NA,NA,NA,NA
S3_211147384,3,211147384,NA,NA,NA,NA
S2_17862347,2,17862347,NA,NA,NA,NA
S4_180236732,4,180236732,NA,NA,NA,NA
S10_138027490,10,138027490,NA,NA,NA,NA
S2_72459651,2,72459651,NA,NA,NA,NA
S4_16301935,4,16301935,NA,NA,NA,NA
S7_176549777,7,176549777,NA,NA,NA,NA
S9_17446280,9,17446280,NA,NA,NA,NA
S9_17446306,9,17446306,NA,NA,NA,NA
S1_288805716,1,288805716,NA,NA,NA,NA
S4_149745238,4,149745238,NA,NA,NA,NA
S10_109133308,10,109133308,NA,NA,NA,NA
S1_281701923,1,281701923,NA,NA,NA,NA
S1_24740011,1,24740011,NA,NA,NA,NA
S6_29014053,6,29014053,NA,NA,NA,NA
S5_213747660,5,213747660,NA,NA,NA,NA
S5_213747661,5,213747661,NA,NA,NA,NA
S8_27642137,8,27642137,NA,NA,NA,NA
S10_109133250,10,109133250,NA,NA,NA,NA
S2_8910966,2,8910966,NA,NA,NA,NA
S1_226223226,1,226223226,NA,NA,NA,NA
S1_150866687,1,150866687,NA,NA,NA,NA
S1_16698844,1,16698844,NA,NA,NA,NA
S8_55996712,8,55996712,NA,NA,NA,NA
S8_55996741,8,55996741,NA,NA,NA,NA
S8_55996746,8,55996746,NA,NA,NA,NA
S1_296260005,1,296260005,NA,NA,NA,NA
S8_137047139,8,137047139,NA,NA,NA,NA
S2_208977344,2,208977344,NA,NA,NA,NA
S2_191122735,2,191122735,NA,NA,NA,NA
S7_140897107,7,140897107,NA,NA,NA,NA
S6_54775789,6,54775789,NA,NA,NA,NA
S5_27226539,5,27226539,NA,NA,NA,NA
S4_6598081,4,6598081,NA,NA,NA,NA
S1_33112238,1,33112238,NA,NA,NA,NA
S1_30042893,1,30042893,NA,NA,NA,NA
S7_172658667,7,172658667,NA,NA,NA,NA
S3_194874056,3,194874056,NA,NA,NA,NA
S1_281071342,1,281071342,NA,NA,NA,NA
S6_147869622,6,147869622,NA,NA,NA,NA
S1_170476414,1,170476414,NA,NA,NA,NA
S8_170708103,8,170708103,NA,NA,NA,NA
S7_82334078,7,82334078,NA,NA,NA,NA
S8_156627963,8,156627963,NA,NA,NA,NA
S2_192802925,2,192802925,NA,NA,NA,NA
S6_154773086,6,154773086,NA,NA,NA,NA
S4_201108939,4,201108939,NA,NA,NA,NA
S9_16678342,9,16678342,NA,NA,NA,NA
S8_142010897,8,142010897,NA,NA,NA,NA
S7_127145516,7,127145516,NA,NA,NA,NA
S1_9048360,1,9048360,NA,NA,NA,NA
S8_27116887,8,27116887,NA,NA,NA,NA
S3_33971870,3,33971870,NA,NA,NA,NA
S2_1726316,2,1726316,NA,NA,NA,NA
S10_136615716,10,136615716,NA,NA,NA,NA
S8_121797765,8,121797765,NA,NA,NA,NA
S9_107554046,9,107554046,NA,NA,NA,NA
S1_217212234,1,217212234,NA,NA,NA,NA
S1_278649949,1,278649949,NA,NA,NA,NA
S1_231390048,1,231390048,NA,NA,NA,NA
S2_152199522,2,152199522,NA,NA,NA,NA
S3_220171734,3,220171734,NA,NA,NA,NA
S8_171710236,8,171710236,NA,NA,NA,NA
S6_112602389,6,112602389,NA,NA,NA,NA
S4_181430543,4,181430543,NA,NA,NA,NA
S3_10683546,3,10683546,NA,NA,NA,NA
S3_10683549,3,10683549,NA,NA,NA,NA
S5_26313550,5,26313550,NA,NA,NA,NA
S5_7134133,5,7134133,NA,NA,NA,NA
S5_213364791,5,213364791,NA,NA,NA,NA
S10_91358288,10,91358288,NA,NA,NA,NA
S6_93784130,6,93784130,NA,NA,NA,NA
S4_187041303,4,187041303,NA,NA,NA,NA
S2_20529873,2,20529873,NA,NA,NA,NA
S2_20529899,2,20529899,NA,NA,NA,NA
S1_257214234,1,257214234,NA,NA,NA,NA
S3_190440898,3,190440898,NA,NA,NA,NA
S1_295589260,1,295589260,NA,NA,NA,NA
S5_171881233,5,171881233,NA,NA,NA,NA
S8_78408386,8,78408386,NA,NA,NA,NA
S5_127605144,5,127605144,NA,NA,NA,NA
S5_17476565,5,17476565,NA,NA,NA,NA
S5_189865670,5,189865670,NA,NA,NA,NA
S9_145177943,9,145177943,NA,NA,NA,NA
S1_211451827,1,211451827,NA,NA,NA,NA
S4_153520819,4,153520819,NA,NA,NA,NA
S2_47421735,2,47421735,NA,NA,NA,NA
S6_131359430,6,131359430,NA,NA,NA,NA
S6_131359431,6,131359431,NA,NA,NA,NA
S6_131359437,6,131359437,NA,NA,NA,NA
S6_131359439,6,131359439,NA,NA,NA,NA
S6_131359468,6,131359468,NA,NA,NA,NA
S2_38292479,2,38292479,NA,NA,NA,NA
S1_246708751,1,246708751,NA,NA,NA,NA
S2_189186871,2,189186871,NA,NA,NA,NA
S2_189186876,2,189186876,NA,NA,NA,NA
S7_166738379,7,166738379,NA,NA,NA,NA
S10_87730474,10,87730474,NA,NA,NA,NA
S3_58153064,3,58153064,NA,NA,NA,NA
S3_58153065,3,58153065,NA,NA,NA,NA
S1_8450316,1,8450316,NA,NA,NA,NA
S4_41837480,4,41837480,NA,NA,NA,NA
S2_23876314,2,23876314,NA,NA,NA,NA
S6_74462121,6,74462121,NA,NA,NA,NA
S7_109741127,7,109741127,NA,NA,NA,NA
S4_179804506,4,179804506,NA,NA,NA,NA
S1_60397024,1,60397024,NA,NA,NA,NA
S4_25464452,4,25464452,NA,NA,NA,NA
S6_77002889,6,77002889,NA,NA,NA,NA
S3_19924853,3,19924853,NA,NA,NA,NA
S5_666158,5,666158,NA,NA,NA,NA
S8_20971555,8,20971555,NA,NA,NA,NA
S1_276540972,1,276540972,NA,NA,NA,NA
S8_173409655,8,173409655,NA,NA,NA,NA
S8_152460818,8,152460818,NA,NA,NA,NA
S8_15994150,8,15994150,NA,NA,NA,NA
S1_21379630,1,21379630,NA,NA,NA,NA
S9_99365450,9,99365450,NA,NA,NA,NA
S2_166487434,2,166487434,NA,NA,NA,NA
S2_166487437,2,166487437,NA,NA,NA,NA
S1_108013818,1,108013818,NA,NA,NA,NA
S4_3260640,4,3260640,NA,NA,NA,NA
S5_33298309,5,33298309,NA,NA,NA,NA
S9_103173113,9,103173113,NA,NA,NA,NA
S5_204318055,5,204318055,NA,NA,NA,NA
S1_89285907,1,89285907,NA,NA,NA,NA
S5_200688715,5,200688715,NA,NA,NA,NA
S7_94195389,7,94195389,NA,NA,NA,NA
S7_94195406,7,94195406,NA,NA,NA,NA
S7_94195420,7,94195420,NA,NA,NA,NA
S4_202224464,4,202224464,NA,NA,NA,NA
S1_56307447,1,56307447,NA,NA,NA,NA
S3_21998724,3,21998724,NA,NA,NA,NA
S2_220625616,2,220625616,NA,NA,NA,NA
S9_151285879,9,151285879,NA,NA,NA,NA
S2_31598745,2,31598745,NA,NA,NA,NA
S1_292880156,1,292880156,NA,NA,NA,NA
S6_23359020,6,23359020,NA,NA,NA,NA
S3_2073074,3,2073074,NA,NA,NA,NA
S1_35655673,1,35655673,NA,NA,NA,NA
S3_40446475,3,40446475,NA,NA,NA,NA
S2_23837783,2,23837783,NA,NA,NA,NA
S1_229206262,1,229206262,NA,NA,NA,NA
S9_155687408,9,155687408,NA,NA,NA,NA
S2_184967732,2,184967732,NA,NA,NA,NA
S6_31868428,6,31868428,NA,NA,NA,NA
S7_10560071,7,10560071,NA,NA,NA,NA
S5_182090072,5,182090072,NA,NA,NA,NA
S2_225229266,2,225229266,NA,NA,NA,NA
S1_91187812,1,91187812,NA,NA,NA,NA
S1_91187813,1,91187813,NA,NA,NA,NA
S1_91187814,1,91187814,NA,NA,NA,NA
S10_56757086,10,56757086,NA,NA,NA,NA
S5_77747217,5,77747217,NA,NA,NA,NA
S7_169443490,7,169443490,NA,NA,NA,NA
S7_22261418,7,22261418,NA,NA,NA,NA
S2_22608608,2,22608608,NA,NA,NA,NA
S4_36027138,4,36027138,NA,NA,NA,NA
S3_43645643,3,43645643,NA,NA,NA,NA
S4_26428512,4,26428512,NA,NA,NA,NA
S3_126509654,3,126509654,NA,NA,NA,NA
S2_22608658,2,22608658,NA,NA,NA,NA
S1_110637662,1,110637662,NA,NA,NA,NA
S1_110637676,1,110637676,NA,NA,NA,NA
S1_11476408,1,11476408,NA,NA,NA,NA
S1_102945984,1,102945984,NA,NA,NA,NA
S1_271751250,1,271751250,NA,NA,NA,NA
S3_164503873,3,164503873,NA,NA,NA,NA
S10_143169671,10,143169671,NA,NA,NA,NA
S10_16372700,10,16372700,NA,NA,NA,NA
S5_49701771,5,49701771,NA,NA,NA,NA
S2_40860372,2,40860372,NA,NA,NA,NA
S7_144207876,7,144207876,NA,NA,NA,NA
S8_106236499,8,106236499,NA,NA,NA,NA
S9_3310236,9,3310236,NA,NA,NA,NA
S3_173022407,3,173022407,NA,NA,NA,NA
S8_39936424,8,39936424,NA,NA,NA,NA
S1_140716864,1,140716864,NA,NA,NA,NA
S8_170216620,8,170216620,NA,NA,NA,NA
S2_3337662,2,3337662,NA,NA,NA,NA
S3_92980546,3,92980546,NA,NA,NA,NA
S10_115123785,10,115123785,NA,NA,NA,NA
S9_113489713,9,113489713,NA,NA,NA,NA
S7_1137725,7,1137725,NA,NA,NA,NA
S6_102460283,6,102460283,NA,NA,NA,NA
S1_52627107,1,52627107,NA,NA,NA,NA
S1_21473231,1,21473231,NA,NA,NA,NA
S6_114057061,6,114057061,NA,NA,NA,NA
S2_216822375,2,216822375,NA,NA,NA,NA
S10_132620491,10,132620491,NA,NA,NA,NA
S3_15436460,3,15436460,NA,NA,NA,NA
S1_31855754,1,31855754,NA,NA,NA,NA
S2_107286098,2,107286098,NA,NA,NA,NA
S8_138903003,8,138903003,NA,NA,NA,NA
S6_110695314,6,110695314,NA,NA,NA,NA
S9_24707734,9,24707734,NA,NA,NA,NA
S2_235929849,2,235929849,NA,NA,NA,NA
S3_91602513,3,91602513,NA,NA,NA,NA
S1_102893704,1,102893704,NA,NA,NA,NA
S9_143804011,9,143804011,NA,NA,NA,NA
S1_257577812,1,257577812,NA,NA,NA,NA
S8_14613334,8,14613334,NA,NA,NA,NA
S10_83669175,10,83669175,NA,NA,NA,NA
S10_136007554,10,136007554,NA,NA,NA,NA
S4_5708708,4,5708708,NA,NA,NA,NA
S10_148091528,10,148091528,NA,NA,NA,NA
S4_36516148,4,36516148,NA,NA,NA,NA
S2_55560153,2,55560153,NA,NA,NA,NA
S8_174062378,8,174062378,NA,NA,NA,NA
S3_122075760,3,122075760,NA,NA,NA,NA
S3_122075761,3,122075761,NA,NA,NA,NA
S1_18974390,1,18974390,NA,NA,NA,NA
S7_168746832,7,168746832,NA,NA,NA,NA
S3_217008085,3,217008085,NA,NA,NA,NA
S1_187119420,1,187119420,NA,NA,NA,NA
S1_286360060,1,286360060,NA,NA,NA,NA
S6_165540996,6,165540996,NA,NA,NA,NA
S3_151334464,3,151334464,NA,NA,NA,NA
S1_191852404,1,191852404,NA,NA,NA,NA
S9_147965909,9,147965909,NA,NA,NA,NA
S1_6077495,1,6077495,NA,NA,NA,NA
S5_143081990,5,143081990,NA,NA,NA,NA
S6_158412474,6,158412474,NA,NA,NA,NA
S3_160304559,3,160304559,NA,NA,NA,NA
S1_69882155,1,69882155,NA,NA,NA,NA
S4_186044702,4,186044702,NA,NA,NA,NA
S5_150095491,5,150095491,NA,NA,NA,NA
S5_17977406,5,17977406,NA,NA,NA,NA
S1_246204992,1,246204992,NA,NA,NA,NA
S7_106122904,7,106122904,NA,NA,NA,NA
S8_137752069,8,137752069,NA,NA,NA,NA
S2_12890076,2,12890076,NA,NA,NA,NA
S7_2177514,7,2177514,NA,NA,NA,NA
S9_101429045,9,101429045,NA,NA,NA,NA
S10_5483901,10,5483901,NA,NA,NA,NA
S9_76298951,9,76298951,NA,NA,NA,NA
S1_281071143,1,281071143,NA,NA,NA,NA
S9_105518620,9,105518620,NA,NA,NA,NA
S1_243462888,1,243462888,NA,NA,NA,NA
S4_62338149,4,62338149,NA,NA,NA,NA
S4_21430889,4,21430889,NA,NA,NA,NA
S5_204207566,5,204207566,NA,NA,NA,NA
S2_52284330,2,52284330,NA,NA,NA,NA
S6_103360606,6,103360606,NA,NA,NA,NA
S4_208810182,4,208810182,NA,NA,NA,NA
S2_196386917,2,196386917,NA,NA,NA,NA
S9_156572550,9,156572550,NA,NA,NA,NA
S8_157685722,8,157685722,NA,NA,NA,NA
S5_204760059,5,204760059,NA,NA,NA,NA
S4_232908534,4,232908534,NA,NA,NA,NA
S8_141929999,8,141929999,NA,NA,NA,NA
S3_6685182,3,6685182,NA,NA,NA,NA
S2_50644503,2,50644503,NA,NA,NA,NA
S7_129722852,7,129722852,NA,NA,NA,NA
S1_195185922,1,195185922,NA,NA,NA,NA
S2_17607287,2,17607287,NA,NA,NA,NA
S5_33968643,5,33968643,NA,NA,NA,NA
S5_54415340,5,54415340,NA,NA,NA,NA
S9_151969679,9,151969679,NA,NA,NA,NA
S8_146489464,8,146489464,NA,NA,NA,NA
S2_187075351,2,187075351,NA,NA,NA,NA
S7_170649006,7,170649006,NA,NA,NA,NA
S3_6089229,3,6089229,NA,NA,NA,NA
S8_155656616,8,155656616,NA,NA,NA,NA
S7_128569854,7,128569854,NA,NA,NA,NA
S5_178925335,5,178925335,NA,NA,NA,NA
S7_141010338,7,141010338,NA,NA,NA,NA
S4_174012423,4,174012423,NA,NA,NA,NA
S3_220747621,3,220747621,NA,NA,NA,NA
S4_187450147,4,187450147,NA,NA,NA,NA
S1_175294973,1,175294973,NA,NA,NA,NA
S8_165340850,8,165340850,NA,NA,NA,NA
S10_125850096,10,125850096,NA,NA,NA,NA
S1_187646720,1,187646720,NA,NA,NA,NA
S1_277213929,1,277213929,NA,NA,NA,NA
S6_152314067,6,152314067,NA,NA,NA,NA
S2_234031161,2,234031161,NA,NA,NA,NA
S2_234031180,2,234031180,NA,NA,NA,NA
S2_234031185,2,234031185,NA,NA,NA,NA
S1_53422401,1,53422401,NA,NA,NA,NA
S7_142781278,7,142781278,NA,NA,NA,NA
S7_85579750,7,85579750,NA,NA,NA,NA
S8_157638843,8,157638843,NA,NA,NA,NA
S7_160598929,7,160598929,NA,NA,NA,NA
S1_47320731,1,47320731,NA,NA,NA,NA
S9_8238476,9,8238476,NA,NA,NA,NA
S6_67456411,6,67456411,NA,NA,NA,NA
S6_156552502,6,156552502,NA,NA,NA,NA
S9_10468207,9,10468207,NA,NA,NA,NA
S5_138140800,5,138140800,NA,NA,NA,NA
S3_9070516,3,9070516,NA,NA,NA,NA
S9_122199295,9,122199295,NA,NA,NA,NA
S3_201228339,3,201228339,NA,NA,NA,NA
S8_161916773,8,161916773,NA,NA,NA,NA
S7_157455781,7,157455781,NA,NA,NA,NA
S3_162435981,3,162435981,NA,NA,NA,NA
S5_27682659,5,27682659,NA,NA,NA,NA
S2_79841346,2,79841346,NA,NA,NA,NA
S7_132184153,7,132184153,NA,NA,NA,NA
S7_21150475,7,21150475,NA,NA,NA,NA
S6_71620989,6,71620989,NA,NA,NA,NA
S5_214119121,5,214119121,NA,NA,NA,NA
S2_205898047,2,205898047,NA,NA,NA,NA
S7_129899121,7,129899121,NA,NA,NA,NA
S7_2630153,7,2630153,NA,NA,NA,NA
S7_127591879,7,127591879,NA,NA,NA,NA
S4_201462834,4,201462834,NA,NA,NA,NA
S7_79700744,7,79700744,NA,NA,NA,NA
S7_79700757,7,79700757,NA,NA,NA,NA
S6_1280759,6,1280759,NA,NA,NA,NA
S10_60536007,10,60536007,NA,NA,NA,NA
S10_60536009,10,60536009,NA,NA,NA,NA
S10_60536034,10,60536034,NA,NA,NA,NA
S9_2275240,9,2275240,NA,NA,NA,NA
S10_134413629,10,134413629,NA,NA,NA,NA
S1_171490146,1,171490146,NA,NA,NA,NA
S2_6142368,2,6142368,NA,NA,NA,NA
S9_128319653,9,128319653,NA,NA,NA,NA
S4_39796847,4,39796847,NA,NA,NA,NA
S5_47676684,5,47676684,NA,NA,NA,NA
S8_109951631,8,109951631,NA,NA,NA,NA
S2_233740261,2,233740261,NA,NA,NA,NA
S1_189081337,1,189081337,NA,NA,NA,NA
S3_188926808,3,188926808,NA,NA,NA,NA
S2_63751704,2,63751704,NA,NA,NA,NA
S10_148120002,10,148120002,NA,NA,NA,NA
S6_158478160,6,158478160,NA,NA,NA,NA
S2_188653837,2,188653837,NA,NA,NA,NA
S1_216164290,1,216164290,NA,NA,NA,NA
S5_174620026,5,174620026,NA,NA,NA,NA
S2_164859701,2,164859701,NA,NA,NA,NA
S1_196051515,1,196051515,NA,NA,NA,NA
S5_212687941,5,212687941,NA,NA,NA,NA
S1_211525444,1,211525444,NA,NA,NA,NA
S7_20620097,7,20620097,NA,NA,NA,NA
S2_188653768,2,188653768,NA,NA,NA,NA
S5_187020995,5,187020995,NA,NA,NA,NA
S2_67755876,2,67755876,NA,NA,NA,NA
S2_205945173,2,205945173,NA,NA,NA,NA
S2_6714943,2,6714943,NA,NA,NA,NA
S1_202169254,1,202169254,NA,NA,NA,NA
S9_133921795,9,133921795,NA,NA,NA,NA
S7_160084198,7,160084198,NA,NA,NA,NA
S1_45515637,1,45515637,NA,NA,NA,NA
S1_45515640,1,45515640,NA,NA,NA,NA
S4_183041738,4,183041738,NA,NA,NA,NA
S9_82727414,9,82727414,NA,NA,NA,NA
S1_228665432,1,228665432,NA,NA,NA,NA
S1_228665433,1,228665433,NA,NA,NA,NA
S1_228665437,1,228665437,NA,NA,NA,NA
S1_228665441,1,228665441,NA,NA,NA,NA
S1_228665442,1,228665442,NA,NA,NA,NA
S1_195338231,1,195338231,NA,NA,NA,NA
S5_159962411,5,159962411,NA,NA,NA,NA
S9_147965489,9,147965489,NA,NA,NA,NA
S3_190458308,3,190458308,NA,NA,NA,NA
S8_169418822,8,169418822,NA,NA,NA,NA
S4_14813834,4,14813834,NA,NA,NA,NA
S8_152706145,8,152706145,NA,NA,NA,NA
S2_22968017,2,22968017,NA,NA,NA,NA
S5_23161720,5,23161720,NA,NA,NA,NA
S3_10683580,3,10683580,NA,NA,NA,NA
S10_9532312,10,9532312,NA,NA,NA,NA
S3_11650491,3,11650491,NA,NA,NA,NA
S3_11650505,3,11650505,NA,NA,NA,NA
S9_11929597,9,11929597,NA,NA,NA,NA
S1_295020515,1,295020515,NA,NA,NA,NA
S1_295020516,1,295020516,NA,NA,NA,NA
S9_26826656,9,26826656,NA,NA,NA,NA
S7_19354502,7,19354502,NA,NA,NA,NA
S6_165624948,6,165624948,NA,NA,NA,NA
S3_189936691,3,189936691,NA,NA,NA,NA
S3_51716560,3,51716560,NA,NA,NA,NA
S9_147090837,9,147090837,NA,NA,NA,NA
S7_151731503,7,151731503,NA,NA,NA,NA
S6_166828899,6,166828899,NA,NA,NA,NA
S8_173805777,8,173805777,NA,NA,NA,NA
S10_143712478,10,143712478,NA,NA,NA,NA
S2_196294337,2,196294337,NA,NA,NA,NA
S10_1877056,10,1877056,NA,NA,NA,NA
S8_172705858,8,172705858,NA,NA,NA,NA
S2_193815565,2,193815565,NA,NA,NA,NA
S9_96718260,9,96718260,NA,NA,NA,NA
S5_56903354,5,56903354,NA,NA,NA,NA
S6_87402825,6,87402825,NA,NA,NA,NA
S6_87402829,6,87402829,NA,NA,NA,NA
S6_87402833,6,87402833,NA,NA,NA,NA
S6_87402835,6,87402835,NA,NA,NA,NA
S6_87402836,6,87402836,NA,NA,NA,NA
S6_87402840,6,87402840,NA,NA,NA,NA
S6_87402841,6,87402841,NA,NA,NA,NA
S6_87402847,6,87402847,NA,NA,NA,NA
S1_79005940,1,79005940,NA,NA,NA,NA
S2_6466949,2,6466949,NA,NA,NA,NA
S8_6920282,8,6920282,NA,NA,NA,NA
S5_36520884,5,36520884,NA,NA,NA,NA
S2_177009658,2,177009658,NA,NA,NA,NA
S8_23770434,8,23770434,NA,NA,NA,NA
S5_4278254,5,4278254,NA,NA,NA,NA
S2_6983601,2,6983601,NA,NA,NA,NA
S5_1042978,5,1042978,NA,NA,NA,NA
S5_131461894,5,131461894,NA,NA,NA,NA
S10_125973305,10,125973305,NA,NA,NA,NA
S3_206481439,3,206481439,NA,NA,NA,NA
S1_61700212,1,61700212,NA,NA,NA,NA
S9_102401661,9,102401661,NA,NA,NA,NA
S3_5989986,3,5989986,NA,NA,NA,NA
S6_162013599,6,162013599,NA,NA,NA,NA
S10_78140897,10,78140897,NA,NA,NA,NA
S10_148991777,10,148991777,NA,NA,NA,NA
S7_158939359,7,158939359,NA,NA,NA,NA
S4_233636440,4,233636440,NA,NA,NA,NA
S7_78812743,7,78812743,NA,NA,NA,NA
S7_78812761,7,78812761,NA,NA,NA,NA
S1_50104712,1,50104712,NA,NA,NA,NA
S6_103141150,6,103141150,NA,NA,NA,NA
S9_135891941,9,135891941,NA,NA,NA,NA
S7_165800758,7,165800758,NA,NA,NA,NA
S7_145095053,7,145095053,NA,NA,NA,NA
S7_145095054,7,145095054,NA,NA,NA,NA
S1_2537494,1,2537494,NA,NA,NA,NA
S3_153764074,3,153764074,NA,NA,NA,NA
S1_171057470,1,171057470,NA,NA,NA,NA
S1_171057471,1,171057471,NA,NA,NA,NA
S3_20385782,3,20385782,NA,NA,NA,NA
S6_2006335,6,2006335,NA,NA,NA,NA
S8_134080503,8,134080503,NA,NA,NA,NA
S2_176872713,2,176872713,NA,NA,NA,NA
S3_24905339,3,24905339,NA,NA,NA,NA
S4_181231442,4,181231442,NA,NA,NA,NA
S1_179646165,1,179646165,NA,NA,NA,NA
S2_193836047,2,193836047,NA,NA,NA,NA
S3_147938363,3,147938363,NA,NA,NA,NA
S1_251103140,1,251103140,NA,NA,NA,NA
S8_2288877,8,2288877,NA,NA,NA,NA
S5_23161709,5,23161709,NA,NA,NA,NA
S8_16770747,8,16770747,NA,NA,NA,NA
S2_15475287,2,15475287,NA,NA,NA,NA
S5_205791371,5,205791371,NA,NA,NA,NA
S2_14806014,2,14806014,NA,NA,NA,NA
S2_17256498,2,17256498,NA,NA,NA,NA
S1_197262327,1,197262327,NA,NA,NA,NA
S8_172197956,8,172197956,NA,NA,NA,NA
S1_246479491,1,246479491,NA,NA,NA,NA
S3_204129275,3,204129275,NA,NA,NA,NA
S2_19460066,2,19460066,NA,NA,NA,NA
S7_140248915,7,140248915,NA,NA,NA,NA
S1_273281607,1,273281607,NA,NA,NA,NA
S5_205362487,5,205362487,NA,NA,NA,NA
S5_215700941,5,215700941,NA,NA,NA,NA
S6_164775847,6,164775847,NA,NA,NA,NA
S8_166793291,8,166793291,NA,NA,NA,NA
S7_157473915,7,157473915,NA,NA,NA,NA
S5_13177638,5,13177638,NA,NA,NA,NA
S6_156393353,6,156393353,NA,NA,NA,NA
S6_156393356,6,156393356,NA,NA,NA,NA
S2_177009663,2,177009663,NA,NA,NA,NA
S8_35814899,8,35814899,NA,NA,NA,NA
S8_35814906,8,35814906,NA,NA,NA,NA
S4_178889523,4,178889523,NA,NA,NA,NA
S4_115974192,4,115974192,NA,NA,NA,NA
S3_123784490,3,123784490,NA,NA,NA,NA
S2_165068936,2,165068936,NA,NA,NA,NA
S3_187484339,3,187484339,NA,NA,NA,NA
S7_108699216,7,108699216,NA,NA,NA,NA
S1_272830294,1,272830294,NA,NA,NA,NA
S2_196304597,2,196304597,NA,NA,NA,NA
S1_194730943,1,194730943,NA,NA,NA,NA
S3_173022405,3,173022405,NA,NA,NA,NA
S9_25084982,9,25084982,NA,NA,NA,NA
S6_151570524,6,151570524,NA,NA,NA,NA
S1_16122865,1,16122865,NA,NA,NA,NA
S9_17445969,9,17445969,NA,NA,NA,NA
S5_208198557,5,208198557,NA,NA,NA,NA
S8_142244221,8,142244221,NA,NA,NA,NA
S9_64808925,9,64808925,NA,NA,NA,NA
S10_138027079,10,138027079,NA,NA,NA,NA
S5_10417899,5,10417899,NA,NA,NA,NA
S6_167436407,6,167436407,NA,NA,NA,NA
S3_3432255,3,3432255,NA,NA,NA,NA
S7_160561211,7,160561211,NA,NA,NA,NA
S6_160624528,6,160624528,NA,NA,NA,NA
S6_160624531,6,160624531,NA,NA,NA,NA
S7_127585813,7,127585813,NA,NA,NA,NA
S8_165858716,8,165858716,NA,NA,NA,NA
S4_170516528,4,170516528,NA,NA,NA,NA
S2_234111521,2,234111521,NA,NA,NA,NA
S9_45195962,9,45195962,NA,NA,NA,NA
S8_170708098,8,170708098,NA,NA,NA,NA
S8_170708099,8,170708099,NA,NA,NA,NA
S10_9532314,10,9532314,NA,NA,NA,NA
S7_155304092,7,155304092,NA,NA,NA,NA
S9_60450988,9,60450988,NA,NA,NA,NA
S7_34636944,7,34636944,NA,NA,NA,NA
S1_264759531,1,264759531,NA,NA,NA,NA
S10_67061822,10,67061822,NA,NA,NA,NA
S1_196214109,1,196214109,NA,NA,NA,NA
S1_198743035,1,198743035,NA,NA,NA,NA
S8_10013016,8,10013016,NA,NA,NA,NA
S9_153187552,9,153187552,NA,NA,NA,NA
S6_96337869,6,96337869,NA,NA,NA,NA
S3_204131213,3,204131213,NA,NA,NA,NA
S9_143804017,9,143804017,NA,NA,NA,NA
S5_21351243,5,21351243,NA,NA,NA,NA
S3_157085285,3,157085285,NA,NA,NA,NA
S4_228626309,4,228626309,NA,NA,NA,NA
S4_139983709,4,139983709,NA,NA,NA,NA
S4_83198069,4,83198069,NA,NA,NA,NA
S10_144854308,10,144854308,NA,NA,NA,NA
S3_155667760,3,155667760,NA,NA,NA,NA
S3_108514941,3,108514941,NA,NA,NA,NA
S6_89465267,6,89465267,NA,NA,NA,NA
S7_147061096,7,147061096,NA,NA,NA,NA
S8_12870741,8,12870741,NA,NA,NA,NA
S1_39857337,1,39857337,NA,NA,NA,NA
S10_147588159,10,147588159,NA,NA,NA,NA
S3_90023939,3,90023939,NA,NA,NA,NA
S8_35643925,8,35643925,NA,NA,NA,NA
S3_94138742,3,94138742,NA,NA,NA,NA
S9_87131661,9,87131661,NA,NA,NA,NA
S2_1959073,2,1959073,NA,NA,NA,NA
S4_177124548,4,177124548,NA,NA,NA,NA
S2_58491779,2,58491779,NA,NA,NA,NA
S1_105952686,1,105952686,NA,NA,NA,NA
S8_159909053,8,159909053,NA,NA,NA,NA
S1_278034389,1,278034389,NA,NA,NA,NA
S1_187400044,1,187400044,NA,NA,NA,NA
S7_108844991,7,108844991,NA,NA,NA,NA
S6_107152671,6,107152671,NA,NA,NA,NA
S4_124564794,4,124564794,NA,NA,NA,NA
S1_260655858,1,260655858,NA,NA,NA,NA
S5_13798512,5,13798512,NA,NA,NA,NA
S3_221218406,3,221218406,NA,NA,NA,NA
S3_2720139,3,2720139,NA,NA,NA,NA
S10_137502489,10,137502489,NA,NA,NA,NA
S1_149553266,1,149553266,NA,NA,NA,NA
S4_33703035,4,33703035,NA,NA,NA,NA
S3_86197916,3,86197916,NA,NA,NA,NA
S6_75630703,6,75630703,NA,NA,NA,NA
S3_217877737,3,217877737,NA,NA,NA,NA
S9_147612816,9,147612816,NA,NA,NA,NA
S10_140863418,10,140863418,NA,NA,NA,NA
S8_152460769,8,152460769,NA,NA,NA,NA
S5_184699627,5,184699627,NA,NA,NA,NA
S1_80767101,1,80767101,NA,NA,NA,NA
S7_91516939,7,91516939,NA,NA,NA,NA
S7_91516973,7,91516973,NA,NA,NA,NA
S2_124107334,2,124107334,NA,NA,NA,NA
S7_8048158,7,8048158,NA,NA,NA,NA
S9_116242787,9,116242787,NA,NA,NA,NA
S10_136012183,10,136012183,NA,NA,NA,NA
S3_19165610,3,19165610,NA,NA,NA,NA
S10_17601451,10,17601451,NA,NA,NA,NA
S4_182586453,4,182586453,NA,NA,NA,NA
S2_12437951,2,12437951,NA,NA,NA,NA
S2_236351303,2,236351303,NA,NA,NA,NA
S9_100789058,9,100789058,NA,NA,NA,NA
S5_214075260,5,214075260,NA,NA,NA,NA
S1_16783688,1,16783688,NA,NA,NA,NA
S2_207974780,2,207974780,NA,NA,NA,NA
S5_209722234,5,209722234,NA,NA,NA,NA
S1_32052139,1,32052139,NA,NA,NA,NA
S6_159626065,6,159626065,NA,NA,NA,NA
S5_39883706,5,39883706,NA,NA,NA,NA
S10_1916581,10,1916581,NA,NA,NA,NA
S3_210358518,3,210358518,NA,NA,NA,NA
S3_210358533,3,210358533,NA,NA,NA,NA
S8_834128,8,834128,NA,NA,NA,NA
S7_9701744,7,9701744,NA,NA,NA,NA
S10_1905197,10,1905197,NA,NA,NA,NA
S8_101775361,8,101775361,NA,NA,NA,NA
S5_208350851,5,208350851,NA,NA,NA,NA
S1_1957407,1,1957407,NA,NA,NA,NA
S4_185180704,4,185180704,NA,NA,NA,NA
S6_62187958,6,62187958,NA,NA,NA,NA
S1_67250280,1,67250280,NA,NA,NA,NA
S5_190295726,5,190295726,NA,NA,NA,NA
S10_140656374,10,140656374,NA,NA,NA,NA
S6_142647714,6,142647714,NA,NA,NA,NA
S5_212684787,5,212684787,NA,NA,NA,NA
S6_157029418,6,157029418,NA,NA,NA,NA
S4_134995001,4,134995001,NA,NA,NA,NA
S3_2061384,3,2061384,NA,NA,NA,NA
S7_154064983,7,154064983,NA,NA,NA,NA
S7_154064988,7,154064988,NA,NA,NA,NA
S8_154106525,8,154106525,NA,NA,NA,NA
S6_151201301,6,151201301,NA,NA,NA,NA
S1_88634285,1,88634285,NA,NA,NA,NA
S9_25816294,9,25816294,NA,NA,NA,NA
S6_157483747,6,157483747,NA,NA,NA,NA
S1_38850971,1,38850971,NA,NA,NA,NA
S5_8262455,5,8262455,NA,NA,NA,NA
S7_168995208,7,168995208,NA,NA,NA,NA
S8_17970324,8,17970324,NA,NA,NA,NA
S1_10096289,1,10096289,NA,NA,NA,NA
S1_87766721,1,87766721,NA,NA,NA,NA
S6_111238846,6,111238846,NA,NA,NA,NA
S1_211673093,1,211673093,NA,NA,NA,NA
S3_154659573,3,154659573,NA,NA,NA,NA
S2_43353333,2,43353333,NA,NA,NA,NA
S1_283861184,1,283861184,NA,NA,NA,NA
S3_141572300,3,141572300,NA,NA,NA,NA
S4_79106228,4,79106228,NA,NA,NA,NA
S10_89985315,10,89985315,NA,NA,NA,NA
S1_294100264,1,294100264,NA,NA,NA,NA
S4_1484946,4,1484946,NA,NA,NA,NA
S8_108568614,8,108568614,NA,NA,NA,NA
S3_33745544,3,33745544,NA,NA,NA,NA
S6_159623379,6,159623379,NA,NA,NA,NA
S1_4601764,1,4601764,NA,NA,NA,NA
S2_222447170,2,222447170,NA,NA,NA,NA
S2_222447183,2,222447183,NA,NA,NA,NA
S9_120079847,9,120079847,NA,NA,NA,NA
S10_139075941,10,139075941,NA,NA,NA,NA
S10_139075993,10,139075993,NA,NA,NA,NA
S10_139075995,10,139075995,NA,NA,NA,NA
S1_183782339,1,183782339,NA,NA,NA,NA
S4_25743188,4,25743188,NA,NA,NA,NA
S6_3285336,6,3285336,NA,NA,NA,NA
S7_170818418,7,170818418,NA,NA,NA,NA
S6_155627826,6,155627826,NA,NA,NA,NA
S10_106314135,10,106314135,NA,NA,NA,NA
S2_30548344,2,30548344,NA,NA,NA,NA
S2_19459495,2,19459495,NA,NA,NA,NA
S5_6688473,5,6688473,NA,NA,NA,NA
S3_227087123,3,227087123,NA,NA,NA,NA
S4_233225172,4,233225172,NA,NA,NA,NA
S2_10664938,2,10664938,NA,NA,NA,NA
S6_158470903,6,158470903,NA,NA,NA,NA
S10_138027020,10,138027020,NA,NA,NA,NA
S4_193523541,4,193523541,NA,NA,NA,NA
S2_218845350,2,218845350,NA,NA,NA,NA
S3_188337330,3,188337330,NA,NA,NA,NA
S9_139846090,9,139846090,NA,NA,NA,NA
S9_127293998,9,127293998,NA,NA,NA,NA
S2_32517947,2,32517947,NA,NA,NA,NA
S1_282901564,1,282901564,NA,NA,NA,NA
S9_41830419,9,41830419,NA,NA,NA,NA
S9_130096826,9,130096826,NA,NA,NA,NA
S6_143989522,6,143989522,NA,NA,NA,NA
S3_90023959,3,90023959,NA,NA,NA,NA
S4_194976102,4,194976102,NA,NA,NA,NA
S4_80247885,4,80247885,NA,NA,NA,NA
S10_144979896,10,144979896,NA,NA,NA,NA
S1_291102391,1,291102391,NA,NA,NA,NA
S5_42846113,5,42846113,NA,NA,NA,NA
S8_152705919,8,152705919,NA,NA,NA,NA
S9_16731863,9,16731863,NA,NA,NA,NA
S9_147708140,9,147708140,NA,NA,NA,NA
S4_17742333,4,17742333,NA,NA,NA,NA
S1_292891535,1,292891535,NA,NA,NA,NA
S7_15329051,7,15329051,NA,NA,NA,NA
S5_214502445,5,214502445,NA,NA,NA,NA
S7_135815687,7,135815687,NA,NA,NA,NA
S5_151990574,5,151990574,NA,NA,NA,NA
S4_240232172,4,240232172,NA,NA,NA,NA
S4_227210371,4,227210371,NA,NA,NA,NA
S9_12870737,9,12870737,NA,NA,NA,NA
S2_20007319,2,20007319,NA,NA,NA,NA
S1_197059042,1,197059042,NA,NA,NA,NA
S4_37321336,4,37321336,NA,NA,NA,NA
S8_8285981,8,8285981,NA,NA,NA,NA
S1_165404690,1,165404690,NA,NA,NA,NA
S5_26972170,5,26972170,NA,NA,NA,NA
S4_235074068,4,235074068,NA,NA,NA,NA
S2_41485738,2,41485738,NA,NA,NA,NA
S7_173041093,7,173041093,NA,NA,NA,NA
S5_37256214,5,37256214,NA,NA,NA,NA
S4_90676084,4,90676084,NA,NA,NA,NA
S3_187172573,3,187172573,NA,NA,NA,NA
S3_187172578,3,187172578,NA,NA,NA,NA
S4_213037936,4,213037936,NA,NA,NA,NA
S6_165635604,6,165635604,NA,NA,NA,NA
S5_159332575,5,159332575,NA,NA,NA,NA
S5_159332580,5,159332580,NA,NA,NA,NA
S10_120535558,10,120535558,NA,NA,NA,NA
S6_6259199,6,6259199,NA,NA,NA,NA
S6_6259217,6,6259217,NA,NA,NA,NA
S6_6259219,6,6259219,NA,NA,NA,NA
S6_6259220,6,6259220,NA,NA,NA,NA
S6_6259222,6,6259222,NA,NA,NA,NA
S6_6259223,6,6259223,NA,NA,NA,NA
S10_1501187,10,1501187,NA,NA,NA,NA
S1_210096708,1,210096708,NA,NA,NA,NA
S5_204625112,5,204625112,NA,NA,NA,NA
S9_43791221,9,43791221,NA,NA,NA,NA
S2_148717726,2,148717726,NA,NA,NA,NA
S5_53081626,5,53081626,NA,NA,NA,NA
S6_150840674,6,150840674,NA,NA,NA,NA
S4_205979802,4,205979802,NA,NA,NA,NA
S4_205979805,4,205979805,NA,NA,NA,NA
S4_205979814,4,205979814,NA,NA,NA,NA
S8_101755334,8,101755334,NA,NA,NA,NA
S7_85263467,7,85263467,NA,NA,NA,NA
S9_19229859,9,19229859,NA,NA,NA,NA
S9_19229892,9,19229892,NA,NA,NA,NA
S8_90967469,8,90967469,NA,NA,NA,NA
S4_14819678,4,14819678,NA,NA,NA,NA
S5_180279911,5,180279911,NA,NA,NA,NA
S7_123505228,7,123505228,NA,NA,NA,NA
S2_2120469,2,2120469,NA,NA,NA,NA
S2_183402893,2,183402893,NA,NA,NA,NA
S3_44046965,3,44046965,NA,NA,NA,NA
S6_132261939,6,132261939,NA,NA,NA,NA
S3_158525388,3,158525388,NA,NA,NA,NA
S9_88927144,9,88927144,NA,NA,NA,NA
S4_41837298,4,41837298,NA,NA,NA,NA
S5_2323739,5,2323739,NA,NA,NA,NA
S3_18184717,3,18184717,NA,NA,NA,NA
S7_169924534,7,169924534,NA,NA,NA,NA
S1_191199847,1,191199847,NA,NA,NA,NA
S8_19122987,8,19122987,NA,NA,NA,NA
S3_220747617,3,220747617,NA,NA,NA,NA
S10_2228348,10,2228348,NA,NA,NA,NA
S2_7201719,2,7201719,NA,NA,NA,NA
S10_99473222,10,99473222,NA,NA,NA,NA
S4_159211429,4,159211429,NA,NA,NA,NA
S2_234229139,2,234229139,NA,NA,NA,NA
S5_200907559,5,200907559,NA,NA,NA,NA
S3_88709102,3,88709102,NA,NA,NA,NA
S5_53980621,5,53980621,NA,NA,NA,NA
S2_232386302,2,232386302,NA,NA,NA,NA
S6_119876732,6,119876732,NA,NA,NA,NA
S4_182295953,4,182295953,NA,NA,NA,NA
S4_203097881,4,203097881,NA,NA,NA,NA
S7_136855242,7,136855242,NA,NA,NA,NA
S7_167224250,7,167224250,NA,NA,NA,NA
S6_159014283,6,159014283,NA,NA,NA,NA
S6_155454616,6,155454616,NA,NA,NA,NA
S6_155454625,6,155454625,NA,NA,NA,NA
S2_54962595,2,54962595,NA,NA,NA,NA
S1_19642471,1,19642471,NA,NA,NA,NA
S1_209124561,1,209124561,NA,NA,NA,NA
S7_162959549,7,162959549,NA,NA,NA,NA
S4_157119339,4,157119339,NA,NA,NA,NA
S1_25745017,1,25745017,NA,NA,NA,NA
S7_141142142,7,141142142,NA,NA,NA,NA
S7_149917755,7,149917755,NA,NA,NA,NA
S6_155627790,6,155627790,NA,NA,NA,NA
S3_194820645,3,194820645,NA,NA,NA,NA
S1_299122124,1,299122124,NA,NA,NA,NA
S2_1713666,2,1713666,NA,NA,NA,NA
S1_33162287,1,33162287,NA,NA,NA,NA
S4_18575681,4,18575681,NA,NA,NA,NA
S4_240113257,4,240113257,NA,NA,NA,NA
S1_45425785,1,45425785,NA,NA,NA,NA
S5_176992082,5,176992082,NA,NA,NA,NA
S2_211483902,2,211483902,NA,NA,NA,NA
S6_18646972,6,18646972,NA,NA,NA,NA
S4_184897150,4,184897150,NA,NA,NA,NA
S9_124947630,9,124947630,NA,NA,NA,NA
S10_147890652,10,147890652,NA,NA,NA,NA
S1_264708575,1,264708575,NA,NA,NA,NA
S5_204542804,5,204542804,NA,NA,NA,NA
S9_138707938,9,138707938,NA,NA,NA,NA
S1_179589071,1,179589071,NA,NA,NA,NA
S2_187687710,2,187687710,NA,NA,NA,NA
S3_228449466,3,228449466,NA,NA,NA,NA
S1_208107175,1,208107175,NA,NA,NA,NA
S1_53634263,1,53634263,NA,NA,NA,NA
S3_2626998,3,2626998,NA,NA,NA,NA
S2_107850088,2,107850088,NA,NA,NA,NA
S10_139314740,10,139314740,NA,NA,NA,NA
S1_279126368,1,279126368,NA,NA,NA,NA
S7_162398928,7,162398928,NA,NA,NA,NA
S7_19055692,7,19055692,NA,NA,NA,NA
S10_6402710,10,6402710,NA,NA,NA,NA
S3_3478921,3,3478921,NA,NA,NA,NA
S5_209285428,5,209285428,NA,NA,NA,NA
S1_278352686,1,278352686,NA,NA,NA,NA
S1_298584836,1,298584836,NA,NA,NA,NA
S7_47935762,7,47935762,NA,NA,NA,NA
S6_31419151,6,31419151,NA,NA,NA,NA
S10_74888597,10,74888597,NA,NA,NA,NA
S7_154740964,7,154740964,NA,NA,NA,NA
S1_278034724,1,278034724,NA,NA,NA,NA
S7_112632740,7,112632740,NA,NA,NA,NA
S7_121224331,7,121224331,NA,NA,NA,NA
S1_208431345,1,208431345,NA,NA,NA,NA
S9_137763709,9,137763709,NA,NA,NA,NA
S10_99205466,10,99205466,NA,NA,NA,NA
S1_29740514,1,29740514,NA,NA,NA,NA
S3_48300343,3,48300343,NA,NA,NA,NA
S1_281071269,1,281071269,NA,NA,NA,NA
S2_185171119,2,185171119,NA,NA,NA,NA
S2_185171134,2,185171134,NA,NA,NA,NA
S5_29917915,5,29917915,NA,NA,NA,NA
S1_209126451,1,209126451,NA,NA,NA,NA
S1_179344176,1,179344176,NA,NA,NA,NA
S1_183801487,1,183801487,NA,NA,NA,NA
S4_18936748,4,18936748,NA,NA,NA,NA
S6_160330852,6,160330852,NA,NA,NA,NA
S6_160330859,6,160330859,NA,NA,NA,NA
S7_170990033,7,170990033,NA,NA,NA,NA
S1_273097554,1,273097554,NA,NA,NA,NA
S10_124732320,10,124732320,NA,NA,NA,NA
S1_50328874,1,50328874,NA,NA,NA,NA
S3_85662666,3,85662666,NA,NA,NA,NA
S9_126019124,9,126019124,NA,NA,NA,NA
S2_201799334,2,201799334,NA,NA,NA,NA
S6_79014627,6,79014627,NA,NA,NA,NA
S8_106743096,8,106743096,NA,NA,NA,NA
S1_36917000,1,36917000,NA,NA,NA,NA
S7_150898102,7,150898102,NA,NA,NA,NA
S4_237503707,4,237503707,NA,NA,NA,NA
S1_258657815,1,258657815,NA,NA,NA,NA
S8_33667170,8,33667170,NA,NA,NA,NA
S10_108360057,10,108360057,NA,NA,NA,NA
S10_108360088,10,108360088,NA,NA,NA,NA
S2_189571754,2,189571754,NA,NA,NA,NA
S5_20915976,5,20915976,NA,NA,NA,NA
S9_58451009,9,58451009,NA,NA,NA,NA
S7_25995914,7,25995914,NA,NA,NA,NA
S7_25995917,7,25995917,NA,NA,NA,NA
S7_150780867,7,150780867,NA,NA,NA,NA
S1_176845485,1,176845485,NA,NA,NA,NA
S1_252631380,1,252631380,NA,NA,NA,NA
S8_130926728,8,130926728,NA,NA,NA,NA
S7_154747579,7,154747579,NA,NA,NA,NA
S8_168167679,8,168167679,NA,NA,NA,NA
S3_86874194,3,86874194,NA,NA,NA,NA
S9_136379133,9,136379133,NA,NA,NA,NA
S10_112284208,10,112284208,NA,NA,NA,NA
S1_290121095,1,290121095,NA,NA,NA,NA
S4_32143242,4,32143242,NA,NA,NA,NA
S6_139275769,6,139275769,NA,NA,NA,NA
S2_11754585,2,11754585,NA,NA,NA,NA
S7_174328379,7,174328379,NA,NA,NA,NA
S6_57491574,6,57491574,NA,NA,NA,NA
S1_207689016,1,207689016,NA,NA,NA,NA
S2_214063899,2,214063899,NA,NA,NA,NA
S8_175069749,8,175069749,NA,NA,NA,NA
S8_173346667,8,173346667,NA,NA,NA,NA
S8_173346675,8,173346675,NA,NA,NA,NA
S1_45740208,1,45740208,NA,NA,NA,NA
S7_118522164,7,118522164,NA,NA,NA,NA
S5_56424050,5,56424050,NA,NA,NA,NA
S2_51098036,2,51098036,NA,NA,NA,NA
S4_234391907,4,234391907,NA,NA,NA,NA
S4_234391952,4,234391952,NA,NA,NA,NA
S10_100028483,10,100028483,NA,NA,NA,NA
S10_100028496,10,100028496,NA,NA,NA,NA
S10_100028507,10,100028507,NA,NA,NA,NA
S10_147997818,10,147997818,NA,NA,NA,NA
S5_50451617,5,50451617,NA,NA,NA,NA
S8_166652124,8,166652124,NA,NA,NA,NA
S4_199282762,4,199282762,NA,NA,NA,NA
S1_166060710,1,166060710,NA,NA,NA,NA
S4_198082046,4,198082046,NA,NA,NA,NA
S10_128815022,10,128815022,NA,NA,NA,NA
S4_196984902,4,196984902,NA,NA,NA,NA
S5_30601213,5,30601213,NA,NA,NA,NA
S1_38317522,1,38317522,NA,NA,NA,NA
S2_214671934,2,214671934,NA,NA,NA,NA
S7_143873643,7,143873643,NA,NA,NA,NA
S6_159210919,6,159210919,NA,NA,NA,NA
S9_140974370,9,140974370,NA,NA,NA,NA
S1_60153873,1,60153873,NA,NA,NA,NA
S2_173833012,2,173833012,NA,NA,NA,NA
S2_234533233,2,234533233,NA,NA,NA,NA
S3_63695713,3,63695713,NA,NA,NA,NA
S5_213588619,5,213588619,NA,NA,NA,NA
S3_21635411,3,21635411,NA,NA,NA,NA
S2_232386325,2,232386325,NA,NA,NA,NA
S7_82655928,7,82655928,NA,NA,NA,NA
S10_10290870,10,10290870,NA,NA,NA,NA
S2_14467324,2,14467324,NA,NA,NA,NA
S1_244977934,1,244977934,NA,NA,NA,NA
S9_19292083,9,19292083,NA,NA,NA,NA
S3_223961638,3,223961638,NA,NA,NA,NA
S3_219575881,3,219575881,NA,NA,NA,NA
S3_219575885,3,219575885,NA,NA,NA,NA
S2_236974098,2,236974098,NA,NA,NA,NA
S4_5012732,4,5012732,NA,NA,NA,NA
S4_230348667,4,230348667,NA,NA,NA,NA
S8_166796086,8,166796086,NA,NA,NA,NA
S3_151940820,3,151940820,NA,NA,NA,NA
S5_159912918,5,159912918,NA,NA,NA,NA
S10_142365046,10,142365046,NA,NA,NA,NA
S10_142365047,10,142365047,NA,NA,NA,NA
S10_9406249,10,9406249,NA,NA,NA,NA
S3_194007338,3,194007338,NA,NA,NA,NA
S8_173061821,8,173061821,NA,NA,NA,NA
S3_126156717,3,126156717,NA,NA,NA,NA
S9_90367164,9,90367164,NA,NA,NA,NA
S5_68511808,5,68511808,NA,NA,NA,NA
S5_198777247,5,198777247,NA,NA,NA,NA
S3_49619609,3,49619609,NA,NA,NA,NA
S1_206062224,1,206062224,NA,NA,NA,NA
S8_29615025,8,29615025,NA,NA,NA,NA
S3_115291783,3,115291783,NA,NA,NA,NA
S9_148200036,9,148200036,NA,NA,NA,NA
S7_19347598,7,19347598,NA,NA,NA,NA
S4_3893416,4,3893416,NA,NA,NA,NA
S5_213946223,5,213946223,NA,NA,NA,NA
S2_136563244,2,136563244,NA,NA,NA,NA
S5_6139630,5,6139630,NA,NA,NA,NA
S6_5642804,6,5642804,NA,NA,NA,NA
S8_118401650,8,118401650,NA,NA,NA,NA
S7_10651847,7,10651847,NA,NA,NA,NA
S3_219195139,3,219195139,NA,NA,NA,NA
S9_138887157,9,138887157,NA,NA,NA,NA
S9_138887163,9,138887163,NA,NA,NA,NA
S6_112349494,6,112349494,NA,NA,NA,NA
S8_147066006,8,147066006,NA,NA,NA,NA
S6_125190126,6,125190126,NA,NA,NA,NA
S3_199256495,3,199256495,NA,NA,NA,NA
S3_10684911,3,10684911,NA,NA,NA,NA
S3_10684930,3,10684930,NA,NA,NA,NA
S8_8731077,8,8731077,NA,NA,NA,NA
S9_151993440,9,151993440,NA,NA,NA,NA
S7_127373465,7,127373465,NA,NA,NA,NA
S2_216927913,2,216927913,NA,NA,NA,NA
S3_3836315,3,3836315,NA,NA,NA,NA
S3_2154838,3,2154838,NA,NA,NA,NA
S2_17610287,2,17610287,NA,NA,NA,NA
S1_268937350,1,268937350,NA,NA,NA,NA
S1_268937351,1,268937351,NA,NA,NA,NA
S8_140192740,8,140192740,NA,NA,NA,NA
S10_88117979,10,88117979,NA,NA,NA,NA
S3_38048617,3,38048617,NA,NA,NA,NA
S6_99884583,6,99884583,NA,NA,NA,NA
S10_144675446,10,144675446,NA,NA,NA,NA
S3_166796921,3,166796921,NA,NA,NA,NA
S3_49055070,3,49055070,NA,NA,NA,NA
S1_273096694,1,273096694,NA,NA,NA,NA
S7_171704435,7,171704435,NA,NA,NA,NA
S3_213801940,3,213801940,NA,NA,NA,NA
S10_143169822,10,143169822,NA,NA,NA,NA
S2_22294151,2,22294151,NA,NA,NA,NA
S5_129223076,5,129223076,NA,NA,NA,NA
S9_118825662,9,118825662,NA,NA,NA,NA
S9_28846511,9,28846511,NA,NA,NA,NA
S4_163398770,4,163398770,NA,NA,NA,NA
S10_142166770,10,142166770,NA,NA,NA,NA
S4_26377809,4,26377809,NA,NA,NA,NA
S6_2881364,6,2881364,NA,NA,NA,NA
S4_174954849,4,174954849,NA,NA,NA,NA
S1_99990016,1,99990016,NA,NA,NA,NA
S9_130093173,9,130093173,NA,NA,NA,NA
S1_251041447,1,251041447,NA,NA,NA,NA
S8_38701797,8,38701797,NA,NA,NA,NA
S8_166653395,8,166653395,NA,NA,NA,NA
S4_235333766,4,235333766,NA,NA,NA,NA
S10_121720627,10,121720627,NA,NA,NA,NA
S10_121720637,10,121720637,NA,NA,NA,NA
S5_205145857,5,205145857,NA,NA,NA,NA
S5_205145880,5,205145880,NA,NA,NA,NA
S4_152398017,4,152398017,NA,NA,NA,NA
S3_142895306,3,142895306,NA,NA,NA,NA
S1_244514669,1,244514669,NA,NA,NA,NA
S1_244514672,1,244514672,NA,NA,NA,NA
S4_13947498,4,13947498,NA,NA,NA,NA
S4_13947501,4,13947501,NA,NA,NA,NA
S6_165945880,6,165945880,NA,NA,NA,NA
S5_213915806,5,213915806,NA,NA,NA,NA
S1_205565502,1,205565502,NA,NA,NA,NA
S2_43379174,2,43379174,NA,NA,NA,NA
S4_3746503,4,3746503,NA,NA,NA,NA
S4_11254483,4,11254483,NA,NA,NA,NA
S1_227255159,1,227255159,NA,NA,NA,NA
S3_1349427,3,1349427,NA,NA,NA,NA
S2_218856854,2,218856854,NA,NA,NA,NA
S7_100404304,7,100404304,NA,NA,NA,NA
S6_142323056,6,142323056,NA,NA,NA,NA
S2_3106219,2,3106219,NA,NA,NA,NA
S3_226989905,3,226989905,NA,NA,NA,NA
S9_139846087,9,139846087,NA,NA,NA,NA
S6_147022825,6,147022825,NA,NA,NA,NA
S9_22160887,9,22160887,NA,NA,NA,NA
S2_12352551,2,12352551,NA,NA,NA,NA
S6_59890305,6,59890305,NA,NA,NA,NA
S6_59890306,6,59890306,NA,NA,NA,NA
S8_81247664,8,81247664,NA,NA,NA,NA
S7_154627533,7,154627533,NA,NA,NA,NA
S6_152461110,6,152461110,NA,NA,NA,NA
S3_225204918,3,225204918,NA,NA,NA,NA
S2_85608688,2,85608688,NA,NA,NA,NA
S2_85608696,2,85608696,NA,NA,NA,NA
S2_26287935,2,26287935,NA,NA,NA,NA
S1_15492078,1,15492078,NA,NA,NA,NA
S5_216619610,5,216619610,NA,NA,NA,NA
S2_30548351,2,30548351,NA,NA,NA,NA
S10_61678084,10,61678084,NA,NA,NA,NA
S3_15433422,3,15433422,NA,NA,NA,NA
S7_157167728,7,157167728,NA,NA,NA,NA
S9_153509083,9,153509083,NA,NA,NA,NA
S1_212901844,1,212901844,NA,NA,NA,NA
S5_209285436,5,209285436,NA,NA,NA,NA
S6_99884535,6,99884535,NA,NA,NA,NA
S4_41837509,4,41837509,NA,NA,NA,NA
S2_182826061,2,182826061,NA,NA,NA,NA
S1_59959370,1,59959370,NA,NA,NA,NA
S1_80866340,1,80866340,NA,NA,NA,NA
S8_139889827,8,139889827,NA,NA,NA,NA
S2_43353354,2,43353354,NA,NA,NA,NA
S9_137784321,9,137784321,NA,NA,NA,NA
S7_82564280,7,82564280,NA,NA,NA,NA
S10_72646977,10,72646977,NA,NA,NA,NA
S3_226806744,3,226806744,NA,NA,NA,NA
S3_226806799,3,226806799,NA,NA,NA,NA
S1_25745074,1,25745074,NA,NA,NA,NA
S9_149246097,9,149246097,NA,NA,NA,NA
S2_222648045,2,222648045,NA,NA,NA,NA
S3_111557965,3,111557965,NA,NA,NA,NA
S5_173389831,5,173389831,NA,NA,NA,NA
S9_147612112,9,147612112,NA,NA,NA,NA
S3_55374079,3,55374079,NA,NA,NA,NA
S2_142632965,2,142632965,NA,NA,NA,NA
S1_90000143,1,90000143,NA,NA,NA,NA
S5_76684492,5,76684492,NA,NA,NA,NA
S3_4835259,3,4835259,NA,NA,NA,NA
S8_173410436,8,173410436,NA,NA,NA,NA
S8_173410437,8,173410437,NA,NA,NA,NA
S7_29529964,7,29529964,NA,NA,NA,NA
S3_4718924,3,4718924,NA,NA,NA,NA
S1_286864090,1,286864090,NA,NA,NA,NA
S1_198734613,1,198734613,NA,NA,NA,NA
S3_57146714,3,57146714,NA,NA,NA,NA
S5_30219113,5,30219113,NA,NA,NA,NA
S5_30219114,5,30219114,NA,NA,NA,NA
S6_98010323,6,98010323,NA,NA,NA,NA
S10_140496731,10,140496731,NA,NA,NA,NA
S8_165171722,8,165171722,NA,NA,NA,NA
S7_137522725,7,137522725,NA,NA,NA,NA
S8_169087681,8,169087681,NA,NA,NA,NA
S6_163930363,6,163930363,NA,NA,NA,NA
S4_155610630,4,155610630,NA,NA,NA,NA
S3_28334653,3,28334653,NA,NA,NA,NA
S3_187450964,3,187450964,NA,NA,NA,NA
S5_59040822,5,59040822,NA,NA,NA,NA
S9_20462472,9,20462472,NA,NA,NA,NA
S5_174619988,5,174619988,NA,NA,NA,NA
S1_209234791,1,209234791,NA,NA,NA,NA
S4_237499145,4,237499145,NA,NA,NA,NA
S4_237499147,4,237499147,NA,NA,NA,NA
S4_237499150,4,237499150,NA,NA,NA,NA
S5_17321664,5,17321664,NA,NA,NA,NA
S8_145840702,8,145840702,NA,NA,NA,NA
S3_196208699,3,196208699,NA,NA,NA,NA
S1_18930985,1,18930985,NA,NA,NA,NA
S1_179646476,1,179646476,NA,NA,NA,NA
S1_15995491,1,15995491,NA,NA,NA,NA
S6_4889053,6,4889053,NA,NA,NA,NA
S1_206787612,1,206787612,NA,NA,NA,NA
S1_228665436,1,228665436,NA,NA,NA,NA
S1_55454681,1,55454681,NA,NA,NA,NA
S9_19532559,9,19532559,NA,NA,NA,NA
S2_43204842,2,43204842,NA,NA,NA,NA
S3_172332534,3,172332534,NA,NA,NA,NA
S10_109339442,10,109339442,NA,NA,NA,NA
S1_21758984,1,21758984,NA,NA,NA,NA
S8_12781311,8,12781311,NA,NA,NA,NA
S8_16757088,8,16757088,NA,NA,NA,NA
S3_135852746,3,135852746,NA,NA,NA,NA
S4_188857978,4,188857978,NA,NA,NA,NA
S4_188857981,4,188857981,NA,NA,NA,NA
S4_188857982,4,188857982,NA,NA,NA,NA
S4_188857990,4,188857990,NA,NA,NA,NA
S10_57542265,10,57542265,NA,NA,NA,NA
S10_57542274,10,57542274,NA,NA,NA,NA
S9_6997896,9,6997896,NA,NA,NA,NA
S8_145683695,8,145683695,NA,NA,NA,NA
S8_145683720,8,145683720,NA,NA,NA,NA
S2_6736236,2,6736236,NA,NA,NA,NA
S4_211197473,4,211197473,NA,NA,NA,NA
S10_129706512,10,129706512,NA,NA,NA,NA
S8_106276214,8,106276214,NA,NA,NA,NA
S5_212595006,5,212595006,NA,NA,NA,NA
S9_88650045,9,88650045,NA,NA,NA,NA
S5_4430228,5,4430228,NA,NA,NA,NA
S4_159668180,4,159668180,NA,NA,NA,NA
S5_207136546,5,207136546,NA,NA,NA,NA
S4_239141190,4,239141190,NA,NA,NA,NA
S10_86414417,10,86414417,NA,NA,NA,NA
S5_176033212,5,176033212,NA,NA,NA,NA
S6_19369994,6,19369994,NA,NA,NA,NA
S1_108266798,1,108266798,NA,NA,NA,NA
S1_108266804,1,108266804,NA,NA,NA,NA
S9_4833281,9,4833281,NA,NA,NA,NA
S2_18626447,2,18626447,NA,NA,NA,NA
S2_187379775,2,187379775,NA,NA,NA,NA
S1_29032760,1,29032760,NA,NA,NA,NA
S5_68309236,5,68309236,NA,NA,NA,NA
S5_16837972,5,16837972,NA,NA,NA,NA
S5_44985543,5,44985543,NA,NA,NA,NA
S1_161616448,1,161616448,NA,NA,NA,NA
S5_205943116,5,205943116,NA,NA,NA,NA
S5_182584473,5,182584473,NA,NA,NA,NA
S8_171514523,8,171514523,NA,NA,NA,NA
S6_2428165,6,2428165,NA,NA,NA,NA
S8_14843713,8,14843713,NA,NA,NA,NA
S10_142958465,10,142958465,NA,NA,NA,NA
S1_219339588,1,219339588,NA,NA,NA,NA
S10_120120743,10,120120743,NA,NA,NA,NA
S9_134295406,9,134295406,NA,NA,NA,NA
S2_44197009,2,44197009,NA,NA,NA,NA
S1_207390962,1,207390962,NA,NA,NA,NA
S5_37097160,5,37097160,NA,NA,NA,NA
S9_119307989,9,119307989,NA,NA,NA,NA
S10_128022002,10,128022002,NA,NA,NA,NA
S7_7422930,7,7422930,NA,NA,NA,NA
S7_127293095,7,127293095,NA,NA,NA,NA
S6_157029435,6,157029435,NA,NA,NA,NA
S3_61341230,3,61341230,NA,NA,NA,NA
S9_2711847,9,2711847,NA,NA,NA,NA
S5_74660988,5,74660988,NA,NA,NA,NA
S4_174271902,4,174271902,NA,NA,NA,NA
S1_240669079,1,240669079,NA,NA,NA,NA
S6_85608308,6,85608308,NA,NA,NA,NA
S10_147461214,10,147461214,NA,NA,NA,NA
S2_213309308,2,213309308,NA,NA,NA,NA
S2_199173760,2,199173760,NA,NA,NA,NA
S1_197262307,1,197262307,NA,NA,NA,NA
S10_130723072,10,130723072,NA,NA,NA,NA
S7_128569919,7,128569919,NA,NA,NA,NA
S8_81247694,8,81247694,NA,NA,NA,NA
S10_142075742,10,142075742,NA,NA,NA,NA
S4_180672448,4,180672448,NA,NA,NA,NA
S5_200110211,5,200110211,NA,NA,NA,NA
S8_170224181,8,170224181,NA,NA,NA,NA
S1_145287182,1,145287182,NA,NA,NA,NA
S4_187278007,4,187278007,NA,NA,NA,NA
S5_202420673,5,202420673,NA,NA,NA,NA
S1_256939529,1,256939529,NA,NA,NA,NA
S2_180166060,2,180166060,NA,NA,NA,NA
S9_155721069,9,155721069,NA,NA,NA,NA
S1_30753249,1,30753249,NA,NA,NA,NA
S3_181815923,3,181815923,NA,NA,NA,NA
S2_188063684,2,188063684,NA,NA,NA,NA
S6_128308536,6,128308536,NA,NA,NA,NA
S4_159668164,4,159668164,NA,NA,NA,NA
S3_11212287,3,11212287,NA,NA,NA,NA
S3_7684567,3,7684567,NA,NA,NA,NA
S1_253151565,1,253151565,NA,NA,NA,NA
S7_157670493,7,157670493,NA,NA,NA,NA
S2_163678863,2,163678863,NA,NA,NA,NA
S3_197403680,3,197403680,NA,NA,NA,NA
S5_170164357,5,170164357,NA,NA,NA,NA
S2_22195065,2,22195065,NA,NA,NA,NA
S2_47605986,2,47605986,NA,NA,NA,NA
S6_155631999,6,155631999,NA,NA,NA,NA
S6_155632005,6,155632005,NA,NA,NA,NA
S8_142532518,8,142532518,NA,NA,NA,NA
S9_146872957,9,146872957,NA,NA,NA,NA
S7_9546253,7,9546253,NA,NA,NA,NA
S1_296260070,1,296260070,NA,NA,NA,NA
S2_233400332,2,233400332,NA,NA,NA,NA
S10_142606996,10,142606996,NA,NA,NA,NA
S4_182295952,4,182295952,NA,NA,NA,NA
S3_205392089,3,205392089,NA,NA,NA,NA
S8_13175875,8,13175875,NA,NA,NA,NA
S2_70559507,2,70559507,NA,NA,NA,NA
S3_185272098,3,185272098,NA,NA,NA,NA
S9_142755873,9,142755873,NA,NA,NA,NA
S5_34449094,5,34449094,NA,NA,NA,NA
S10_135058073,10,135058073,NA,NA,NA,NA
S3_2118381,3,2118381,NA,NA,NA,NA
S3_153921802,3,153921802,NA,NA,NA,NA
S9_7012781,9,7012781,NA,NA,NA,NA
S7_141142126,7,141142126,NA,NA,NA,NA
S4_13397439,4,13397439,NA,NA,NA,NA
S1_246540813,1,246540813,NA,NA,NA,NA
S1_249067723,1,249067723,NA,NA,NA,NA
S1_29512454,1,29512454,NA,NA,NA,NA
S1_240379892,1,240379892,NA,NA,NA,NA
S6_158266831,6,158266831,NA,NA,NA,NA
S10_125850764,10,125850764,NA,NA,NA,NA
S8_128555667,8,128555667,NA,NA,NA,NA
S1_7198087,1,7198087,NA,NA,NA,NA
S3_167009238,3,167009238,NA,NA,NA,NA
S5_12381616,5,12381616,NA,NA,NA,NA
S2_17100880,2,17100880,NA,NA,NA,NA
S8_66143398,8,66143398,NA,NA,NA,NA
S10_80481954,10,80481954,NA,NA,NA,NA
S2_227041277,2,227041277,NA,NA,NA,NA
S3_222769255,3,222769255,NA,NA,NA,NA
S8_131902865,8,131902865,NA,NA,NA,NA
S2_109580425,2,109580425,NA,NA,NA,NA
S2_66627269,2,66627269,NA,NA,NA,NA
S10_149093036,10,149093036,NA,NA,NA,NA
S3_19785063,3,19785063,NA,NA,NA,NA
S7_10971575,7,10971575,NA,NA,NA,NA
S9_149126652,9,149126652,NA,NA,NA,NA
S3_12289812,3,12289812,NA,NA,NA,NA
S5_14609328,5,14609328,NA,NA,NA,NA
S3_199853417,3,199853417,NA,NA,NA,NA
S1_22978296,1,22978296,NA,NA,NA,NA
S10_95916215,10,95916215,NA,NA,NA,NA
S3_202182712,3,202182712,NA,NA,NA,NA
S8_26870088,8,26870088,NA,NA,NA,NA
S6_81971816,6,81971816,NA,NA,NA,NA
S7_167505182,7,167505182,NA,NA,NA,NA
S9_130489215,9,130489215,NA,NA,NA,NA
S7_151959745,7,151959745,NA,NA,NA,NA
S5_1442646,5,1442646,NA,NA,NA,NA
S10_8792383,10,8792383,NA,NA,NA,NA
S8_170782575,8,170782575,NA,NA,NA,NA
S1_56674740,1,56674740,NA,NA,NA,NA
S10_66767305,10,66767305,NA,NA,NA,NA
S9_4652536,9,4652536,NA,NA,NA,NA
S4_188156097,4,188156097,NA,NA,NA,NA
S6_140348461,6,140348461,NA,NA,NA,NA
S7_108699224,7,108699224,NA,NA,NA,NA
S1_11793062,1,11793062,NA,NA,NA,NA
S2_20563991,2,20563991,NA,NA,NA,NA
S5_3335476,5,3335476,NA,NA,NA,NA
S3_190946705,3,190946705,NA,NA,NA,NA
S6_36947989,6,36947989,NA,NA,NA,NA
S1_94820791,1,94820791,NA,NA,NA,NA
S1_271191593,1,271191593,NA,NA,NA,NA
S8_8290322,8,8290322,NA,NA,NA,NA
S6_97228369,6,97228369,NA,NA,NA,NA
S3_88011494,3,88011494,NA,NA,NA,NA
S8_155901928,8,155901928,NA,NA,NA,NA
S10_135687042,10,135687042,NA,NA,NA,NA
S2_234719025,2,234719025,NA,NA,NA,NA
S1_296260069,1,296260069,NA,NA,NA,NA
S9_110928157,9,110928157,NA,NA,NA,NA
S6_3678022,6,3678022,NA,NA,NA,NA
S3_199561708,3,199561708,NA,NA,NA,NA
S2_66713119,2,66713119,NA,NA,NA,NA
S7_135592373,7,135592373,NA,NA,NA,NA
S1_7389915,1,7389915,NA,NA,NA,NA
S10_148732898,10,148732898,NA,NA,NA,NA
S8_1455708,8,1455708,NA,NA,NA,NA
S8_1455724,8,1455724,NA,NA,NA,NA
S10_145200613,10,145200613,NA,NA,NA,NA
S8_111830380,8,111830380,NA,NA,NA,NA
S7_130318550,7,130318550,NA,NA,NA,NA
S4_26403367,4,26403367,NA,NA,NA,NA
S5_163229811,5,163229811,NA,NA,NA,NA
S5_172932144,5,172932144,NA,NA,NA,NA
S8_175591878,8,175591878,NA,NA,NA,NA
S8_172950984,8,172950984,NA,NA,NA,NA
S9_140773445,9,140773445,NA,NA,NA,NA
S9_140773452,9,140773452,NA,NA,NA,NA
S1_271750346,1,271750346,NA,NA,NA,NA
S2_236414163,2,236414163,NA,NA,NA,NA
S5_199389333,5,199389333,NA,NA,NA,NA
S9_8974573,9,8974573,NA,NA,NA,NA
S8_160531992,8,160531992,NA,NA,NA,NA
S1_110987771,1,110987771,NA,NA,NA,NA
S9_101477204,9,101477204,NA,NA,NA,NA
S3_232019113,3,232019113,NA,NA,NA,NA
S6_93730102,6,93730102,NA,NA,NA,NA
S9_11230596,9,11230596,NA,NA,NA,NA
S4_211047158,4,211047158,NA,NA,NA,NA
S6_153760166,6,153760166,NA,NA,NA,NA
S4_188204283,4,188204283,NA,NA,NA,NA
S4_188204285,4,188204285,NA,NA,NA,NA
S8_101961646,8,101961646,NA,NA,NA,NA
S7_159855875,7,159855875,NA,NA,NA,NA
S2_182629957,2,182629957,NA,NA,NA,NA
S1_279681131,1,279681131,NA,NA,NA,NA
S1_279681140,1,279681140,NA,NA,NA,NA
S2_167842947,2,167842947,NA,NA,NA,NA
S2_234192029,2,234192029,NA,NA,NA,NA
S10_89990185,10,89990185,NA,NA,NA,NA
S4_215105673,4,215105673,NA,NA,NA,NA
S1_222205798,1,222205798,NA,NA,NA,NA
S1_222205800,1,222205800,NA,NA,NA,NA
S1_241553526,1,241553526,NA,NA,NA,NA
S4_191115210,4,191115210,NA,NA,NA,NA
S5_158546122,5,158546122,NA,NA,NA,NA
S1_13645494,1,13645494,NA,NA,NA,NA
S7_173517554,7,173517554,NA,NA,NA,NA
S6_55886488,6,55886488,NA,NA,NA,NA
S3_201545297,3,201545297,NA,NA,NA,NA
S9_2712655,9,2712655,NA,NA,NA,NA
S5_206920144,5,206920144,NA,NA,NA,NA
S5_206920145,5,206920145,NA,NA,NA,NA
S1_146507475,1,146507475,NA,NA,NA,NA
S6_158508364,6,158508364,NA,NA,NA,NA
S5_212757653,5,212757653,NA,NA,NA,NA
S5_194833345,5,194833345,NA,NA,NA,NA
S2_44718860,2,44718860,NA,NA,NA,NA
S6_151037139,6,151037139,NA,NA,NA,NA
S5_184291390,5,184291390,NA,NA,NA,NA
S8_17175752,8,17175752,NA,NA,NA,NA
S9_128653268,9,128653268,NA,NA,NA,NA
S4_89864548,4,89864548,NA,NA,NA,NA
S6_84672138,6,84672138,NA,NA,NA,NA
S2_51231447,2,51231447,NA,NA,NA,NA
S6_66028740,6,66028740,NA,NA,NA,NA
S8_164377032,8,164377032,NA,NA,NA,NA
S10_23403197,10,23403197,NA,NA,NA,NA
S8_26861942,8,26861942,NA,NA,NA,NA
S1_7697121,1,7697121,NA,NA,NA,NA
S7_32638,7,32638,NA,NA,NA,NA
S5_29623367,5,29623367,NA,NA,NA,NA
S9_22681167,9,22681167,NA,NA,NA,NA
S10_126538903,10,126538903,NA,NA,NA,NA
S1_276691709,1,276691709,NA,NA,NA,NA
S10_144688609,10,144688609,NA,NA,NA,NA
S9_92109507,9,92109507,NA,NA,NA,NA
S6_62398157,6,62398157,NA,NA,NA,NA
S7_125835717,7,125835717,NA,NA,NA,NA
S6_162673832,6,162673832,NA,NA,NA,NA
S9_101199036,9,101199036,NA,NA,NA,NA
S3_225759878,3,225759878,NA,NA,NA,NA
S5_214949766,5,214949766,NA,NA,NA,NA
S5_202420190,5,202420190,NA,NA,NA,NA
S1_255325453,1,255325453,NA,NA,NA,NA
S9_11084679,9,11084679,NA,NA,NA,NA
S1_31207583,1,31207583,NA,NA,NA,NA
S7_165202437,7,165202437,NA,NA,NA,NA
S4_219144411,4,219144411,NA,NA,NA,NA
S4_237499148,4,237499148,NA,NA,NA,NA
S9_22101585,9,22101585,NA,NA,NA,NA
S1_240146323,1,240146323,NA,NA,NA,NA
S8_171542854,8,171542854,NA,NA,NA,NA
S2_50643141,2,50643141,NA,NA,NA,NA
S8_161750678,8,161750678,NA,NA,NA,NA
S4_42905646,4,42905646,NA,NA,NA,NA
S3_1882166,3,1882166,NA,NA,NA,NA
S1_33112259,1,33112259,NA,NA,NA,NA
S8_162756551,8,162756551,NA,NA,NA,NA
S3_200697963,3,200697963,NA,NA,NA,NA
S3_51499448,3,51499448,NA,NA,NA,NA
S9_128116736,9,128116736,NA,NA,NA,NA
S9_112008097,9,112008097,NA,NA,NA,NA
S3_175937235,3,175937235,NA,NA,NA,NA
S3_214643329,3,214643329,NA,NA,NA,NA
S6_122728099,6,122728099,NA,NA,NA,NA
S5_208743868,5,208743868,NA,NA,NA,NA
S9_2620654,9,2620654,NA,NA,NA,NA
S8_146836625,8,146836625,NA,NA,NA,NA
S3_1724790,3,1724790,NA,NA,NA,NA
S3_137252036,3,137252036,NA,NA,NA,NA
S3_137252038,3,137252038,NA,NA,NA,NA
S9_128320129,9,128320129,NA,NA,NA,NA
S10_60536027,10,60536027,NA,NA,NA,NA
S2_187687739,2,187687739,NA,NA,NA,NA
S3_5778033,3,5778033,NA,NA,NA,NA
S1_220059220,1,220059220,NA,NA,NA,NA
S9_142999621,9,142999621,NA,NA,NA,NA
S1_4356991,1,4356991,NA,NA,NA,NA
S5_8613394,5,8613394,NA,NA,NA,NA
S3_196363426,3,196363426,NA,NA,NA,NA
S1_38316745,1,38316745,NA,NA,NA,NA
S2_104511631,2,104511631,NA,NA,NA,NA
S6_156928011,6,156928011,NA,NA,NA,NA
S1_68439791,1,68439791,NA,NA,NA,NA
S4_184396417,4,184396417,NA,NA,NA,NA
S9_149246055,9,149246055,NA,NA,NA,NA
S7_33695000,7,33695000,NA,NA,NA,NA
S2_209010563,2,209010563,NA,NA,NA,NA
S1_285095492,1,285095492,NA,NA,NA,NA
S1_285095498,1,285095498,NA,NA,NA,NA
S8_169417073,8,169417073,NA,NA,NA,NA
S6_63919452,6,63919452,NA,NA,NA,NA
S1_9301457,1,9301457,NA,NA,NA,NA
S1_9301472,1,9301472,NA,NA,NA,NA
S2_70342996,2,70342996,NA,NA,NA,NA
S3_92980157,3,92980157,NA,NA,NA,NA
S3_45576851,3,45576851,NA,NA,NA,NA
S3_45576862,3,45576862,NA,NA,NA,NA
S3_45576865,3,45576865,NA,NA,NA,NA
S2_185766051,2,185766051,NA,NA,NA,NA
S5_205943077,5,205943077,NA,NA,NA,NA
S2_24737178,2,24737178,NA,NA,NA,NA
S5_15772214,5,15772214,NA,NA,NA,NA
S1_119429763,1,119429763,NA,NA,NA,NA
S10_4675761,10,4675761,NA,NA,NA,NA
S1_231703905,1,231703905,NA,NA,NA,NA
S1_48554047,1,48554047,NA,NA,NA,NA
S1_248738113,1,248738113,NA,NA,NA,NA
S8_147498353,8,147498353,NA,NA,NA,NA
S7_8701577,7,8701577,NA,NA,NA,NA
S7_132184214,7,132184214,NA,NA,NA,NA
S1_17890925,1,17890925,NA,NA,NA,NA
S1_17890926,1,17890926,NA,NA,NA,NA
S1_17890927,1,17890927,NA,NA,NA,NA
S1_17890930,1,17890930,NA,NA,NA,NA
S1_17890931,1,17890931,NA,NA,NA,NA
S1_17890933,1,17890933,NA,NA,NA,NA
S1_17890934,1,17890934,NA,NA,NA,NA
S1_17890936,1,17890936,NA,NA,NA,NA
S2_203089949,2,203089949,NA,NA,NA,NA
S1_28293011,1,28293011,NA,NA,NA,NA
S1_216300640,1,216300640,NA,NA,NA,NA
S7_97623161,7,97623161,NA,NA,NA,NA
S2_44718835,2,44718835,NA,NA,NA,NA
S1_12663168,1,12663168,NA,NA,NA,NA
S4_2030942,4,2030942,NA,NA,NA,NA
S1_191852646,1,191852646,NA,NA,NA,NA
S1_30686020,1,30686020,NA,NA,NA,NA
S2_235379975,2,235379975,NA,NA,NA,NA
S8_140699527,8,140699527,NA,NA,NA,NA
S3_6584844,3,6584844,NA,NA,NA,NA
S1_191097267,1,191097267,NA,NA,NA,NA
S2_185766083,2,185766083,NA,NA,NA,NA
S10_97735702,10,97735702,NA,NA,NA,NA
S8_124357554,8,124357554,NA,NA,NA,NA
S9_88595677,9,88595677,NA,NA,NA,NA
S1_99846856,1,99846856,NA,NA,NA,NA
S10_83670424,10,83670424,NA,NA,NA,NA
S4_178582605,4,178582605,NA,NA,NA,NA
S5_24544065,5,24544065,NA,NA,NA,NA
S2_6715904,2,6715904,NA,NA,NA,NA
S4_176502289,4,176502289,NA,NA,NA,NA
S1_173238805,1,173238805,NA,NA,NA,NA
S8_164932822,8,164932822,NA,NA,NA,NA
S5_172392427,5,172392427,NA,NA,NA,NA
S5_4322730,5,4322730,NA,NA,NA,NA
S9_4652527,9,4652527,NA,NA,NA,NA
S4_5246657,4,5246657,NA,NA,NA,NA
S7_175205155,7,175205155,NA,NA,NA,NA
S9_136237066,9,136237066,NA,NA,NA,NA
S6_96919486,6,96919486,NA,NA,NA,NA
S3_187430087,3,187430087,NA,NA,NA,NA
S2_180664315,2,180664315,NA,NA,NA,NA
S3_38439398,3,38439398,NA,NA,NA,NA
S5_65419194,5,65419194,NA,NA,NA,NA
S2_187687859,2,187687859,NA,NA,NA,NA
S3_184063480,3,184063480,NA,NA,NA,NA
S6_156533052,6,156533052,NA,NA,NA,NA
S5_192404735,5,192404735,NA,NA,NA,NA
S10_2435527,10,2435527,NA,NA,NA,NA
S2_232486579,2,232486579,NA,NA,NA,NA
S1_252140942,1,252140942,NA,NA,NA,NA
S4_231497125,4,231497125,NA,NA,NA,NA
S6_22723772,6,22723772,NA,NA,NA,NA
S6_147393370,6,147393370,NA,NA,NA,NA
S4_177328732,4,177328732,NA,NA,NA,NA
S6_22311681,6,22311681,NA,NA,NA,NA
S10_111776537,10,111776537,NA,NA,NA,NA
S7_152585072,7,152585072,NA,NA,NA,NA
S6_160329477,6,160329477,NA,NA,NA,NA
S7_159232046,7,159232046,NA,NA,NA,NA
S2_151465585,2,151465585,NA,NA,NA,NA
S10_10279166,10,10279166,NA,NA,NA,NA
S10_114853316,10,114853316,NA,NA,NA,NA
S1_4996202,1,4996202,NA,NA,NA,NA
S8_171275943,8,171275943,NA,NA,NA,NA
S6_136411479,6,136411479,NA,NA,NA,NA
S10_80042635,10,80042635,NA,NA,NA,NA
S2_66745628,2,66745628,NA,NA,NA,NA
S5_197955522,5,197955522,NA,NA,NA,NA
S4_234466812,4,234466812,NA,NA,NA,NA
S5_106262908,5,106262908,NA,NA,NA,NA
S1_92871075,1,92871075,NA,NA,NA,NA
S6_114178923,6,114178923,NA,NA,NA,NA
S5_20772767,5,20772767,NA,NA,NA,NA
S1_296769016,1,296769016,NA,NA,NA,NA
S2_21913588,2,21913588,NA,NA,NA,NA
S3_183118068,3,183118068,NA,NA,NA,NA
S6_167689713,6,167689713,NA,NA,NA,NA
S1_223034709,1,223034709,NA,NA,NA,NA
S3_135308624,3,135308624,NA,NA,NA,NA
S2_234111590,2,234111590,NA,NA,NA,NA
S8_165238962,8,165238962,NA,NA,NA,NA
S4_185383634,4,185383634,NA,NA,NA,NA
S4_185383642,4,185383642,NA,NA,NA,NA
S4_185383643,4,185383643,NA,NA,NA,NA
S7_154741575,7,154741575,NA,NA,NA,NA
S2_217404298,2,217404298,NA,NA,NA,NA
S5_15187400,5,15187400,NA,NA,NA,NA
S7_162710003,7,162710003,NA,NA,NA,NA
S8_166974176,8,166974176,NA,NA,NA,NA
S6_120019842,6,120019842,NA,NA,NA,NA
S5_214410000,5,214410000,NA,NA,NA,NA
S3_175700028,3,175700028,NA,NA,NA,NA
S5_164855383,5,164855383,NA,NA,NA,NA
S9_107841506,9,107841506,NA,NA,NA,NA
S1_3405270,1,3405270,NA,NA,NA,NA
S7_147158324,7,147158324,NA,NA,NA,NA
S1_234254741,1,234254741,NA,NA,NA,NA
S5_21877576,5,21877576,NA,NA,NA,NA
S9_151147409,9,151147409,NA,NA,NA,NA
S5_12385613,5,12385613,NA,NA,NA,NA
S3_17286081,3,17286081,NA,NA,NA,NA
S5_203402872,5,203402872,NA,NA,NA,NA
S8_155533173,8,155533173,NA,NA,NA,NA
S2_38322804,2,38322804,NA,NA,NA,NA
S9_98778246,9,98778246,NA,NA,NA,NA
S7_130940546,7,130940546,NA,NA,NA,NA
S2_131427043,2,131427043,NA,NA,NA,NA
S5_4309099,5,4309099,NA,NA,NA,NA
S8_80495665,8,80495665,NA,NA,NA,NA
S10_141821066,10,141821066,NA,NA,NA,NA
S10_123814750,10,123814750,NA,NA,NA,NA
S5_4221719,5,4221719,NA,NA,NA,NA
S3_14685605,3,14685605,NA,NA,NA,NA
S1_275975549,1,275975549,NA,NA,NA,NA
S2_3410990,2,3410990,NA,NA,NA,NA
S5_33065865,5,33065865,NA,NA,NA,NA
S10_89437693,10,89437693,NA,NA,NA,NA
S10_89437698,10,89437698,NA,NA,NA,NA
S10_89437700,10,89437700,NA,NA,NA,NA
S10_89437706,10,89437706,NA,NA,NA,NA
S3_180598606,3,180598606,NA,NA,NA,NA
S1_235909653,1,235909653,NA,NA,NA,NA
S2_232597945,2,232597945,NA,NA,NA,NA
S1_298688730,1,298688730,NA,NA,NA,NA
S4_238219036,4,238219036,NA,NA,NA,NA
S4_51252751,4,51252751,NA,NA,NA,NA
S8_147498725,8,147498725,NA,NA,NA,NA
S2_143383564,2,143383564,NA,NA,NA,NA
S2_143383611,2,143383611,NA,NA,NA,NA
S2_143383612,2,143383612,NA,NA,NA,NA
S3_180509475,3,180509475,NA,NA,NA,NA
S5_205148028,5,205148028,NA,NA,NA,NA
S2_184267183,2,184267183,NA,NA,NA,NA
S1_223313717,1,223313717,NA,NA,NA,NA
S1_223313719,1,223313719,NA,NA,NA,NA
S4_185081387,4,185081387,NA,NA,NA,NA
S7_129265154,7,129265154,NA,NA,NA,NA
S9_11460805,9,11460805,NA,NA,NA,NA
S5_170411633,5,170411633,NA,NA,NA,NA
S4_173800789,4,173800789,NA,NA,NA,NA
S2_86768599,2,86768599,NA,NA,NA,NA
S1_162408220,1,162408220,NA,NA,NA,NA
S7_84701634,7,84701634,NA,NA,NA,NA
S9_26595016,9,26595016,NA,NA,NA,NA
S1_233457956,1,233457956,NA,NA,NA,NA
S3_187339665,3,187339665,NA,NA,NA,NA
S9_149382357,9,149382357,NA,NA,NA,NA
S1_7861227,1,7861227,NA,NA,NA,NA
S10_143062337,10,143062337,NA,NA,NA,NA
S1_283603157,1,283603157,NA,NA,NA,NA
S2_55786239,2,55786239,NA,NA,NA,NA
S4_208810212,4,208810212,NA,NA,NA,NA
S1_209126584,1,209126584,NA,NA,NA,NA
S3_154071838,3,154071838,NA,NA,NA,NA
S3_154071852,3,154071852,NA,NA,NA,NA
S3_154071884,3,154071884,NA,NA,NA,NA
S3_154071886,3,154071886,NA,NA,NA,NA
S3_154071892,3,154071892,NA,NA,NA,NA
S4_180498487,4,180498487,NA,NA,NA,NA
S6_83176975,6,83176975,NA,NA,NA,NA
S6_141043766,6,141043766,NA,NA,NA,NA
S9_144802172,9,144802172,NA,NA,NA,NA
S5_7357744,5,7357744,NA,NA,NA,NA
S2_233114807,2,233114807,NA,NA,NA,NA
S2_233114810,2,233114810,NA,NA,NA,NA
S6_143956142,6,143956142,NA,NA,NA,NA
S1_237955982,1,237955982,NA,NA,NA,NA
S10_8786477,10,8786477,NA,NA,NA,NA
S9_152487493,9,152487493,NA,NA,NA,NA
S7_157098920,7,157098920,NA,NA,NA,NA
S5_756510,5,756510,NA,NA,NA,NA
S1_79753215,1,79753215,NA,NA,NA,NA
S1_80166581,1,80166581,NA,NA,NA,NA
S5_69452829,5,69452829,NA,NA,NA,NA
S9_23279642,9,23279642,NA,NA,NA,NA
S10_141078407,10,141078407,NA,NA,NA,NA
S6_108306703,6,108306703,NA,NA,NA,NA
S2_206948343,2,206948343,NA,NA,NA,NA
S1_246722326,1,246722326,NA,NA,NA,NA
S5_70548929,5,70548929,NA,NA,NA,NA
S1_93075422,1,93075422,NA,NA,NA,NA
S3_178269037,3,178269037,NA,NA,NA,NA
S1_38316661,1,38316661,NA,NA,NA,NA
S6_100143080,6,100143080,NA,NA,NA,NA
S1_188742138,1,188742138,NA,NA,NA,NA
S2_177750366,2,177750366,NA,NA,NA,NA
S7_127892170,7,127892170,NA,NA,NA,NA
S4_18370385,4,18370385,NA,NA,NA,NA
S2_10388570,2,10388570,NA,NA,NA,NA
S2_10388573,2,10388573,NA,NA,NA,NA
S1_40726790,1,40726790,NA,NA,NA,NA
S5_208198674,5,208198674,NA,NA,NA,NA
S4_212217235,4,212217235,NA,NA,NA,NA
S1_124777354,1,124777354,NA,NA,NA,NA
S1_124777355,1,124777355,NA,NA,NA,NA
S1_124777383,1,124777383,NA,NA,NA,NA
S1_124777402,1,124777402,NA,NA,NA,NA
S8_137928804,8,137928804,NA,NA,NA,NA
S7_995726,7,995726,NA,NA,NA,NA
S3_175124257,3,175124257,NA,NA,NA,NA
S3_167442553,3,167442553,NA,NA,NA,NA
S8_115906981,8,115906981,NA,NA,NA,NA
S9_9312857,9,9312857,NA,NA,NA,NA
S2_17689338,2,17689338,NA,NA,NA,NA
S5_187028490,5,187028490,NA,NA,NA,NA
S10_125108843,10,125108843,NA,NA,NA,NA
S5_211445336,5,211445336,NA,NA,NA,NA
S6_102226205,6,102226205,NA,NA,NA,NA
S8_81247774,8,81247774,NA,NA,NA,NA
S3_43645731,3,43645731,NA,NA,NA,NA
S3_199554503,3,199554503,NA,NA,NA,NA
S3_125548608,3,125548608,NA,NA,NA,NA
S8_94799779,8,94799779,NA,NA,NA,NA
S2_33080210,2,33080210,NA,NA,NA,NA
S6_158653233,6,158653233,NA,NA,NA,NA
S5_214340268,5,214340268,NA,NA,NA,NA
S1_26577948,1,26577948,NA,NA,NA,NA
S8_146060484,8,146060484,NA,NA,NA,NA
S7_103880021,7,103880021,NA,NA,NA,NA
S2_3557811,2,3557811,NA,NA,NA,NA
S9_153844342,9,153844342,NA,NA,NA,NA
S7_115184644,7,115184644,NA,NA,NA,NA
S1_201489918,1,201489918,NA,NA,NA,NA
S1_55291461,1,55291461,NA,NA,NA,NA
S2_196304595,2,196304595,NA,NA,NA,NA
S8_164363082,8,164363082,NA,NA,NA,NA
S2_43558519,2,43558519,NA,NA,NA,NA
S5_203043940,5,203043940,NA,NA,NA,NA
S5_203043973,5,203043973,NA,NA,NA,NA
S4_193350854,4,193350854,NA,NA,NA,NA
S7_174322307,7,174322307,NA,NA,NA,NA
S1_272940164,1,272940164,NA,NA,NA,NA
S4_175278578,4,175278578,NA,NA,NA,NA
S1_273233005,1,273233005,NA,NA,NA,NA
S7_31304208,7,31304208,NA,NA,NA,NA
S4_159667125,4,159667125,NA,NA,NA,NA
S1_271978417,1,271978417,NA,NA,NA,NA
S5_94257989,5,94257989,NA,NA,NA,NA
S1_293793742,1,293793742,NA,NA,NA,NA
S7_21279210,7,21279210,NA,NA,NA,NA
S1_218564353,1,218564353,NA,NA,NA,NA
S7_133623602,7,133623602,NA,NA,NA,NA
S1_6923719,1,6923719,NA,NA,NA,NA
S5_69452820,5,69452820,NA,NA,NA,NA
S10_90815306,10,90815306,NA,NA,NA,NA
S8_171150776,8,171150776,NA,NA,NA,NA
S7_121545016,7,121545016,NA,NA,NA,NA
S6_118318816,6,118318816,NA,NA,NA,NA
S4_177432793,4,177432793,NA,NA,NA,NA
S5_18699697,5,18699697,NA,NA,NA,NA
S8_88813078,8,88813078,NA,NA,NA,NA
S6_159616948,6,159616948,NA,NA,NA,NA
S5_3052713,5,3052713,NA,NA,NA,NA
S5_3052740,5,3052740,NA,NA,NA,NA
S5_151268603,5,151268603,NA,NA,NA,NA
S3_204129085,3,204129085,NA,NA,NA,NA
S8_169533231,8,169533231,NA,NA,NA,NA
S1_250906665,1,250906665,NA,NA,NA,NA
S8_19516570,8,19516570,NA,NA,NA,NA
S2_30546410,2,30546410,NA,NA,NA,NA
S3_186701178,3,186701178,NA,NA,NA,NA
S6_118827982,6,118827982,NA,NA,NA,NA
S5_159118330,5,159118330,NA,NA,NA,NA
S1_16777521,1,16777521,NA,NA,NA,NA
S6_43095897,6,43095897,NA,NA,NA,NA
S7_156476372,7,156476372,NA,NA,NA,NA
S5_80973096,5,80973096,NA,NA,NA,NA
S5_172290772,5,172290772,NA,NA,NA,NA
S9_14316344,9,14316344,NA,NA,NA,NA
S1_283185777,1,283185777,NA,NA,NA,NA
S1_60755570,1,60755570,NA,NA,NA,NA
S10_92023963,10,92023963,NA,NA,NA,NA
S1_195722443,1,195722443,NA,NA,NA,NA
S4_197082206,4,197082206,NA,NA,NA,NA
S6_84527611,6,84527611,NA,NA,NA,NA
S1_223826179,1,223826179,NA,NA,NA,NA
S1_29258804,1,29258804,NA,NA,NA,NA
S6_149567481,6,149567481,NA,NA,NA,NA
S7_160029349,7,160029349,NA,NA,NA,NA
S7_167635044,7,167635044,NA,NA,NA,NA
S2_185695179,2,185695179,NA,NA,NA,NA
S9_2711824,9,2711824,NA,NA,NA,NA
S4_173562022,4,173562022,NA,NA,NA,NA
S8_101415132,8,101415132,NA,NA,NA,NA
S6_127451154,6,127451154,NA,NA,NA,NA
S10_23403096,10,23403096,NA,NA,NA,NA
S3_15234986,3,15234986,NA,NA,NA,NA
S8_141377583,8,141377583,NA,NA,NA,NA
S8_108661181,8,108661181,NA,NA,NA,NA
S8_108661234,8,108661234,NA,NA,NA,NA
S4_1493041,4,1493041,NA,NA,NA,NA
S3_189472279,3,189472279,NA,NA,NA,NA
S3_189472296,3,189472296,NA,NA,NA,NA
S5_55229434,5,55229434,NA,NA,NA,NA
S5_55229476,5,55229476,NA,NA,NA,NA
S8_23637137,8,23637137,NA,NA,NA,NA
S4_238744803,4,238744803,NA,NA,NA,NA
S5_191088447,5,191088447,NA,NA,NA,NA
S5_16428690,5,16428690,NA,NA,NA,NA
S7_159578576,7,159578576,NA,NA,NA,NA
S2_39027578,2,39027578,NA,NA,NA,NA
S2_33731505,2,33731505,NA,NA,NA,NA
S5_202813488,5,202813488,NA,NA,NA,NA
S4_204601259,4,204601259,NA,NA,NA,NA
S1_280776858,1,280776858,NA,NA,NA,NA
S2_199589702,2,199589702,NA,NA,NA,NA
S9_150350531,9,150350531,NA,NA,NA,NA
S1_38610159,1,38610159,NA,NA,NA,NA
S1_17885043,1,17885043,NA,NA,NA,NA
S6_55253581,6,55253581,NA,NA,NA,NA
S5_204605647,5,204605647,NA,NA,NA,NA
S2_79872003,2,79872003,NA,NA,NA,NA
S9_116948037,9,116948037,NA,NA,NA,NA
S9_116948041,9,116948041,NA,NA,NA,NA
S3_230442601,3,230442601,NA,NA,NA,NA
S9_11779983,9,11779983,NA,NA,NA,NA
S3_13541466,3,13541466,NA,NA,NA,NA
S3_13541477,3,13541477,NA,NA,NA,NA
S10_136296938,10,136296938,NA,NA,NA,NA
S9_149457496,9,149457496,NA,NA,NA,NA
S1_85018538,1,85018538,NA,NA,NA,NA
S1_43768106,1,43768106,NA,NA,NA,NA
S10_137479809,10,137479809,NA,NA,NA,NA
S3_32249922,3,32249922,NA,NA,NA,NA
S3_32249934,3,32249934,NA,NA,NA,NA
S9_8660533,9,8660533,NA,NA,NA,NA
S2_236485873,2,236485873,NA,NA,NA,NA
S3_170457202,3,170457202,NA,NA,NA,NA
S9_95077802,9,95077802,NA,NA,NA,NA
S5_172396840,5,172396840,NA,NA,NA,NA
S3_184237115,3,184237115,NA,NA,NA,NA
S1_25416030,1,25416030,NA,NA,NA,NA
S2_211722501,2,211722501,NA,NA,NA,NA
S8_123512905,8,123512905,NA,NA,NA,NA
S8_161533019,8,161533019,NA,NA,NA,NA
S7_125835674,7,125835674,NA,NA,NA,NA
S1_236241614,1,236241614,NA,NA,NA,NA
S6_43907714,6,43907714,NA,NA,NA,NA
S7_158037113,7,158037113,NA,NA,NA,NA
S1_288395722,1,288395722,NA,NA,NA,NA
S3_201014016,3,201014016,NA,NA,NA,NA
S7_40571200,7,40571200,NA,NA,NA,NA
S4_179648273,4,179648273,NA,NA,NA,NA
S3_124098186,3,124098186,NA,NA,NA,NA
S3_221923206,3,221923206,NA,NA,NA,NA
S1_216300215,1,216300215,NA,NA,NA,NA
S4_234405087,4,234405087,NA,NA,NA,NA
S1_182391125,1,182391125,NA,NA,NA,NA
S5_69101154,5,69101154,NA,NA,NA,NA
S7_168468467,7,168468467,NA,NA,NA,NA
S5_37256313,5,37256313,NA,NA,NA,NA
S4_2649881,4,2649881,NA,NA,NA,NA
S9_124761554,9,124761554,NA,NA,NA,NA
S8_157922820,8,157922820,NA,NA,NA,NA
S8_171517326,8,171517326,NA,NA,NA,NA
S3_10449644,3,10449644,NA,NA,NA,NA
S1_211324077,1,211324077,NA,NA,NA,NA
S3_209011773,3,209011773,NA,NA,NA,NA
S1_193828387,1,193828387,NA,NA,NA,NA
S6_96919480,6,96919480,NA,NA,NA,NA
S4_240467004,4,240467004,NA,NA,NA,NA
S9_137288929,9,137288929,NA,NA,NA,NA
S2_14799241,2,14799241,NA,NA,NA,NA
S5_69116584,5,69116584,NA,NA,NA,NA
S9_148261323,9,148261323,NA,NA,NA,NA
S8_5329738,8,5329738,NA,NA,NA,NA
S7_169407231,7,169407231,NA,NA,NA,NA
S7_19354422,7,19354422,NA,NA,NA,NA
S1_47291697,1,47291697,NA,NA,NA,NA
S9_105518683,9,105518683,NA,NA,NA,NA
S5_62596433,5,62596433,NA,NA,NA,NA
S10_66321002,10,66321002,NA,NA,NA,NA
S10_66321038,10,66321038,NA,NA,NA,NA
S3_86197566,3,86197566,NA,NA,NA,NA
S7_137543753,7,137543753,NA,NA,NA,NA
S2_208081345,2,208081345,NA,NA,NA,NA
S7_107930597,7,107930597,NA,NA,NA,NA
S5_6328109,5,6328109,NA,NA,NA,NA
S4_160279563,4,160279563,NA,NA,NA,NA
S3_206952500,3,206952500,NA,NA,NA,NA
S6_129482868,6,129482868,NA,NA,NA,NA
S8_170275834,8,170275834,NA,NA,NA,NA
S4_128603645,4,128603645,NA,NA,NA,NA
S4_128603647,4,128603647,NA,NA,NA,NA
S3_124182481,3,124182481,NA,NA,NA,NA
S1_2306739,1,2306739,NA,NA,NA,NA
S7_122921248,7,122921248,NA,NA,NA,NA
S8_124491531,8,124491531,NA,NA,NA,NA
S10_134584970,10,134584970,NA,NA,NA,NA
S5_168839697,5,168839697,NA,NA,NA,NA
S4_181430993,4,181430993,NA,NA,NA,NA
S3_169030159,3,169030159,NA,NA,NA,NA
S9_9301283,9,9301283,NA,NA,NA,NA
S8_68929083,8,68929083,NA,NA,NA,NA
S9_145178304,9,145178304,NA,NA,NA,NA
S1_276302564,1,276302564,NA,NA,NA,NA
S5_176588496,5,176588496,NA,NA,NA,NA
S8_68298442,8,68298442,NA,NA,NA,NA
S1_292891559,1,292891559,NA,NA,NA,NA
S9_16750326,9,16750326,NA,NA,NA,NA
S3_22280243,3,22280243,NA,NA,NA,NA
S3_15436458,3,15436458,NA,NA,NA,NA
S8_51064820,8,51064820,NA,NA,NA,NA
S7_168218120,7,168218120,NA,NA,NA,NA
S1_52082611,1,52082611,NA,NA,NA,NA
S5_191852611,5,191852611,NA,NA,NA,NA
S5_191852628,5,191852628,NA,NA,NA,NA
S8_162191045,8,162191045,NA,NA,NA,NA
S6_88583682,6,88583682,NA,NA,NA,NA
S6_88583702,6,88583702,NA,NA,NA,NA
S6_138183515,6,138183515,NA,NA,NA,NA
S6_138183518,6,138183518,NA,NA,NA,NA
S5_195444332,5,195444332,NA,NA,NA,NA
S3_218487879,3,218487879,NA,NA,NA,NA
S3_218487880,3,218487880,NA,NA,NA,NA
S2_14267190,2,14267190,NA,NA,NA,NA
S2_36771215,2,36771215,NA,NA,NA,NA
S1_207321853,1,207321853,NA,NA,NA,NA
S3_12284532,3,12284532,NA,NA,NA,NA
S8_159399324,8,159399324,NA,NA,NA,NA
S8_159399329,8,159399329,NA,NA,NA,NA
S1_236237108,1,236237108,NA,NA,NA,NA
S3_102217354,3,102217354,NA,NA,NA,NA
S2_208617071,2,208617071,NA,NA,NA,NA
S1_174005546,1,174005546,NA,NA,NA,NA
S9_11134079,9,11134079,NA,NA,NA,NA
S5_199166403,5,199166403,NA,NA,NA,NA
S5_199166428,5,199166428,NA,NA,NA,NA
S3_11650497,3,11650497,NA,NA,NA,NA
S7_15827593,7,15827593,NA,NA,NA,NA
S4_229036487,4,229036487,NA,NA,NA,NA
S2_182826080,2,182826080,NA,NA,NA,NA
S10_3190756,10,3190756,NA,NA,NA,NA
S4_126880078,4,126880078,NA,NA,NA,NA
S7_133372487,7,133372487,NA,NA,NA,NA
S1_52090847,1,52090847,NA,NA,NA,NA
S1_82391445,1,82391445,NA,NA,NA,NA
S5_1258801,5,1258801,NA,NA,NA,NA
S6_161793846,6,161793846,NA,NA,NA,NA
S2_39801427,2,39801427,NA,NA,NA,NA
S2_39801443,2,39801443,NA,NA,NA,NA
S7_126980516,7,126980516,NA,NA,NA,NA
S7_126980525,7,126980525,NA,NA,NA,NA
S7_167635054,7,167635054,NA,NA,NA,NA
S6_141864806,6,141864806,NA,NA,NA,NA
S3_41601361,3,41601361,NA,NA,NA,NA
S5_131040408,5,131040408,NA,NA,NA,NA
S2_195037491,2,195037491,NA,NA,NA,NA
S10_141078284,10,141078284,NA,NA,NA,NA
S7_76650156,7,76650156,NA,NA,NA,NA
S9_21726423,9,21726423,NA,NA,NA,NA
S5_204625153,5,204625153,NA,NA,NA,NA
S5_204625156,5,204625156,NA,NA,NA,NA
S5_68511806,5,68511806,NA,NA,NA,NA
S5_68511809,5,68511809,NA,NA,NA,NA
S8_145474959,8,145474959,NA,NA,NA,NA
S9_11073208,9,11073208,NA,NA,NA,NA
S7_23960636,7,23960636,NA,NA,NA,NA
S5_2263136,5,2263136,NA,NA,NA,NA
S9_136379093,9,136379093,NA,NA,NA,NA
S9_136379098,9,136379098,NA,NA,NA,NA
S7_5128667,7,5128667,NA,NA,NA,NA
S4_231509147,4,231509147,NA,NA,NA,NA
S1_167889739,1,167889739,NA,NA,NA,NA
S9_23531027,9,23531027,NA,NA,NA,NA
S6_146616908,6,146616908,NA,NA,NA,NA
S2_15342050,2,15342050,NA,NA,NA,NA
S9_142999592,9,142999592,NA,NA,NA,NA
S9_142999598,9,142999598,NA,NA,NA,NA
S9_142999627,9,142999627,NA,NA,NA,NA
S10_108413012,10,108413012,NA,NA,NA,NA
S1_45403569,1,45403569,NA,NA,NA,NA
S1_65417302,1,65417302,NA,NA,NA,NA
S6_108076193,6,108076193,NA,NA,NA,NA
S8_169665423,8,169665423,NA,NA,NA,NA
S1_188904214,1,188904214,NA,NA,NA,NA
S1_290158390,1,290158390,NA,NA,NA,NA
S9_100789393,9,100789393,NA,NA,NA,NA
S7_8902159,7,8902159,NA,NA,NA,NA
S3_19558134,3,19558134,NA,NA,NA,NA
S5_189907441,5,189907441,NA,NA,NA,NA
S6_36624158,6,36624158,NA,NA,NA,NA
S1_187399624,1,187399624,NA,NA,NA,NA
S7_91366499,7,91366499,NA,NA,NA,NA
S2_178225270,2,178225270,NA,NA,NA,NA
S2_11762100,2,11762100,NA,NA,NA,NA
S2_11762106,2,11762106,NA,NA,NA,NA
S5_20051750,5,20051750,NA,NA,NA,NA
S7_115183021,7,115183021,NA,NA,NA,NA
S1_285972634,1,285972634,NA,NA,NA,NA
S4_16302026,4,16302026,NA,NA,NA,NA
S8_165183086,8,165183086,NA,NA,NA,NA
S8_165183096,8,165183096,NA,NA,NA,NA
S3_165021267,3,165021267,NA,NA,NA,NA
S1_196052894,1,196052894,NA,NA,NA,NA
S9_150249034,9,150249034,NA,NA,NA,NA
S9_150249035,9,150249035,NA,NA,NA,NA
S3_210425695,3,210425695,NA,NA,NA,NA
S3_32128255,3,32128255,NA,NA,NA,NA
S2_23093371,2,23093371,NA,NA,NA,NA
S4_5465209,4,5465209,NA,NA,NA,NA
S4_197388644,4,197388644,NA,NA,NA,NA
S1_117146656,1,117146656,NA,NA,NA,NA
S1_45941144,1,45941144,NA,NA,NA,NA
S5_4502915,5,4502915,NA,NA,NA,NA
S2_214298809,2,214298809,NA,NA,NA,NA
S10_121731509,10,121731509,NA,NA,NA,NA
S5_55436175,5,55436175,NA,NA,NA,NA
S4_153403823,4,153403823,NA,NA,NA,NA
S5_3778137,5,3778137,NA,NA,NA,NA
S10_137674429,10,137674429,NA,NA,NA,NA
S3_4862339,3,4862339,NA,NA,NA,NA
S7_132184219,7,132184219,NA,NA,NA,NA
S2_208537099,2,208537099,NA,NA,NA,NA
S4_3261014,4,3261014,NA,NA,NA,NA
S8_171327055,8,171327055,NA,NA,NA,NA
S9_28007579,9,28007579,NA,NA,NA,NA
S8_121485517,8,121485517,NA,NA,NA,NA
S6_111972363,6,111972363,NA,NA,NA,NA
S1_259217670,1,259217670,NA,NA,NA,NA
S7_32478072,7,32478072,NA,NA,NA,NA
S5_33644867,5,33644867,NA,NA,NA,NA
S4_183040631,4,183040631,NA,NA,NA,NA
S2_225470966,2,225470966,NA,NA,NA,NA
S3_208629470,3,208629470,NA,NA,NA,NA
S6_111971240,6,111971240,NA,NA,NA,NA
S2_234719052,2,234719052,NA,NA,NA,NA
S6_60182831,6,60182831,NA,NA,NA,NA
S1_293930177,1,293930177,NA,NA,NA,NA
S8_125197779,8,125197779,NA,NA,NA,NA
S2_121584904,2,121584904,NA,NA,NA,NA
S4_71280111,4,71280111,NA,NA,NA,NA
S9_106406394,9,106406394,NA,NA,NA,NA
S9_92916861,9,92916861,NA,NA,NA,NA
S8_170127444,8,170127444,NA,NA,NA,NA
S1_52603136,1,52603136,NA,NA,NA,NA
S8_146060437,8,146060437,NA,NA,NA,NA
S8_146060472,8,146060472,NA,NA,NA,NA
S7_121601773,7,121601773,NA,NA,NA,NA
S4_214783324,4,214783324,NA,NA,NA,NA
S5_200494481,5,200494481,NA,NA,NA,NA
S5_186832871,5,186832871,NA,NA,NA,NA
S5_186832872,5,186832872,NA,NA,NA,NA
S2_193815562,2,193815562,NA,NA,NA,NA
S3_3455064,3,3455064,NA,NA,NA,NA
S2_12244932,2,12244932,NA,NA,NA,NA
S7_95431617,7,95431617,NA,NA,NA,NA
S4_202889676,4,202889676,NA,NA,NA,NA
S4_202889677,4,202889677,NA,NA,NA,NA
S4_202889679,4,202889679,NA,NA,NA,NA
S4_202889680,4,202889680,NA,NA,NA,NA
S4_202889681,4,202889681,NA,NA,NA,NA
S4_202889682,4,202889682,NA,NA,NA,NA
S4_202889683,4,202889683,NA,NA,NA,NA
S2_207764759,2,207764759,NA,NA,NA,NA
S1_274734999,1,274734999,NA,NA,NA,NA
S3_5986770,3,5986770,NA,NA,NA,NA
S9_49309439,9,49309439,NA,NA,NA,NA
S7_173149278,7,173149278,NA,NA,NA,NA
S10_2257612,10,2257612,NA,NA,NA,NA
S9_33734463,9,33734463,NA,NA,NA,NA
S1_7356432,1,7356432,NA,NA,NA,NA
S10_145895393,10,145895393,NA,NA,NA,NA
S5_199978182,5,199978182,NA,NA,NA,NA
S7_157595626,7,157595626,NA,NA,NA,NA
S1_257214217,1,257214217,NA,NA,NA,NA
S10_121751833,10,121751833,NA,NA,NA,NA
S9_144795711,9,144795711,NA,NA,NA,NA
S4_165637182,4,165637182,NA,NA,NA,NA
S5_8493455,5,8493455,NA,NA,NA,NA
S3_10685778,3,10685778,NA,NA,NA,NA
S3_10685784,3,10685784,NA,NA,NA,NA
S1_268255455,1,268255455,NA,NA,NA,NA
S8_122424394,8,122424394,NA,NA,NA,NA
S3_132850745,3,132850745,NA,NA,NA,NA
S5_204324103,5,204324103,NA,NA,NA,NA
S8_70971436,8,70971436,NA,NA,NA,NA
S2_144984545,2,144984545,NA,NA,NA,NA
S2_144984554,2,144984554,NA,NA,NA,NA
S2_213200482,2,213200482,NA,NA,NA,NA
S2_213200505,2,213200505,NA,NA,NA,NA
S4_234447740,4,234447740,NA,NA,NA,NA
S2_26436472,2,26436472,NA,NA,NA,NA
S3_55029080,3,55029080,NA,NA,NA,NA
S2_12018819,2,12018819,NA,NA,NA,NA
S8_81245312,8,81245312,NA,NA,NA,NA
S2_12352637,2,12352637,NA,NA,NA,NA
S6_137265790,6,137265790,NA,NA,NA,NA
S6_142760965,6,142760965,NA,NA,NA,NA
S8_106144095,8,106144095,NA,NA,NA,NA
S5_200780288,5,200780288,NA,NA,NA,NA
S10_16031239,10,16031239,NA,NA,NA,NA
S10_109800233,10,109800233,NA,NA,NA,NA
S8_26478735,8,26478735,NA,NA,NA,NA
S10_132612579,10,132612579,NA,NA,NA,NA
S3_124731476,3,124731476,NA,NA,NA,NA
S1_271315163,1,271315163,NA,NA,NA,NA
S3_188539374,3,188539374,NA,NA,NA,NA
S8_120149919,8,120149919,NA,NA,NA,NA
S4_36216861,4,36216861,NA,NA,NA,NA
S2_40676642,2,40676642,NA,NA,NA,NA
S1_60149775,1,60149775,NA,NA,NA,NA
S3_187719247,3,187719247,NA,NA,NA,NA
S3_187719258,3,187719258,NA,NA,NA,NA
S5_170411844,5,170411844,NA,NA,NA,NA
S1_11911006,1,11911006,NA,NA,NA,NA
S7_172717533,7,172717533,NA,NA,NA,NA
S7_172717567,7,172717567,NA,NA,NA,NA
S7_5336928,7,5336928,NA,NA,NA,NA
S7_82321097,7,82321097,NA,NA,NA,NA
S8_157316211,8,157316211,NA,NA,NA,NA
S4_32143241,4,32143241,NA,NA,NA,NA
S5_7244553,5,7244553,NA,NA,NA,NA
S7_162758564,7,162758564,NA,NA,NA,NA
S7_162758566,7,162758566,NA,NA,NA,NA
S3_151940813,3,151940813,NA,NA,NA,NA
S5_175461911,5,175461911,NA,NA,NA,NA
S8_117195682,8,117195682,NA,NA,NA,NA
S8_117195710,8,117195710,NA,NA,NA,NA
S8_76316839,8,76316839,NA,NA,NA,NA
S5_203202275,5,203202275,NA,NA,NA,NA
S8_163896298,8,163896298,NA,NA,NA,NA
S7_43567158,7,43567158,NA,NA,NA,NA
S3_189468516,3,189468516,NA,NA,NA,NA
S10_28490137,10,28490137,NA,NA,NA,NA
S2_17610530,2,17610530,NA,NA,NA,NA
S2_199589698,2,199589698,NA,NA,NA,NA
S8_117899772,8,117899772,NA,NA,NA,NA
S2_42258782,2,42258782,NA,NA,NA,NA
S4_231328736,4,231328736,NA,NA,NA,NA
S9_66686067,9,66686067,NA,NA,NA,NA
S7_31731179,7,31731179,NA,NA,NA,NA
S5_82953535,5,82953535,NA,NA,NA,NA
S1_295630751,1,295630751,NA,NA,NA,NA
S8_169520478,8,169520478,NA,NA,NA,NA
S6_85796534,6,85796534,NA,NA,NA,NA
S10_10621204,10,10621204,NA,NA,NA,NA
S1_146507470,1,146507470,NA,NA,NA,NA
S1_201484798,1,201484798,NA,NA,NA,NA
S1_209127501,1,209127501,NA,NA,NA,NA
S8_168492835,8,168492835,NA,NA,NA,NA
S7_162671160,7,162671160,NA,NA,NA,NA
S3_55445743,3,55445743,NA,NA,NA,NA
S6_158480726,6,158480726,NA,NA,NA,NA
S1_81516951,1,81516951,NA,NA,NA,NA
S2_211345186,2,211345186,NA,NA,NA,NA
S10_138087604,10,138087604,NA,NA,NA,NA
S1_201740364,1,201740364,NA,NA,NA,NA
S2_101083619,2,101083619,NA,NA,NA,NA
S2_213808519,2,213808519,NA,NA,NA,NA
S1_225870635,1,225870635,NA,NA,NA,NA
S2_222219958,2,222219958,NA,NA,NA,NA
S10_9538309,10,9538309,NA,NA,NA,NA
S5_212169457,5,212169457,NA,NA,NA,NA
S3_226809172,3,226809172,NA,NA,NA,NA
S3_208536730,3,208536730,NA,NA,NA,NA
S2_210377809,2,210377809,NA,NA,NA,NA
S1_54524409,1,54524409,NA,NA,NA,NA
S10_767965,10,767965,NA,NA,NA,NA
S4_199797629,4,199797629,NA,NA,NA,NA
S7_153705745,7,153705745,NA,NA,NA,NA
S6_151550605,6,151550605,NA,NA,NA,NA
S6_143981348,6,143981348,NA,NA,NA,NA
S7_167099173,7,167099173,NA,NA,NA,NA
S7_149718723,7,149718723,NA,NA,NA,NA
S9_147580131,9,147580131,NA,NA,NA,NA
S9_133939714,9,133939714,NA,NA,NA,NA
S7_158367447,7,158367447,NA,NA,NA,NA
S3_197018008,3,197018008,NA,NA,NA,NA
S5_170814753,5,170814753,NA,NA,NA,NA
S5_170814756,5,170814756,NA,NA,NA,NA
S3_41243974,3,41243974,NA,NA,NA,NA
S3_128831730,3,128831730,NA,NA,NA,NA
S8_175220732,8,175220732,NA,NA,NA,NA
S6_112590609,6,112590609,NA,NA,NA,NA
S1_297512127,1,297512127,NA,NA,NA,NA
S1_267394127,1,267394127,NA,NA,NA,NA
S2_43558588,2,43558588,NA,NA,NA,NA
S7_101123158,7,101123158,NA,NA,NA,NA
S9_128313134,9,128313134,NA,NA,NA,NA
S3_204476019,3,204476019,NA,NA,NA,NA
S1_193869846,1,193869846,NA,NA,NA,NA
S9_45707217,9,45707217,NA,NA,NA,NA
S9_45707240,9,45707240,NA,NA,NA,NA
S5_190481551,5,190481551,NA,NA,NA,NA
S10_5485007,10,5485007,NA,NA,NA,NA
S6_159377670,6,159377670,NA,NA,NA,NA
S3_227048451,3,227048451,NA,NA,NA,NA
S8_29017125,8,29017125,NA,NA,NA,NA
S8_29017126,8,29017126,NA,NA,NA,NA
S1_175296022,1,175296022,NA,NA,NA,NA
S5_202394804,5,202394804,NA,NA,NA,NA
S5_88047318,5,88047318,NA,NA,NA,NA
S1_286439874,1,286439874,NA,NA,NA,NA
S2_181683140,2,181683140,NA,NA,NA,NA
S1_164089270,1,164089270,NA,NA,NA,NA
S2_213805458,2,213805458,NA,NA,NA,NA
S3_33764714,3,33764714,NA,NA,NA,NA
S7_137521198,7,137521198,NA,NA,NA,NA
S5_71381450,5,71381450,NA,NA,NA,NA
S3_5948001,3,5948001,NA,NA,NA,NA
S2_213095106,2,213095106,NA,NA,NA,NA
S8_159889459,8,159889459,NA,NA,NA,NA
S5_180185568,5,180185568,NA,NA,NA,NA
S5_212169432,5,212169432,NA,NA,NA,NA
S2_144984551,2,144984551,NA,NA,NA,NA
S3_158780918,3,158780918,NA,NA,NA,NA
S8_147292784,8,147292784,NA,NA,NA,NA
S3_21857225,3,21857225,NA,NA,NA,NA
S6_86755420,6,86755420,NA,NA,NA,NA
S6_91299423,6,91299423,NA,NA,NA,NA
S1_235441530,1,235441530,NA,NA,NA,NA
S1_263652227,1,263652227,NA,NA,NA,NA
S3_214758360,3,214758360,NA,NA,NA,NA
S4_157784281,4,157784281,NA,NA,NA,NA
S3_214202826,3,214202826,NA,NA,NA,NA
S7_100035199,7,100035199,NA,NA,NA,NA
S4_14037384,4,14037384,NA,NA,NA,NA
S3_185272000,3,185272000,NA,NA,NA,NA
S2_131349038,2,131349038,NA,NA,NA,NA
S2_63939780,2,63939780,NA,NA,NA,NA
S10_108377085,10,108377085,NA,NA,NA,NA
S3_162079857,3,162079857,NA,NA,NA,NA
S5_4945528,5,4945528,NA,NA,NA,NA
S4_197853762,4,197853762,NA,NA,NA,NA
S1_285310404,1,285310404,NA,NA,NA,NA
S6_163830244,6,163830244,NA,NA,NA,NA
S1_182872518,1,182872518,NA,NA,NA,NA
S7_89091489,7,89091489,NA,NA,NA,NA
S1_166925190,1,166925190,NA,NA,NA,NA
S3_223753359,3,223753359,NA,NA,NA,NA
S2_222415762,2,222415762,NA,NA,NA,NA
S4_126473666,4,126473666,NA,NA,NA,NA
S6_18647072,6,18647072,NA,NA,NA,NA
S3_54117186,3,54117186,NA,NA,NA,NA
S1_209126439,1,209126439,NA,NA,NA,NA
S7_152354244,7,152354244,NA,NA,NA,NA
S9_41672786,9,41672786,NA,NA,NA,NA
S6_134656449,6,134656449,NA,NA,NA,NA
S1_35217574,1,35217574,NA,NA,NA,NA
S5_171271222,5,171271222,NA,NA,NA,NA
S7_126518903,7,126518903,NA,NA,NA,NA
S2_206420968,2,206420968,NA,NA,NA,NA
S2_206420992,2,206420992,NA,NA,NA,NA
S3_58537590,3,58537590,NA,NA,NA,NA
S1_2306742,1,2306742,NA,NA,NA,NA
S1_267956661,1,267956661,NA,NA,NA,NA
S1_41966362,1,41966362,NA,NA,NA,NA
S5_214340298,5,214340298,NA,NA,NA,NA
S9_154602464,9,154602464,NA,NA,NA,NA
S6_120136375,6,120136375,NA,NA,NA,NA
S8_21615641,8,21615641,NA,NA,NA,NA
S2_222447176,2,222447176,NA,NA,NA,NA
S2_234104786,2,234104786,NA,NA,NA,NA
S6_143959110,6,143959110,NA,NA,NA,NA
S1_277349217,1,277349217,NA,NA,NA,NA
S1_22376186,1,22376186,NA,NA,NA,NA
S6_152461506,6,152461506,NA,NA,NA,NA
S6_36623744,6,36623744,NA,NA,NA,NA
S6_164726574,6,164726574,NA,NA,NA,NA
S7_164830868,7,164830868,NA,NA,NA,NA
S7_82650257,7,82650257,NA,NA,NA,NA
S9_146227470,9,146227470,NA,NA,NA,NA
S1_95440438,1,95440438,NA,NA,NA,NA
S4_177646819,4,177646819,NA,NA,NA,NA
S3_220704567,3,220704567,NA,NA,NA,NA
S3_183638883,3,183638883,NA,NA,NA,NA
S7_18426786,7,18426786,NA,NA,NA,NA
S2_23221202,2,23221202,NA,NA,NA,NA
S9_153508929,9,153508929,NA,NA,NA,NA
S8_156887673,8,156887673,NA,NA,NA,NA
S2_52949292,2,52949292,NA,NA,NA,NA
S10_139002561,10,139002561,NA,NA,NA,NA
S8_834154,8,834154,NA,NA,NA,NA
S4_182008373,4,182008373,NA,NA,NA,NA
S10_127256588,10,127256588,NA,NA,NA,NA
S3_138773962,3,138773962,NA,NA,NA,NA
S2_230888715,2,230888715,NA,NA,NA,NA
S1_12521525,1,12521525,NA,NA,NA,NA
S7_146371664,7,146371664,NA,NA,NA,NA
S3_5321949,3,5321949,NA,NA,NA,NA
S7_71622243,7,71622243,NA,NA,NA,NA
S8_20529115,8,20529115,NA,NA,NA,NA
S8_20529116,8,20529116,NA,NA,NA,NA
S1_162137055,1,162137055,NA,NA,NA,NA
S6_3570979,6,3570979,NA,NA,NA,NA
S1_278041383,1,278041383,NA,NA,NA,NA
S5_68653264,5,68653264,NA,NA,NA,NA
S3_173586039,3,173586039,NA,NA,NA,NA
S9_143887226,9,143887226,NA,NA,NA,NA
S1_266991444,1,266991444,NA,NA,NA,NA
S1_174373921,1,174373921,NA,NA,NA,NA
S9_20829231,9,20829231,NA,NA,NA,NA
S5_203994859,5,203994859,NA,NA,NA,NA
S8_24473345,8,24473345,NA,NA,NA,NA
S2_187818651,2,187818651,NA,NA,NA,NA
S1_179588517,1,179588517,NA,NA,NA,NA
S10_133272589,10,133272589,NA,NA,NA,NA
S3_33973587,3,33973587,NA,NA,NA,NA
S3_33973589,3,33973589,NA,NA,NA,NA
S3_2450668,3,2450668,NA,NA,NA,NA
S2_202635915,2,202635915,NA,NA,NA,NA
S9_147961859,9,147961859,NA,NA,NA,NA
S8_3662702,8,3662702,NA,NA,NA,NA
S4_180236828,4,180236828,NA,NA,NA,NA
S8_167571866,8,167571866,NA,NA,NA,NA
S1_288395709,1,288395709,NA,NA,NA,NA
S10_30141338,10,30141338,NA,NA,NA,NA
S1_198934264,1,198934264,NA,NA,NA,NA
S5_199979543,5,199979543,NA,NA,NA,NA
S10_140984446,10,140984446,NA,NA,NA,NA
S4_20776685,4,20776685,NA,NA,NA,NA
S1_9581059,1,9581059,NA,NA,NA,NA
S3_151334181,3,151334181,NA,NA,NA,NA
S10_90818793,10,90818793,NA,NA,NA,NA
S4_187772269,4,187772269,NA,NA,NA,NA
S7_5146184,7,5146184,NA,NA,NA,NA
S4_234210002,4,234210002,NA,NA,NA,NA
S10_74807714,10,74807714,NA,NA,NA,NA
S2_234031211,2,234031211,NA,NA,NA,NA
S4_34804224,4,34804224,NA,NA,NA,NA
S7_139724902,7,139724902,NA,NA,NA,NA
S5_198820847,5,198820847,NA,NA,NA,NA
S8_28114970,8,28114970,NA,NA,NA,NA
S3_175965617,3,175965617,NA,NA,NA,NA
S9_149647478,9,149647478,NA,NA,NA,NA
S5_30601081,5,30601081,NA,NA,NA,NA
S1_6201190,1,6201190,NA,NA,NA,NA
S1_12256442,1,12256442,NA,NA,NA,NA
S2_233633055,2,233633055,NA,NA,NA,NA
S6_127767406,6,127767406,NA,NA,NA,NA
S1_291781694,1,291781694,NA,NA,NA,NA
S1_269304697,1,269304697,NA,NA,NA,NA
S8_152752267,8,152752267,NA,NA,NA,NA
S3_221687543,3,221687543,NA,NA,NA,NA
S5_15448505,5,15448505,NA,NA,NA,NA
S2_170867592,2,170867592,NA,NA,NA,NA
S1_192026502,1,192026502,NA,NA,NA,NA
S1_165404700,1,165404700,NA,NA,NA,NA
S8_40685869,8,40685869,NA,NA,NA,NA
S10_14645180,10,14645180,NA,NA,NA,NA
S5_205562811,5,205562811,NA,NA,NA,NA
S1_40436872,1,40436872,NA,NA,NA,NA
S3_19940304,3,19940304,NA,NA,NA,NA
S10_111675625,10,111675625,NA,NA,NA,NA
S4_158561478,4,158561478,NA,NA,NA,NA
S4_158561479,4,158561479,NA,NA,NA,NA
S8_155590867,8,155590867,NA,NA,NA,NA
S8_136049869,8,136049869,NA,NA,NA,NA
S4_182295934,4,182295934,NA,NA,NA,NA
S2_217687533,2,217687533,NA,NA,NA,NA
S5_32919574,5,32919574,NA,NA,NA,NA
S1_62489767,1,62489767,NA,NA,NA,NA
S9_154367211,9,154367211,NA,NA,NA,NA
S7_172208659,7,172208659,NA,NA,NA,NA
S1_21703366,1,21703366,NA,NA,NA,NA
S1_43055444,1,43055444,NA,NA,NA,NA
S5_140764096,5,140764096,NA,NA,NA,NA
S2_160151277,2,160151277,NA,NA,NA,NA
S2_179393389,2,179393389,NA,NA,NA,NA
S2_10013972,2,10013972,NA,NA,NA,NA
S2_212824127,2,212824127,NA,NA,NA,NA
S1_95112583,1,95112583,NA,NA,NA,NA
S4_172110067,4,172110067,NA,NA,NA,NA
S6_138073036,6,138073036,NA,NA,NA,NA
S6_138073038,6,138073038,NA,NA,NA,NA
S6_138073040,6,138073040,NA,NA,NA,NA
S6_138073043,6,138073043,NA,NA,NA,NA
S6_138073044,6,138073044,NA,NA,NA,NA
S6_138073045,6,138073045,NA,NA,NA,NA
S2_213073618,2,213073618,NA,NA,NA,NA
S10_91358312,10,91358312,NA,NA,NA,NA
S7_155304103,7,155304103,NA,NA,NA,NA
S2_41244979,2,41244979,NA,NA,NA,NA
S6_9188580,6,9188580,NA,NA,NA,NA
S4_10214574,4,10214574,NA,NA,NA,NA
S10_2662670,10,2662670,NA,NA,NA,NA
S8_12935556,8,12935556,NA,NA,NA,NA
S1_179589250,1,179589250,NA,NA,NA,NA
S5_8748555,5,8748555,NA,NA,NA,NA
S8_2426678,8,2426678,NA,NA,NA,NA
S5_70046090,5,70046090,NA,NA,NA,NA
S1_282901586,1,282901586,NA,NA,NA,NA
S3_196560189,3,196560189,NA,NA,NA,NA
S3_196560193,3,196560193,NA,NA,NA,NA
S8_101237818,8,101237818,NA,NA,NA,NA
S6_155460871,6,155460871,NA,NA,NA,NA
S2_9443067,2,9443067,NA,NA,NA,NA
S2_233740183,2,233740183,NA,NA,NA,NA
S6_4308292,6,4308292,NA,NA,NA,NA
S1_221369860,1,221369860,NA,NA,NA,NA
S1_209126440,1,209126440,NA,NA,NA,NA
S1_32156693,1,32156693,NA,NA,NA,NA
S1_36973202,1,36973202,NA,NA,NA,NA
S6_31005632,6,31005632,NA,NA,NA,NA
S1_89236435,1,89236435,NA,NA,NA,NA
S9_8741857,9,8741857,NA,NA,NA,NA
S3_173521336,3,173521336,NA,NA,NA,NA
S4_124927093,4,124927093,NA,NA,NA,NA
S10_148991776,10,148991776,NA,NA,NA,NA
S3_220704591,3,220704591,NA,NA,NA,NA
S4_149745262,4,149745262,NA,NA,NA,NA
S1_215444048,1,215444048,NA,NA,NA,NA
S4_181338273,4,181338273,NA,NA,NA,NA
S5_215346699,5,215346699,NA,NA,NA,NA
S4_116870650,4,116870650,NA,NA,NA,NA
S7_152240318,7,152240318,NA,NA,NA,NA
S4_67097419,4,67097419,NA,NA,NA,NA
S9_76536275,9,76536275,NA,NA,NA,NA
S2_182857392,2,182857392,NA,NA,NA,NA
S4_199797536,4,199797536,NA,NA,NA,NA
S1_122885317,1,122885317,NA,NA,NA,NA
S3_2624251,3,2624251,NA,NA,NA,NA
S4_37324338,4,37324338,NA,NA,NA,NA
S7_165913219,7,165913219,NA,NA,NA,NA
S1_206123686,1,206123686,NA,NA,NA,NA
S6_41535793,6,41535793,NA,NA,NA,NA
S2_27828745,2,27828745,NA,NA,NA,NA
S5_213057652,5,213057652,NA,NA,NA,NA
S3_12194132,3,12194132,NA,NA,NA,NA
S5_188824506,5,188824506,NA,NA,NA,NA
S9_146406093,9,146406093,NA,NA,NA,NA
S9_146406097,9,146406097,NA,NA,NA,NA
S10_96251388,10,96251388,NA,NA,NA,NA
S3_15057297,3,15057297,NA,NA,NA,NA
S1_182169352,1,182169352,NA,NA,NA,NA
S9_86661640,9,86661640,NA,NA,NA,NA
S9_86661682,9,86661682,NA,NA,NA,NA
S2_208539148,2,208539148,NA,NA,NA,NA
S7_85579286,7,85579286,NA,NA,NA,NA
S9_78207830,9,78207830,NA,NA,NA,NA
S3_217462887,3,217462887,NA,NA,NA,NA
S10_145537616,10,145537616,NA,NA,NA,NA
S10_145537620,10,145537620,NA,NA,NA,NA
S3_2211173,3,2211173,NA,NA,NA,NA
S5_145496748,5,145496748,NA,NA,NA,NA
S1_246201153,1,246201153,NA,NA,NA,NA
S1_246723389,1,246723389,NA,NA,NA,NA
S3_178099877,3,178099877,NA,NA,NA,NA
S10_81957538,10,81957538,NA,NA,NA,NA
S1_293646511,1,293646511,NA,NA,NA,NA
S1_174228672,1,174228672,NA,NA,NA,NA
S7_173041096,7,173041096,NA,NA,NA,NA
S7_173041098,7,173041098,NA,NA,NA,NA
S7_173041100,7,173041100,NA,NA,NA,NA
S7_173041104,7,173041104,NA,NA,NA,NA
S7_173041105,7,173041105,NA,NA,NA,NA
S6_76236628,6,76236628,NA,NA,NA,NA
S4_145623059,4,145623059,NA,NA,NA,NA
S9_154250994,9,154250994,NA,NA,NA,NA
S9_154251008,9,154251008,NA,NA,NA,NA
S5_3334874,5,3334874,NA,NA,NA,NA
S9_153419269,9,153419269,NA,NA,NA,NA
S9_153419278,9,153419278,NA,NA,NA,NA
S3_204998708,3,204998708,NA,NA,NA,NA
S3_190458928,3,190458928,NA,NA,NA,NA
S1_278034451,1,278034451,NA,NA,NA,NA
S8_51064863,8,51064863,NA,NA,NA,NA
S2_232501686,2,232501686,NA,NA,NA,NA
S2_20563943,2,20563943,NA,NA,NA,NA
S2_166346731,2,166346731,NA,NA,NA,NA
S2_226690349,2,226690349,NA,NA,NA,NA
S4_230754714,4,230754714,NA,NA,NA,NA
S10_143169653,10,143169653,NA,NA,NA,NA
S6_9200564,6,9200564,NA,NA,NA,NA
S5_200685220,5,200685220,NA,NA,NA,NA
S1_10826256,1,10826256,NA,NA,NA,NA
S4_21658216,4,21658216,NA,NA,NA,NA
S2_24814869,2,24814869,NA,NA,NA,NA
S5_56843831,5,56843831,NA,NA,NA,NA
S1_26693215,1,26693215,NA,NA,NA,NA
S3_4710790,3,4710790,NA,NA,NA,NA
S3_199494166,3,199494166,NA,NA,NA,NA
S3_199494169,3,199494169,NA,NA,NA,NA
S9_149457671,9,149457671,NA,NA,NA,NA
S9_149457677,9,149457677,NA,NA,NA,NA
S6_157495351,6,157495351,NA,NA,NA,NA
S7_122921989,7,122921989,NA,NA,NA,NA
S2_19324631,2,19324631,NA,NA,NA,NA
S6_109900320,6,109900320,NA,NA,NA,NA
S7_174512525,7,174512525,NA,NA,NA,NA
S8_149983858,8,149983858,NA,NA,NA,NA
S2_17789950,2,17789950,NA,NA,NA,NA
S3_196434589,3,196434589,NA,NA,NA,NA
S9_137291816,9,137291816,NA,NA,NA,NA
S7_165793530,7,165793530,NA,NA,NA,NA
S6_151201384,6,151201384,NA,NA,NA,NA
S6_166674016,6,166674016,NA,NA,NA,NA
S6_166674020,6,166674020,NA,NA,NA,NA
S8_160531897,8,160531897,NA,NA,NA,NA
S3_227281351,3,227281351,NA,NA,NA,NA
S2_101542764,2,101542764,NA,NA,NA,NA
S2_101542787,2,101542787,NA,NA,NA,NA
S2_101542802,2,101542802,NA,NA,NA,NA
S5_212157548,5,212157548,NA,NA,NA,NA
S5_183368501,5,183368501,NA,NA,NA,NA
S2_141535283,2,141535283,NA,NA,NA,NA
S2_26881454,2,26881454,NA,NA,NA,NA
S2_26881456,2,26881456,NA,NA,NA,NA
S2_26881457,2,26881457,NA,NA,NA,NA
S2_26881497,2,26881497,NA,NA,NA,NA
S8_122950902,8,122950902,NA,NA,NA,NA
S1_40420896,1,40420896,NA,NA,NA,NA
S8_34670581,8,34670581,NA,NA,NA,NA
S8_34670582,8,34670582,NA,NA,NA,NA
S8_34670583,8,34670583,NA,NA,NA,NA
S8_34670629,8,34670629,NA,NA,NA,NA
S7_153101349,7,153101349,NA,NA,NA,NA
S4_5788009,4,5788009,NA,NA,NA,NA
S3_11006807,3,11006807,NA,NA,NA,NA
S8_164741115,8,164741115,NA,NA,NA,NA
S1_188460110,1,188460110,NA,NA,NA,NA
S4_200189714,4,200189714,NA,NA,NA,NA
S9_149245690,9,149245690,NA,NA,NA,NA
S1_233555723,1,233555723,NA,NA,NA,NA
S8_18824110,8,18824110,NA,NA,NA,NA
S9_23258840,9,23258840,NA,NA,NA,NA
S6_139685058,6,139685058,NA,NA,NA,NA
S1_25104791,1,25104791,NA,NA,NA,NA
S5_6831540,5,6831540,NA,NA,NA,NA
S3_6685171,3,6685171,NA,NA,NA,NA
S4_910130,4,910130,NA,NA,NA,NA
S8_117553999,8,117553999,NA,NA,NA,NA
S8_8356616,8,8356616,NA,NA,NA,NA
S10_130810479,10,130810479,NA,NA,NA,NA
S1_47600003,1,47600003,NA,NA,NA,NA
S5_200111043,5,200111043,NA,NA,NA,NA
S2_222415848,2,222415848,NA,NA,NA,NA
S2_222415849,2,222415849,NA,NA,NA,NA
S1_22978431,1,22978431,NA,NA,NA,NA
S2_226678251,2,226678251,NA,NA,NA,NA
S8_93252926,8,93252926,NA,NA,NA,NA
S5_32798041,5,32798041,NA,NA,NA,NA
S8_20084661,8,20084661,NA,NA,NA,NA
S1_77411473,1,77411473,NA,NA,NA,NA
S1_33415725,1,33415725,NA,NA,NA,NA
S5_68429128,5,68429128,NA,NA,NA,NA
S6_162018973,6,162018973,NA,NA,NA,NA
S4_6601056,4,6601056,NA,NA,NA,NA
S5_212169454,5,212169454,NA,NA,NA,NA
S10_82157788,10,82157788,NA,NA,NA,NA
S10_9598175,10,9598175,NA,NA,NA,NA
S1_165404693,1,165404693,NA,NA,NA,NA
S4_173932298,4,173932298,NA,NA,NA,NA
S6_38272003,6,38272003,NA,NA,NA,NA
S1_222401619,1,222401619,NA,NA,NA,NA
S6_159612265,6,159612265,NA,NA,NA,NA
S3_195644751,3,195644751,NA,NA,NA,NA
S7_176216182,7,176216182,NA,NA,NA,NA
S3_133451519,3,133451519,NA,NA,NA,NA
S3_57391888,3,57391888,NA,NA,NA,NA
S9_30080072,9,30080072,NA,NA,NA,NA
S7_46784669,7,46784669,NA,NA,NA,NA
S4_184677638,4,184677638,NA,NA,NA,NA
S2_6825561,2,6825561,NA,NA,NA,NA
S4_3266812,4,3266812,NA,NA,NA,NA
S1_69700054,1,69700054,NA,NA,NA,NA
S5_151708930,5,151708930,NA,NA,NA,NA
S10_101870048,10,101870048,NA,NA,NA,NA
S1_267544897,1,267544897,NA,NA,NA,NA
S8_128601755,8,128601755,NA,NA,NA,NA
S2_3337655,2,3337655,NA,NA,NA,NA
S1_174281400,1,174281400,NA,NA,NA,NA
S9_58248077,9,58248077,NA,NA,NA,NA
S7_151193942,7,151193942,NA,NA,NA,NA
S8_149077574,8,149077574,NA,NA,NA,NA
S6_145529067,6,145529067,NA,NA,NA,NA
S1_173321693,1,173321693,NA,NA,NA,NA
S9_55348059,9,55348059,NA,NA,NA,NA
S10_113831374,10,113831374,NA,NA,NA,NA
S9_103176805,9,103176805,NA,NA,NA,NA
S6_165554795,6,165554795,NA,NA,NA,NA
S9_145901909,9,145901909,NA,NA,NA,NA
S6_165945932,6,165945932,NA,NA,NA,NA
S6_164377429,6,164377429,NA,NA,NA,NA
S1_140718145,1,140718145,NA,NA,NA,NA
S3_11534119,3,11534119,NA,NA,NA,NA
S3_11534161,3,11534161,NA,NA,NA,NA
S8_152256271,8,152256271,NA,NA,NA,NA
S5_68515771,5,68515771,NA,NA,NA,NA
S6_148779041,6,148779041,NA,NA,NA,NA
S3_8885145,3,8885145,NA,NA,NA,NA
S5_123636409,5,123636409,NA,NA,NA,NA
S10_145895498,10,145895498,NA,NA,NA,NA
S1_259823426,1,259823426,NA,NA,NA,NA
S8_116850243,8,116850243,NA,NA,NA,NA
S8_116850246,8,116850246,NA,NA,NA,NA
S2_28140248,2,28140248,NA,NA,NA,NA
S5_183144995,5,183144995,NA,NA,NA,NA
S3_153858200,3,153858200,NA,NA,NA,NA
S8_159380556,8,159380556,NA,NA,NA,NA
S2_51630542,2,51630542,NA,NA,NA,NA
S6_7150158,6,7150158,NA,NA,NA,NA
S2_179439743,2,179439743,NA,NA,NA,NA
S2_179439755,2,179439755,NA,NA,NA,NA
S9_44450412,9,44450412,NA,NA,NA,NA
S4_10804296,4,10804296,NA,NA,NA,NA
S8_25879032,8,25879032,NA,NA,NA,NA
S5_208091932,5,208091932,NA,NA,NA,NA
S4_231961315,4,231961315,NA,NA,NA,NA
S2_178096552,2,178096552,NA,NA,NA,NA
S1_202307690,1,202307690,NA,NA,NA,NA
S5_212160781,5,212160781,NA,NA,NA,NA
S9_141452266,9,141452266,NA,NA,NA,NA
S6_149528358,6,149528358,NA,NA,NA,NA
S3_28224152,3,28224152,NA,NA,NA,NA
S1_3405286,1,3405286,NA,NA,NA,NA
S1_3405291,1,3405291,NA,NA,NA,NA
S1_248736463,1,248736463,NA,NA,NA,NA
S3_184634162,3,184634162,NA,NA,NA,NA
S5_213905176,5,213905176,NA,NA,NA,NA
S3_169347271,3,169347271,NA,NA,NA,NA
S8_3886779,8,3886779,NA,NA,NA,NA
S2_205643131,2,205643131,NA,NA,NA,NA
S9_11929598,9,11929598,NA,NA,NA,NA
S9_11929600,9,11929600,NA,NA,NA,NA
S5_2148864,5,2148864,NA,NA,NA,NA
S1_16698832,1,16698832,NA,NA,NA,NA
S1_16698866,1,16698866,NA,NA,NA,NA
S3_183645506,3,183645506,NA,NA,NA,NA
S8_148008422,8,148008422,NA,NA,NA,NA
S3_88709101,3,88709101,NA,NA,NA,NA
S8_24523280,8,24523280,NA,NA,NA,NA
S4_39551940,4,39551940,NA,NA,NA,NA
S4_195326996,4,195326996,NA,NA,NA,NA
S8_27312918,8,27312918,NA,NA,NA,NA
S7_174512504,7,174512504,NA,NA,NA,NA
S6_123371613,6,123371613,NA,NA,NA,NA
S4_196467375,4,196467375,NA,NA,NA,NA
S4_143082861,4,143082861,NA,NA,NA,NA
S6_159377659,6,159377659,NA,NA,NA,NA
S3_148556258,3,148556258,NA,NA,NA,NA
S8_18446978,8,18446978,NA,NA,NA,NA
S9_2457380,9,2457380,NA,NA,NA,NA
S4_184951489,4,184951489,NA,NA,NA,NA
S1_246722368,1,246722368,NA,NA,NA,NA
S3_219182808,3,219182808,NA,NA,NA,NA
S2_25746936,2,25746936,NA,NA,NA,NA
S6_58455065,6,58455065,NA,NA,NA,NA
S2_17477124,2,17477124,NA,NA,NA,NA
S6_167821525,6,167821525,NA,NA,NA,NA
S3_195116864,3,195116864,NA,NA,NA,NA
S1_77855251,1,77855251,NA,NA,NA,NA
S4_38542148,4,38542148,NA,NA,NA,NA
S2_193622322,2,193622322,NA,NA,NA,NA
S5_164651229,5,164651229,NA,NA,NA,NA
S5_164651230,5,164651230,NA,NA,NA,NA
S5_164651232,5,164651232,NA,NA,NA,NA
S5_86824716,5,86824716,NA,NA,NA,NA
S4_26400009,4,26400009,NA,NA,NA,NA
S1_281910294,1,281910294,NA,NA,NA,NA
S5_16851652,5,16851652,NA,NA,NA,NA
S5_82326161,5,82326161,NA,NA,NA,NA
S7_170396781,7,170396781,NA,NA,NA,NA
S8_110372059,8,110372059,NA,NA,NA,NA
S10_113832226,10,113832226,NA,NA,NA,NA
S5_196726138,5,196726138,NA,NA,NA,NA
S1_74784435,1,74784435,NA,NA,NA,NA
S1_151023452,1,151023452,NA,NA,NA,NA
S5_70046093,5,70046093,NA,NA,NA,NA
S2_20563933,2,20563933,NA,NA,NA,NA
S2_4466374,2,4466374,NA,NA,NA,NA
S9_149382485,9,149382485,NA,NA,NA,NA
S7_21150274,7,21150274,NA,NA,NA,NA
S4_238305863,4,238305863,NA,NA,NA,NA
S8_122751781,8,122751781,NA,NA,NA,NA
S1_221486552,1,221486552,NA,NA,NA,NA
S8_157882729,8,157882729,NA,NA,NA,NA
S2_212642224,2,212642224,NA,NA,NA,NA
S2_23768014,2,23768014,NA,NA,NA,NA
S2_208943453,2,208943453,NA,NA,NA,NA
S8_171564629,8,171564629,NA,NA,NA,NA
S1_248744029,1,248744029,NA,NA,NA,NA
S5_19779727,5,19779727,NA,NA,NA,NA
S5_17378071,5,17378071,NA,NA,NA,NA
S7_151085495,7,151085495,NA,NA,NA,NA
S7_151085499,7,151085499,NA,NA,NA,NA
S4_80074374,4,80074374,NA,NA,NA,NA
S3_175963867,3,175963867,NA,NA,NA,NA
S6_141278245,6,141278245,NA,NA,NA,NA
S8_3431997,8,3431997,NA,NA,NA,NA
S9_17395993,9,17395993,NA,NA,NA,NA
S7_101840213,7,101840213,NA,NA,NA,NA
S5_213082408,5,213082408,NA,NA,NA,NA
S9_102347465,9,102347465,NA,NA,NA,NA
S5_1897065,5,1897065,NA,NA,NA,NA
S6_150689387,6,150689387,NA,NA,NA,NA
S1_17885048,1,17885048,NA,NA,NA,NA
S1_17885050,1,17885050,NA,NA,NA,NA
S9_154564926,9,154564926,NA,NA,NA,NA
S9_108101488,9,108101488,NA,NA,NA,NA
S9_15409804,9,15409804,NA,NA,NA,NA
S5_143197236,5,143197236,NA,NA,NA,NA
S2_185777545,2,185777545,NA,NA,NA,NA
S8_97749,8,97749,NA,NA,NA,NA
S3_190324726,3,190324726,NA,NA,NA,NA
S9_155570230,9,155570230,NA,NA,NA,NA
S2_182727229,2,182727229,NA,NA,NA,NA
S3_86197942,3,86197942,NA,NA,NA,NA
S5_2923653,5,2923653,NA,NA,NA,NA
S5_2923654,5,2923654,NA,NA,NA,NA
S3_13724222,3,13724222,NA,NA,NA,NA
S8_14095287,8,14095287,NA,NA,NA,NA
S1_179185658,1,179185658,NA,NA,NA,NA
S4_235454738,4,235454738,NA,NA,NA,NA
S3_160304573,3,160304573,NA,NA,NA,NA
S4_74269198,4,74269198,NA,NA,NA,NA
S7_152699638,7,152699638,NA,NA,NA,NA
S8_157747324,8,157747324,NA,NA,NA,NA
S8_157747325,8,157747325,NA,NA,NA,NA
S8_15046094,8,15046094,NA,NA,NA,NA
S2_223856540,2,223856540,NA,NA,NA,NA
S9_10840924,9,10840924,NA,NA,NA,NA
S2_209126167,2,209126167,NA,NA,NA,NA
S10_139380270,10,139380270,NA,NA,NA,NA
S9_1028647,9,1028647,NA,NA,NA,NA
S2_107286124,2,107286124,NA,NA,NA,NA
S1_229864983,1,229864983,NA,NA,NA,NA
S5_205788126,5,205788126,NA,NA,NA,NA
S1_193769381,1,193769381,NA,NA,NA,NA
S1_267544882,1,267544882,NA,NA,NA,NA
S8_147434854,8,147434854,NA,NA,NA,NA
S10_20714051,10,20714051,NA,NA,NA,NA
S10_137828847,10,137828847,NA,NA,NA,NA
S7_41761726,7,41761726,NA,NA,NA,NA
S10_145280969,10,145280969,NA,NA,NA,NA
S7_141546601,7,141546601,NA,NA,NA,NA
S6_106426784,6,106426784,NA,NA,NA,NA
S9_86869084,9,86869084,NA,NA,NA,NA
S1_169984826,1,169984826,NA,NA,NA,NA
S3_217293096,3,217293096,NA,NA,NA,NA
S2_21008158,2,21008158,NA,NA,NA,NA
S1_28927625,1,28927625,NA,NA,NA,NA
S5_70869380,5,70869380,NA,NA,NA,NA
S2_18767056,2,18767056,NA,NA,NA,NA
S9_147336569,9,147336569,NA,NA,NA,NA
S7_150020176,7,150020176,NA,NA,NA,NA
S1_171534785,1,171534785,NA,NA,NA,NA
S2_150803691,2,150803691,NA,NA,NA,NA
S10_95210379,10,95210379,NA,NA,NA,NA
S3_213606994,3,213606994,NA,NA,NA,NA
S1_46930066,1,46930066,NA,NA,NA,NA
S7_25506601,7,25506601,NA,NA,NA,NA
S5_70783205,5,70783205,NA,NA,NA,NA
S10_92024006,10,92024006,NA,NA,NA,NA
S7_40412951,7,40412951,NA,NA,NA,NA
S7_127717098,7,127717098,NA,NA,NA,NA
S4_7010218,4,7010218,NA,NA,NA,NA
S6_22916603,6,22916603,NA,NA,NA,NA
S10_125214297,10,125214297,NA,NA,NA,NA
S4_6438796,4,6438796,NA,NA,NA,NA
S5_206073067,5,206073067,NA,NA,NA,NA
S5_19524304,5,19524304,NA,NA,NA,NA
S1_5518067,1,5518067,NA,NA,NA,NA
S10_72978388,10,72978388,NA,NA,NA,NA
S10_135678289,10,135678289,NA,NA,NA,NA
S2_176240510,2,176240510,NA,NA,NA,NA
S7_153729975,7,153729975,NA,NA,NA,NA
S3_223083131,3,223083131,NA,NA,NA,NA
S5_175432020,5,175432020,NA,NA,NA,NA
S5_39416839,5,39416839,NA,NA,NA,NA
S5_39416840,5,39416840,NA,NA,NA,NA
S8_15986532,8,15986532,NA,NA,NA,NA
S9_12620919,9,12620919,NA,NA,NA,NA
S9_136017532,9,136017532,NA,NA,NA,NA
S3_7925999,3,7925999,NA,NA,NA,NA
S9_112489715,9,112489715,NA,NA,NA,NA
S8_130850706,8,130850706,NA,NA,NA,NA
S5_1527023,5,1527023,NA,NA,NA,NA
S1_279913056,1,279913056,NA,NA,NA,NA
S6_167436079,6,167436079,NA,NA,NA,NA
S4_191225783,4,191225783,NA,NA,NA,NA
S2_173779123,2,173779123,NA,NA,NA,NA
S5_4221734,5,4221734,NA,NA,NA,NA
S3_127613854,3,127613854,NA,NA,NA,NA
S2_68303230,2,68303230,NA,NA,NA,NA
S1_35213738,1,35213738,NA,NA,NA,NA
S4_177653288,4,177653288,NA,NA,NA,NA
S9_154454367,9,154454367,NA,NA,NA,NA
S2_186789285,2,186789285,NA,NA,NA,NA
S5_27682637,5,27682637,NA,NA,NA,NA
S1_15318266,1,15318266,NA,NA,NA,NA
S4_153535074,4,153535074,NA,NA,NA,NA
S7_173807804,7,173807804,NA,NA,NA,NA
S5_25713601,5,25713601,NA,NA,NA,NA
S2_17864805,2,17864805,NA,NA,NA,NA
S7_140424894,7,140424894,NA,NA,NA,NA
S1_30686037,1,30686037,NA,NA,NA,NA
S5_201866114,5,201866114,NA,NA,NA,NA
S9_128319649,9,128319649,NA,NA,NA,NA
S7_133372430,7,133372430,NA,NA,NA,NA
S6_141043758,6,141043758,NA,NA,NA,NA
S1_191860702,1,191860702,NA,NA,NA,NA
S10_142971439,10,142971439,NA,NA,NA,NA
S6_161707932,6,161707932,NA,NA,NA,NA
S6_37903511,6,37903511,NA,NA,NA,NA
S4_186832037,4,186832037,NA,NA,NA,NA
S5_22657148,5,22657148,NA,NA,NA,NA
S7_141677612,7,141677612,NA,NA,NA,NA
S3_210426804,3,210426804,NA,NA,NA,NA
S1_298272003,1,298272003,NA,NA,NA,NA
S1_290589454,1,290589454,NA,NA,NA,NA
S2_224174846,2,224174846,NA,NA,NA,NA
S10_146472276,10,146472276,NA,NA,NA,NA
S4_185733404,4,185733404,NA,NA,NA,NA
S5_10078203,5,10078203,NA,NA,NA,NA
S2_222807886,2,222807886,NA,NA,NA,NA
S2_222807889,2,222807889,NA,NA,NA,NA
S1_199640286,1,199640286,NA,NA,NA,NA
S5_187809098,5,187809098,NA,NA,NA,NA
S1_29392305,1,29392305,NA,NA,NA,NA
S6_152251652,6,152251652,NA,NA,NA,NA
S10_76505888,10,76505888,NA,NA,NA,NA
S10_34356519,10,34356519,NA,NA,NA,NA
S4_239340934,4,239340934,NA,NA,NA,NA
S8_142013231,8,142013231,NA,NA,NA,NA
S6_43908527,6,43908527,NA,NA,NA,NA
S7_153180204,7,153180204,NA,NA,NA,NA
S9_145847299,9,145847299,NA,NA,NA,NA
S4_174845642,4,174845642,NA,NA,NA,NA
S1_228665956,1,228665956,NA,NA,NA,NA
S2_37133827,2,37133827,NA,NA,NA,NA
S2_37133846,2,37133846,NA,NA,NA,NA
S6_157028741,6,157028741,NA,NA,NA,NA
S6_110708342,6,110708342,NA,NA,NA,NA
S3_178409736,3,178409736,NA,NA,NA,NA
S7_103946665,7,103946665,NA,NA,NA,NA
S7_129967283,7,129967283,NA,NA,NA,NA
S2_223943207,2,223943207,NA,NA,NA,NA
S3_1289966,3,1289966,NA,NA,NA,NA
S10_139977466,10,139977466,NA,NA,NA,NA
S9_103957233,9,103957233,NA,NA,NA,NA
S9_103957251,9,103957251,NA,NA,NA,NA
S3_181687955,3,181687955,NA,NA,NA,NA
S6_43908491,6,43908491,NA,NA,NA,NA
S4_115974620,4,115974620,NA,NA,NA,NA
S4_115974636,4,115974636,NA,NA,NA,NA
S4_115974637,4,115974637,NA,NA,NA,NA
S9_120079852,9,120079852,NA,NA,NA,NA
S9_148261001,9,148261001,NA,NA,NA,NA
S6_141470077,6,141470077,NA,NA,NA,NA
S6_156878226,6,156878226,NA,NA,NA,NA
S9_26611413,9,26611413,NA,NA,NA,NA
S4_197853756,4,197853756,NA,NA,NA,NA
S7_174220077,7,174220077,NA,NA,NA,NA
S3_2720513,3,2720513,NA,NA,NA,NA
S8_130213045,8,130213045,NA,NA,NA,NA
S1_82154848,1,82154848,NA,NA,NA,NA
S10_9598199,10,9598199,NA,NA,NA,NA
S10_9598204,10,9598204,NA,NA,NA,NA
S10_140742306,10,140742306,NA,NA,NA,NA
S9_60085659,9,60085659,NA,NA,NA,NA
S10_61678089,10,61678089,NA,NA,NA,NA
S1_276120108,1,276120108,NA,NA,NA,NA
S1_12344441,1,12344441,NA,NA,NA,NA
S4_5416892,4,5416892,NA,NA,NA,NA
S4_5416896,4,5416896,NA,NA,NA,NA
S3_213548536,3,213548536,NA,NA,NA,NA
S5_175598346,5,175598346,NA,NA,NA,NA
S6_128053636,6,128053636,NA,NA,NA,NA
S7_160247168,7,160247168,NA,NA,NA,NA
S3_152056755,3,152056755,NA,NA,NA,NA
S2_177009659,2,177009659,NA,NA,NA,NA
S2_177009664,2,177009664,NA,NA,NA,NA
S7_1318319,7,1318319,NA,NA,NA,NA
S1_174003058,1,174003058,NA,NA,NA,NA
S2_226376509,2,226376509,NA,NA,NA,NA
S2_44199876,2,44199876,NA,NA,NA,NA
S6_107105160,6,107105160,NA,NA,NA,NA
S5_174160448,5,174160448,NA,NA,NA,NA
S1_266158328,1,266158328,NA,NA,NA,NA
S1_228053764,1,228053764,NA,NA,NA,NA
S1_223039800,1,223039800,NA,NA,NA,NA
S3_4341536,3,4341536,NA,NA,NA,NA
S3_128638159,3,128638159,NA,NA,NA,NA
S10_118927373,10,118927373,NA,NA,NA,NA
S10_85393953,10,85393953,NA,NA,NA,NA
S7_14607654,7,14607654,NA,NA,NA,NA
S6_150294807,6,150294807,NA,NA,NA,NA
S2_211591199,2,211591199,NA,NA,NA,NA
S2_211591206,2,211591206,NA,NA,NA,NA
S1_254401263,1,254401263,NA,NA,NA,NA
S1_254401273,1,254401273,NA,NA,NA,NA
S2_148716123,2,148716123,NA,NA,NA,NA
S8_21865363,8,21865363,NA,NA,NA,NA
S8_21865409,8,21865409,NA,NA,NA,NA
S1_293796955,1,293796955,NA,NA,NA,NA
S5_11904518,5,11904518,NA,NA,NA,NA
S4_41839869,4,41839869,NA,NA,NA,NA
S8_101950540,8,101950540,NA,NA,NA,NA
S4_232932908,4,232932908,NA,NA,NA,NA
S5_194170204,5,194170204,NA,NA,NA,NA
S3_217572130,3,217572130,NA,NA,NA,NA
S3_169730044,3,169730044,NA,NA,NA,NA
S3_55673404,3,55673404,NA,NA,NA,NA
S6_43654412,6,43654412,NA,NA,NA,NA
S8_139889825,8,139889825,NA,NA,NA,NA
S1_205565496,1,205565496,NA,NA,NA,NA
S6_3776300,6,3776300,NA,NA,NA,NA
S4_237141872,4,237141872,NA,NA,NA,NA
S4_36217147,4,36217147,NA,NA,NA,NA
S5_58200131,5,58200131,NA,NA,NA,NA
S5_58200146,5,58200146,NA,NA,NA,NA
S3_202931016,3,202931016,NA,NA,NA,NA
S1_212983769,1,212983769,NA,NA,NA,NA
S2_209491737,2,209491737,NA,NA,NA,NA
S2_3097829,2,3097829,NA,NA,NA,NA
S2_3097832,2,3097832,NA,NA,NA,NA
S8_10012171,8,10012171,NA,NA,NA,NA
S4_36027157,4,36027157,NA,NA,NA,NA
S4_215105665,4,215105665,NA,NA,NA,NA
S3_57990408,3,57990408,NA,NA,NA,NA
S9_115770434,9,115770434,NA,NA,NA,NA
S1_286404666,1,286404666,NA,NA,NA,NA
S2_186439042,2,186439042,NA,NA,NA,NA
S2_10625140,2,10625140,NA,NA,NA,NA
S8_171575006,8,171575006,NA,NA,NA,NA
S5_4103163,5,4103163,NA,NA,NA,NA
S2_207699224,2,207699224,NA,NA,NA,NA
S4_235381684,4,235381684,NA,NA,NA,NA
S7_168636122,7,168636122,NA,NA,NA,NA
S7_168636145,7,168636145,NA,NA,NA,NA
S8_26629419,8,26629419,NA,NA,NA,NA
S3_222730247,3,222730247,NA,NA,NA,NA
S8_110215950,8,110215950,NA,NA,NA,NA
S2_14205106,2,14205106,NA,NA,NA,NA
S10_144737096,10,144737096,NA,NA,NA,NA
S6_57745481,6,57745481,NA,NA,NA,NA
S3_164967397,3,164967397,NA,NA,NA,NA
S4_92308894,4,92308894,NA,NA,NA,NA
S1_293577737,1,293577737,NA,NA,NA,NA
S1_277228214,1,277228214,NA,NA,NA,NA
S7_161950560,7,161950560,NA,NA,NA,NA
S10_139079348,10,139079348,NA,NA,NA,NA
S4_176870778,4,176870778,NA,NA,NA,NA
S1_269081715,1,269081715,NA,NA,NA,NA
S3_144416147,3,144416147,NA,NA,NA,NA
S3_12194044,3,12194044,NA,NA,NA,NA
S1_230797791,1,230797791,NA,NA,NA,NA
S9_154457272,9,154457272,NA,NA,NA,NA
S3_219195128,3,219195128,NA,NA,NA,NA
S2_14806131,2,14806131,NA,NA,NA,NA
S7_109539044,7,109539044,NA,NA,NA,NA
S3_187654841,3,187654841,NA,NA,NA,NA
S3_187654842,3,187654842,NA,NA,NA,NA
S9_42840859,9,42840859,NA,NA,NA,NA
S8_61519884,8,61519884,NA,NA,NA,NA
S5_206604066,5,206604066,NA,NA,NA,NA
S5_206604069,5,206604069,NA,NA,NA,NA
S5_206604073,5,206604073,NA,NA,NA,NA
S6_134656440,6,134656440,NA,NA,NA,NA
S9_151662911,9,151662911,NA,NA,NA,NA
S2_230941876,2,230941876,NA,NA,NA,NA
S1_200860806,1,200860806,NA,NA,NA,NA
S5_62110021,5,62110021,NA,NA,NA,NA
S3_28230715,3,28230715,NA,NA,NA,NA
S4_51564992,4,51564992,NA,NA,NA,NA
S10_72624031,10,72624031,NA,NA,NA,NA
S7_156112070,7,156112070,NA,NA,NA,NA
S5_206855247,5,206855247,NA,NA,NA,NA
S3_212710868,3,212710868,NA,NA,NA,NA
S1_3703225,1,3703225,NA,NA,NA,NA
S1_58708761,1,58708761,NA,NA,NA,NA
S4_1510327,4,1510327,NA,NA,NA,NA
S1_166863939,1,166863939,NA,NA,NA,NA
S1_166863960,1,166863960,NA,NA,NA,NA
S5_198208370,5,198208370,NA,NA,NA,NA
S6_142898482,6,142898482,NA,NA,NA,NA
S5_215472631,5,215472631,NA,NA,NA,NA
S3_173551472,3,173551472,NA,NA,NA,NA
S1_26951525,1,26951525,NA,NA,NA,NA
S9_145513150,9,145513150,NA,NA,NA,NA
S2_34434501,2,34434501,NA,NA,NA,NA
S1_4996244,1,4996244,NA,NA,NA,NA
S1_4996248,1,4996248,NA,NA,NA,NA
S7_173194482,7,173194482,NA,NA,NA,NA
S7_173194484,7,173194484,NA,NA,NA,NA
S1_280579302,1,280579302,NA,NA,NA,NA
S1_280579355,1,280579355,NA,NA,NA,NA
S4_240613805,4,240613805,NA,NA,NA,NA
S4_178577456,4,178577456,NA,NA,NA,NA
S1_234740608,1,234740608,NA,NA,NA,NA
S7_141465199,7,141465199,NA,NA,NA,NA
S4_239323303,4,239323303,NA,NA,NA,NA
S8_140008619,8,140008619,NA,NA,NA,NA
S2_217459369,2,217459369,NA,NA,NA,NA
S9_128722878,9,128722878,NA,NA,NA,NA
S3_172672712,3,172672712,NA,NA,NA,NA
S10_120220388,10,120220388,NA,NA,NA,NA
S5_167276800,5,167276800,NA,NA,NA,NA
S9_16750280,9,16750280,NA,NA,NA,NA
S9_102783118,9,102783118,NA,NA,NA,NA
S5_48883577,5,48883577,NA,NA,NA,NA
S7_166667144,7,166667144,NA,NA,NA,NA
S6_141278272,6,141278272,NA,NA,NA,NA
S9_40773438,9,40773438,NA,NA,NA,NA
S7_19090170,7,19090170,NA,NA,NA,NA
S9_147061207,9,147061207,NA,NA,NA,NA
S8_167777562,8,167777562,NA,NA,NA,NA
S8_167777567,8,167777567,NA,NA,NA,NA
S3_59614002,3,59614002,NA,NA,NA,NA
S6_34825944,6,34825944,NA,NA,NA,NA
S5_657168,5,657168,NA,NA,NA,NA
S4_236091039,4,236091039,NA,NA,NA,NA
S2_233801051,2,233801051,NA,NA,NA,NA
S1_105471324,1,105471324,NA,NA,NA,NA
S1_105471339,1,105471339,NA,NA,NA,NA
S9_110439097,9,110439097,NA,NA,NA,NA
S9_110439102,9,110439102,NA,NA,NA,NA
S5_6372847,5,6372847,NA,NA,NA,NA
S10_144854566,10,144854566,NA,NA,NA,NA
S10_144854569,10,144854569,NA,NA,NA,NA
S7_171182034,7,171182034,NA,NA,NA,NA
S9_141472887,9,141472887,NA,NA,NA,NA
S2_182188416,2,182188416,NA,NA,NA,NA
S8_163654458,8,163654458,NA,NA,NA,NA
S3_23684537,3,23684537,NA,NA,NA,NA
S3_196936397,3,196936397,NA,NA,NA,NA
S6_136411611,6,136411611,NA,NA,NA,NA
S2_233426506,2,233426506,NA,NA,NA,NA
S4_20409850,4,20409850,NA,NA,NA,NA
S9_124031654,9,124031654,NA,NA,NA,NA
S8_167089901,8,167089901,NA,NA,NA,NA
S8_167089929,8,167089929,NA,NA,NA,NA
S5_214075234,5,214075234,NA,NA,NA,NA
S10_94589814,10,94589814,NA,NA,NA,NA
S8_76316863,8,76316863,NA,NA,NA,NA
S1_85714912,1,85714912,NA,NA,NA,NA
S1_157053929,1,157053929,NA,NA,NA,NA
S7_38837074,7,38837074,NA,NA,NA,NA
S5_193539855,5,193539855,NA,NA,NA,NA
S5_14477593,5,14477593,NA,NA,NA,NA
S2_236414161,2,236414161,NA,NA,NA,NA
S2_22608620,2,22608620,NA,NA,NA,NA
S5_196546308,5,196546308,NA,NA,NA,NA
S6_52879452,6,52879452,NA,NA,NA,NA
S4_36409404,4,36409404,NA,NA,NA,NA
S3_154562565,3,154562565,NA,NA,NA,NA
S2_44718853,2,44718853,NA,NA,NA,NA
S8_162756587,8,162756587,NA,NA,NA,NA
S3_10674683,3,10674683,NA,NA,NA,NA
S8_141912395,8,141912395,NA,NA,NA,NA
S8_122424355,8,122424355,NA,NA,NA,NA
S1_196806899,1,196806899,NA,NA,NA,NA
S2_55037470,2,55037470,NA,NA,NA,NA
S8_11661799,8,11661799,NA,NA,NA,NA
S8_99201341,8,99201341,NA,NA,NA,NA
S6_155392493,6,155392493,NA,NA,NA,NA
S9_44486541,9,44486541,NA,NA,NA,NA
S4_230350765,4,230350765,NA,NA,NA,NA
S8_151658081,8,151658081,NA,NA,NA,NA
S7_155836760,7,155836760,NA,NA,NA,NA
S1_193869876,1,193869876,NA,NA,NA,NA
S4_171375038,4,171375038,NA,NA,NA,NA
S7_147165931,7,147165931,NA,NA,NA,NA
S1_282899894,1,282899894,NA,NA,NA,NA
S8_26344903,8,26344903,NA,NA,NA,NA
S5_214078340,5,214078340,NA,NA,NA,NA
S2_29668295,2,29668295,NA,NA,NA,NA
S1_2693968,1,2693968,NA,NA,NA,NA
S6_91299420,6,91299420,NA,NA,NA,NA
S8_132372386,8,132372386,NA,NA,NA,NA
S8_157965185,8,157965185,NA,NA,NA,NA
S5_208381815,5,208381815,NA,NA,NA,NA
S1_239896970,1,239896970,NA,NA,NA,NA
S5_194629029,5,194629029,NA,NA,NA,NA
S5_20199365,5,20199365,NA,NA,NA,NA
S10_98499737,10,98499737,NA,NA,NA,NA
S6_167034313,6,167034313,NA,NA,NA,NA
S5_3779342,5,3779342,NA,NA,NA,NA
S6_149718764,6,149718764,NA,NA,NA,NA
S1_117709572,1,117709572,NA,NA,NA,NA
S7_161846415,7,161846415,NA,NA,NA,NA
S8_140582553,8,140582553,NA,NA,NA,NA
S5_153365259,5,153365259,NA,NA,NA,NA
S1_36346668,1,36346668,NA,NA,NA,NA
S7_165912424,7,165912424,NA,NA,NA,NA
S5_91161091,5,91161091,NA,NA,NA,NA
S1_298136801,1,298136801,NA,NA,NA,NA
S1_298136804,1,298136804,NA,NA,NA,NA
S5_207127667,5,207127667,NA,NA,NA,NA
S3_147597946,3,147597946,NA,NA,NA,NA
S3_147597958,3,147597958,NA,NA,NA,NA
S1_79753221,1,79753221,NA,NA,NA,NA
S9_6312340,9,6312340,NA,NA,NA,NA
S10_125302621,10,125302621,NA,NA,NA,NA
S3_183554000,3,183554000,NA,NA,NA,NA
S3_143233694,3,143233694,NA,NA,NA,NA
S5_163112409,5,163112409,NA,NA,NA,NA
S1_34595579,1,34595579,NA,NA,NA,NA
S7_154750001,7,154750001,NA,NA,NA,NA
S8_20082791,8,20082791,NA,NA,NA,NA
S3_14685594,3,14685594,NA,NA,NA,NA
S3_14685595,3,14685595,NA,NA,NA,NA
S1_156318326,1,156318326,NA,NA,NA,NA
S6_157381481,6,157381481,NA,NA,NA,NA
S2_32041014,2,32041014,NA,NA,NA,NA
S3_151624509,3,151624509,NA,NA,NA,NA
S5_188826886,5,188826886,NA,NA,NA,NA
S2_59012012,2,59012012,NA,NA,NA,NA
S2_127537190,2,127537190,NA,NA,NA,NA
S3_201294302,3,201294302,NA,NA,NA,NA
S1_242710158,1,242710158,NA,NA,NA,NA
S3_128934636,3,128934636,NA,NA,NA,NA
S6_141277023,6,141277023,NA,NA,NA,NA
S1_298831544,1,298831544,NA,NA,NA,NA
S5_146414093,5,146414093,NA,NA,NA,NA
S2_175753962,2,175753962,NA,NA,NA,NA
S9_60953855,9,60953855,NA,NA,NA,NA
S3_169073710,3,169073710,NA,NA,NA,NA
S7_160149740,7,160149740,NA,NA,NA,NA
S2_235926273,2,235926273,NA,NA,NA,NA
S6_164367210,6,164367210,NA,NA,NA,NA
S8_11570688,8,11570688,NA,NA,NA,NA
S2_233400291,2,233400291,NA,NA,NA,NA
S2_233400316,2,233400316,NA,NA,NA,NA
S8_14841726,8,14841726,NA,NA,NA,NA
S4_217413425,4,217413425,NA,NA,NA,NA
S6_167414483,6,167414483,NA,NA,NA,NA
S2_203260260,2,203260260,NA,NA,NA,NA
S6_131142114,6,131142114,NA,NA,NA,NA
S3_47356441,3,47356441,NA,NA,NA,NA
S6_35895323,6,35895323,NA,NA,NA,NA
S1_288856429,1,288856429,NA,NA,NA,NA
S9_49309436,9,49309436,NA,NA,NA,NA
S9_49309448,9,49309448,NA,NA,NA,NA
S1_28424554,1,28424554,NA,NA,NA,NA
S9_145775538,9,145775538,NA,NA,NA,NA
S1_248614047,1,248614047,NA,NA,NA,NA
S8_162800269,8,162800269,NA,NA,NA,NA
S5_173615226,5,173615226,NA,NA,NA,NA
S2_219659741,2,219659741,NA,NA,NA,NA
S2_187817694,2,187817694,NA,NA,NA,NA
S5_176347221,5,176347221,NA,NA,NA,NA
S6_150740593,6,150740593,NA,NA,NA,NA
S6_97382937,6,97382937,NA,NA,NA,NA
S1_9301455,1,9301455,NA,NA,NA,NA
S2_62291321,2,62291321,NA,NA,NA,NA
S6_8107762,6,8107762,NA,NA,NA,NA
S3_23439690,3,23439690,NA,NA,NA,NA
S6_162992242,6,162992242,NA,NA,NA,NA
S10_23998154,10,23998154,NA,NA,NA,NA
S10_139314711,10,139314711,NA,NA,NA,NA
S3_28224124,3,28224124,NA,NA,NA,NA
S8_118772201,8,118772201,NA,NA,NA,NA
S2_209283642,2,209283642,NA,NA,NA,NA
S9_90366726,9,90366726,NA,NA,NA,NA
S5_188779259,5,188779259,NA,NA,NA,NA
S6_132663429,6,132663429,NA,NA,NA,NA
S2_1920471,2,1920471,NA,NA,NA,NA
S2_193619877,2,193619877,NA,NA,NA,NA
S3_57990490,3,57990490,NA,NA,NA,NA
S3_57990491,3,57990491,NA,NA,NA,NA
S9_124761541,9,124761541,NA,NA,NA,NA
S1_7091698,1,7091698,NA,NA,NA,NA
S3_192783290,3,192783290,NA,NA,NA,NA
S1_40417760,1,40417760,NA,NA,NA,NA
S5_59721744,5,59721744,NA,NA,NA,NA
S8_161626292,8,161626292,NA,NA,NA,NA
S1_228747872,1,228747872,NA,NA,NA,NA
S2_5566544,2,5566544,NA,NA,NA,NA
S2_3184506,2,3184506,NA,NA,NA,NA
S2_41958476,2,41958476,NA,NA,NA,NA
S8_160391235,8,160391235,NA,NA,NA,NA
S3_54801916,3,54801916,NA,NA,NA,NA
S2_1563617,2,1563617,NA,NA,NA,NA
S10_134583972,10,134583972,NA,NA,NA,NA
S2_185692526,2,185692526,NA,NA,NA,NA
S6_142569604,6,142569604,NA,NA,NA,NA
S7_170396790,7,170396790,NA,NA,NA,NA
S1_197270659,1,197270659,NA,NA,NA,NA
S9_131169804,9,131169804,NA,NA,NA,NA
S3_168365733,3,168365733,NA,NA,NA,NA
S5_199740058,5,199740058,NA,NA,NA,NA
S4_74639406,4,74639406,NA,NA,NA,NA
S5_86261290,5,86261290,NA,NA,NA,NA
S1_200860820,1,200860820,NA,NA,NA,NA
S4_236885594,4,236885594,NA,NA,NA,NA
S9_13769668,9,13769668,NA,NA,NA,NA
S6_163818750,6,163818750,NA,NA,NA,NA
S6_100104993,6,100104993,NA,NA,NA,NA
S2_184135900,2,184135900,NA,NA,NA,NA
S3_190063251,3,190063251,NA,NA,NA,NA
S9_15610210,9,15610210,NA,NA,NA,NA
S7_120202400,7,120202400,NA,NA,NA,NA
S8_162841885,8,162841885,NA,NA,NA,NA
S7_141905679,7,141905679,NA,NA,NA,NA
S7_141905706,7,141905706,NA,NA,NA,NA
S8_163715532,8,163715532,NA,NA,NA,NA
S6_63435211,6,63435211,NA,NA,NA,NA
S1_93268261,1,93268261,NA,NA,NA,NA
S3_8748515,3,8748515,NA,NA,NA,NA
S9_55512958,9,55512958,NA,NA,NA,NA
S1_282745025,1,282745025,NA,NA,NA,NA
S1_282745052,1,282745052,NA,NA,NA,NA
S4_208245679,4,208245679,NA,NA,NA,NA
S2_89268543,2,89268543,NA,NA,NA,NA
S9_20829258,9,20829258,NA,NA,NA,NA
S6_119395793,6,119395793,NA,NA,NA,NA
S1_273781985,1,273781985,NA,NA,NA,NA
S3_209078760,3,209078760,NA,NA,NA,NA
S3_170778816,3,170778816,NA,NA,NA,NA
S3_170778831,3,170778831,NA,NA,NA,NA
S3_170778835,3,170778835,NA,NA,NA,NA
S4_38029257,4,38029257,NA,NA,NA,NA
S10_119949337,10,119949337,NA,NA,NA,NA
S8_171327589,8,171327589,NA,NA,NA,NA
S3_30046693,3,30046693,NA,NA,NA,NA
S9_116680152,9,116680152,NA,NA,NA,NA
S7_5146250,7,5146250,NA,NA,NA,NA
S3_3692878,3,3692878,NA,NA,NA,NA
S2_188412375,2,188412375,NA,NA,NA,NA
S6_149124721,6,149124721,NA,NA,NA,NA
S7_130099582,7,130099582,NA,NA,NA,NA
S5_73153232,5,73153232,NA,NA,NA,NA
S9_137552412,9,137552412,NA,NA,NA,NA
S2_188412388,2,188412388,NA,NA,NA,NA
S10_147141137,10,147141137,NA,NA,NA,NA
S3_173586135,3,173586135,NA,NA,NA,NA
S10_9213171,10,9213171,NA,NA,NA,NA
S8_142236908,8,142236908,NA,NA,NA,NA
S6_141276987,6,141276987,NA,NA,NA,NA
S5_183126533,5,183126533,NA,NA,NA,NA
S8_118010005,8,118010005,NA,NA,NA,NA
S3_133206039,3,133206039,NA,NA,NA,NA
S4_188055804,4,188055804,NA,NA,NA,NA
S1_209126575,1,209126575,NA,NA,NA,NA
S1_16792462,1,16792462,NA,NA,NA,NA
S1_19251987,1,19251987,NA,NA,NA,NA
S7_5108718,7,5108718,NA,NA,NA,NA
S6_146665594,6,146665594,NA,NA,NA,NA
S9_142999620,9,142999620,NA,NA,NA,NA
S9_128661670,9,128661670,NA,NA,NA,NA
S5_185656929,5,185656929,NA,NA,NA,NA
S2_3795378,2,3795378,NA,NA,NA,NA
S7_105370754,7,105370754,NA,NA,NA,NA
S4_35576828,4,35576828,NA,NA,NA,NA
S5_19188879,5,19188879,NA,NA,NA,NA
S8_116485303,8,116485303,NA,NA,NA,NA
S4_136042360,4,136042360,NA,NA,NA,NA
S1_167890167,1,167890167,NA,NA,NA,NA
S4_208144253,4,208144253,NA,NA,NA,NA
S4_208144254,4,208144254,NA,NA,NA,NA
S4_208144256,4,208144256,NA,NA,NA,NA
S4_208144258,4,208144258,NA,NA,NA,NA
S4_208144259,4,208144259,NA,NA,NA,NA
S4_208144261,4,208144261,NA,NA,NA,NA
S10_135679060,10,135679060,NA,NA,NA,NA
S10_135679063,10,135679063,NA,NA,NA,NA
S10_135679066,10,135679066,NA,NA,NA,NA
S10_135679070,10,135679070,NA,NA,NA,NA
S2_115355135,2,115355135,NA,NA,NA,NA
S7_153446162,7,153446162,NA,NA,NA,NA
S3_178218090,3,178218090,NA,NA,NA,NA
S3_139289236,3,139289236,NA,NA,NA,NA
S3_139289237,3,139289237,NA,NA,NA,NA
S3_139289240,3,139289240,NA,NA,NA,NA
S3_139289243,3,139289243,NA,NA,NA,NA
S3_139289248,3,139289248,NA,NA,NA,NA
S3_12297359,3,12297359,NA,NA,NA,NA
S10_15549472,10,15549472,NA,NA,NA,NA
S8_171514492,8,171514492,NA,NA,NA,NA
S3_204463183,3,204463183,NA,NA,NA,NA
S9_133546253,9,133546253,NA,NA,NA,NA
S9_154545746,9,154545746,NA,NA,NA,NA
S3_176677706,3,176677706,NA,NA,NA,NA
S2_190431129,2,190431129,NA,NA,NA,NA
S3_153764106,3,153764106,NA,NA,NA,NA
S1_253135488,1,253135488,NA,NA,NA,NA
S6_165554809,6,165554809,NA,NA,NA,NA
S7_132922322,7,132922322,NA,NA,NA,NA
S7_132922323,7,132922323,NA,NA,NA,NA
S7_132922325,7,132922325,NA,NA,NA,NA
S8_169252090,8,169252090,NA,NA,NA,NA
S1_202766262,1,202766262,NA,NA,NA,NA
S4_12932789,4,12932789,NA,NA,NA,NA
S5_188477153,5,188477153,NA,NA,NA,NA
S10_114191430,10,114191430,NA,NA,NA,NA
S2_198896674,2,198896674,NA,NA,NA,NA
S2_144476950,2,144476950,NA,NA,NA,NA
S3_106337280,3,106337280,NA,NA,NA,NA
S4_16301959,4,16301959,NA,NA,NA,NA
S1_271348541,1,271348541,NA,NA,NA,NA
S6_88739645,6,88739645,NA,NA,NA,NA
S7_44029659,7,44029659,NA,NA,NA,NA
S1_192404431,1,192404431,NA,NA,NA,NA
S8_1831104,8,1831104,NA,NA,NA,NA
S8_137468561,8,137468561,NA,NA,NA,NA
S6_8145823,6,8145823,NA,NA,NA,NA
S4_235162329,4,235162329,NA,NA,NA,NA
S1_97292459,1,97292459,NA,NA,NA,NA
S1_243128726,1,243128726,NA,NA,NA,NA
S2_14323917,2,14323917,NA,NA,NA,NA
S2_14323919,2,14323919,NA,NA,NA,NA
S10_2839520,10,2839520,NA,NA,NA,NA
S7_172670094,7,172670094,NA,NA,NA,NA
S5_161171307,5,161171307,NA,NA,NA,NA
S8_170447504,8,170447504,NA,NA,NA,NA
S10_97373255,10,97373255,NA,NA,NA,NA
S8_103463045,8,103463045,NA,NA,NA,NA
S1_102587395,1,102587395,NA,NA,NA,NA
S2_47365073,2,47365073,NA,NA,NA,NA
S8_73851914,8,73851914,NA,NA,NA,NA
S4_159569690,4,159569690,NA,NA,NA,NA
S4_159569697,4,159569697,NA,NA,NA,NA
S4_159569709,4,159569709,NA,NA,NA,NA
S3_208629545,3,208629545,NA,NA,NA,NA
S7_167231064,7,167231064,NA,NA,NA,NA
S2_20123375,2,20123375,NA,NA,NA,NA
S9_25925844,9,25925844,NA,NA,NA,NA
S7_135468678,7,135468678,NA,NA,NA,NA
S8_164446846,8,164446846,NA,NA,NA,NA
S3_147411924,3,147411924,NA,NA,NA,NA
S1_26197963,1,26197963,NA,NA,NA,NA
S1_233556595,1,233556595,NA,NA,NA,NA
S1_5056271,1,5056271,NA,NA,NA,NA
S4_161306998,4,161306998,NA,NA,NA,NA
S8_10284950,8,10284950,NA,NA,NA,NA
S4_16301951,4,16301951,NA,NA,NA,NA
S4_16301968,4,16301968,NA,NA,NA,NA
S2_36452983,2,36452983,NA,NA,NA,NA
S2_36452990,2,36452990,NA,NA,NA,NA
S1_276119415,1,276119415,NA,NA,NA,NA
S10_141078394,10,141078394,NA,NA,NA,NA
S10_142483810,10,142483810,NA,NA,NA,NA
S9_122035195,9,122035195,NA,NA,NA,NA
S8_155160484,8,155160484,NA,NA,NA,NA
S7_169202558,7,169202558,NA,NA,NA,NA
S2_1624529,2,1624529,NA,NA,NA,NA
S3_221347909,3,221347909,NA,NA,NA,NA
S5_18756217,5,18756217,NA,NA,NA,NA
S10_21552726,10,21552726,NA,NA,NA,NA
S5_945552,5,945552,NA,NA,NA,NA
S9_14316413,9,14316413,NA,NA,NA,NA
S8_172197888,8,172197888,NA,NA,NA,NA
S3_163654032,3,163654032,NA,NA,NA,NA
S7_117516050,7,117516050,NA,NA,NA,NA
S5_29623388,5,29623388,NA,NA,NA,NA
S9_112941602,9,112941602,NA,NA,NA,NA
S3_217007797,3,217007797,NA,NA,NA,NA
S1_205242488,1,205242488,NA,NA,NA,NA
S3_197364541,3,197364541,NA,NA,NA,NA
S3_69559703,3,69559703,NA,NA,NA,NA
S3_26309154,3,26309154,NA,NA,NA,NA
S8_171646181,8,171646181,NA,NA,NA,NA
S1_211520854,1,211520854,NA,NA,NA,NA
S7_150007078,7,150007078,NA,NA,NA,NA
S9_151302692,9,151302692,NA,NA,NA,NA
S1_218564402,1,218564402,NA,NA,NA,NA
S9_127449846,9,127449846,NA,NA,NA,NA
S9_17396023,9,17396023,NA,NA,NA,NA
S1_32838025,1,32838025,NA,NA,NA,NA
S7_173818280,7,173818280,NA,NA,NA,NA
S7_146607118,7,146607118,NA,NA,NA,NA
S9_13755206,9,13755206,NA,NA,NA,NA
S3_202541269,3,202541269,NA,NA,NA,NA
S2_111356930,2,111356930,NA,NA,NA,NA
S2_175094657,2,175094657,NA,NA,NA,NA
S2_161039826,2,161039826,NA,NA,NA,NA
S9_96711868,9,96711868,NA,NA,NA,NA
S3_9043604,3,9043604,NA,NA,NA,NA
S4_5370457,4,5370457,NA,NA,NA,NA
S4_174059780,4,174059780,NA,NA,NA,NA
S3_219891223,3,219891223,NA,NA,NA,NA
S5_13257329,5,13257329,NA,NA,NA,NA
S3_154071841,3,154071841,NA,NA,NA,NA
S3_176510606,3,176510606,NA,NA,NA,NA
S5_183859073,5,183859073,NA,NA,NA,NA
S10_146165271,10,146165271,NA,NA,NA,NA
S7_127579232,7,127579232,NA,NA,NA,NA
S10_66639391,10,66639391,NA,NA,NA,NA
S1_286524615,1,286524615,NA,NA,NA,NA
S8_132525919,8,132525919,NA,NA,NA,NA
S5_39340377,5,39340377,NA,NA,NA,NA
S8_136047662,8,136047662,NA,NA,NA,NA
S7_154899942,7,154899942,NA,NA,NA,NA
S8_155532828,8,155532828,NA,NA,NA,NA
S8_155532830,8,155532830,NA,NA,NA,NA
S3_11534148,3,11534148,NA,NA,NA,NA
S2_203256836,2,203256836,NA,NA,NA,NA
S5_194343219,5,194343219,NA,NA,NA,NA
S1_79706662,1,79706662,NA,NA,NA,NA
S9_119311680,9,119311680,NA,NA,NA,NA
S5_175603780,5,175603780,NA,NA,NA,NA
S5_175603784,5,175603784,NA,NA,NA,NA
S3_173472556,3,173472556,NA,NA,NA,NA
S8_136092451,8,136092451,NA,NA,NA,NA
S8_171960502,8,171960502,NA,NA,NA,NA
S1_217211251,1,217211251,NA,NA,NA,NA
S1_178401588,1,178401588,NA,NA,NA,NA
S1_178401596,1,178401596,NA,NA,NA,NA
S1_23242001,1,23242001,NA,NA,NA,NA
S10_133303827,10,133303827,NA,NA,NA,NA
S9_137634235,9,137634235,NA,NA,NA,NA
S10_142365313,10,142365313,NA,NA,NA,NA
S10_142365338,10,142365338,NA,NA,NA,NA
S3_207741357,3,207741357,NA,NA,NA,NA
S1_27626026,1,27626026,NA,NA,NA,NA
S6_149718853,6,149718853,NA,NA,NA,NA
S7_144207904,7,144207904,NA,NA,NA,NA
S5_205943067,5,205943067,NA,NA,NA,NA
S4_177439323,4,177439323,NA,NA,NA,NA
S1_278034349,1,278034349,NA,NA,NA,NA
S7_121016632,7,121016632,NA,NA,NA,NA
S5_178825834,5,178825834,NA,NA,NA,NA
S2_13405439,2,13405439,NA,NA,NA,NA
S5_50038035,5,50038035,NA,NA,NA,NA
S1_256693138,1,256693138,NA,NA,NA,NA
S2_150704088,2,150704088,NA,NA,NA,NA
S8_172353486,8,172353486,NA,NA,NA,NA
S8_172353488,8,172353488,NA,NA,NA,NA
S8_172353491,8,172353491,NA,NA,NA,NA
S2_189190416,2,189190416,NA,NA,NA,NA
S4_193350614,4,193350614,NA,NA,NA,NA
S9_11929374,9,11929374,NA,NA,NA,NA
S10_135609875,10,135609875,NA,NA,NA,NA
S10_135609904,10,135609904,NA,NA,NA,NA
S2_209818384,2,209818384,NA,NA,NA,NA
S2_185377628,2,185377628,NA,NA,NA,NA
S9_103878592,9,103878592,NA,NA,NA,NA
S1_23563915,1,23563915,NA,NA,NA,NA
S5_181213097,5,181213097,NA,NA,NA,NA
S6_138501372,6,138501372,NA,NA,NA,NA
S3_26309157,3,26309157,NA,NA,NA,NA
S2_206948287,2,206948287,NA,NA,NA,NA
S7_148455813,7,148455813,NA,NA,NA,NA
S4_234419646,4,234419646,NA,NA,NA,NA
S1_176066483,1,176066483,NA,NA,NA,NA
S3_135758006,3,135758006,NA,NA,NA,NA
S10_134094501,10,134094501,NA,NA,NA,NA
S4_235683793,4,235683793,NA,NA,NA,NA
S4_18209282,4,18209282,NA,NA,NA,NA
S1_166926530,1,166926530,NA,NA,NA,NA
S7_107782393,7,107782393,NA,NA,NA,NA
S1_298688721,1,298688721,NA,NA,NA,NA
S9_154310319,9,154310319,NA,NA,NA,NA
S8_140582544,8,140582544,NA,NA,NA,NA
S4_193747723,4,193747723,NA,NA,NA,NA
S9_109668102,9,109668102,NA,NA,NA,NA
S8_169894678,8,169894678,NA,NA,NA,NA
S4_179787093,4,179787093,NA,NA,NA,NA
S6_64688428,6,64688428,NA,NA,NA,NA
S2_172401461,2,172401461,NA,NA,NA,NA
S1_187119690,1,187119690,NA,NA,NA,NA
S9_23279636,9,23279636,NA,NA,NA,NA
S8_14095368,8,14095368,NA,NA,NA,NA
S6_158653215,6,158653215,NA,NA,NA,NA
S3_155735948,3,155735948,NA,NA,NA,NA
S8_1831149,8,1831149,NA,NA,NA,NA
S7_159231995,7,159231995,NA,NA,NA,NA
S9_26477660,9,26477660,NA,NA,NA,NA
S2_223495155,2,223495155,NA,NA,NA,NA
S4_182298014,4,182298014,NA,NA,NA,NA
S1_35581622,1,35581622,NA,NA,NA,NA
S7_157167697,7,157167697,NA,NA,NA,NA
S7_157167733,7,157167733,NA,NA,NA,NA
S5_47073598,5,47073598,NA,NA,NA,NA
S7_166556739,7,166556739,NA,NA,NA,NA
S3_2076746,3,2076746,NA,NA,NA,NA
S1_225038057,1,225038057,NA,NA,NA,NA
S5_69971515,5,69971515,NA,NA,NA,NA
S8_24523287,8,24523287,NA,NA,NA,NA
S1_292238040,1,292238040,NA,NA,NA,NA
S1_272839586,1,272839586,NA,NA,NA,NA
S1_23563980,1,23563980,NA,NA,NA,NA
S3_182044355,3,182044355,NA,NA,NA,NA
S7_22519478,7,22519478,NA,NA,NA,NA
S9_34628795,9,34628795,NA,NA,NA,NA
S6_137143684,6,137143684,NA,NA,NA,NA
S4_235397352,4,235397352,NA,NA,NA,NA
S4_1473003,4,1473003,NA,NA,NA,NA
S1_2467316,1,2467316,NA,NA,NA,NA
S3_145476371,3,145476371,NA,NA,NA,NA
S5_159912920,5,159912920,NA,NA,NA,NA
S3_2814490,3,2814490,NA,NA,NA,NA
S1_258441244,1,258441244,NA,NA,NA,NA
S7_172658550,7,172658550,NA,NA,NA,NA
S4_764597,4,764597,NA,NA,NA,NA
S2_36822720,2,36822720,NA,NA,NA,NA
S5_33980512,5,33980512,NA,NA,NA,NA
S6_105884849,6,105884849,NA,NA,NA,NA
S8_67974114,8,67974114,NA,NA,NA,NA
S7_33148512,7,33148512,NA,NA,NA,NA
S10_117029102,10,117029102,NA,NA,NA,NA
S1_288473125,1,288473125,NA,NA,NA,NA
S7_170030912,7,170030912,NA,NA,NA,NA
S1_206317435,1,206317435,NA,NA,NA,NA
S7_168218214,7,168218214,NA,NA,NA,NA
S3_208542953,3,208542953,NA,NA,NA,NA
S4_7010221,4,7010221,NA,NA,NA,NA
S5_194092311,5,194092311,NA,NA,NA,NA
S8_66987862,8,66987862,NA,NA,NA,NA
S7_160232442,7,160232442,NA,NA,NA,NA
S7_160232443,7,160232443,NA,NA,NA,NA
S2_194158404,2,194158404,NA,NA,NA,NA
S9_147981872,9,147981872,NA,NA,NA,NA
S1_250863564,1,250863564,NA,NA,NA,NA
S7_1317993,7,1317993,NA,NA,NA,NA
S5_32359546,5,32359546,NA,NA,NA,NA
S1_105024449,1,105024449,NA,NA,NA,NA
S1_105024450,1,105024450,NA,NA,NA,NA
S7_165912444,7,165912444,NA,NA,NA,NA
S1_119002182,1,119002182,NA,NA,NA,NA
S4_5268937,4,5268937,NA,NA,NA,NA
S4_5268942,4,5268942,NA,NA,NA,NA
S4_5268946,4,5268946,NA,NA,NA,NA
S4_5268960,4,5268960,NA,NA,NA,NA
S3_41739811,3,41739811,NA,NA,NA,NA
S1_24599514,1,24599514,NA,NA,NA,NA
S7_122076263,7,122076263,NA,NA,NA,NA
S10_85746449,10,85746449,NA,NA,NA,NA
S9_6007120,9,6007120,NA,NA,NA,NA
S1_242802173,1,242802173,NA,NA,NA,NA
S1_242802223,1,242802223,NA,NA,NA,NA
S4_514591,4,514591,NA,NA,NA,NA
S4_514597,4,514597,NA,NA,NA,NA
S8_118785122,8,118785122,NA,NA,NA,NA
S3_185272046,3,185272046,NA,NA,NA,NA
S1_179868888,1,179868888,NA,NA,NA,NA
S8_92078058,8,92078058,NA,NA,NA,NA
S10_147996183,10,147996183,NA,NA,NA,NA
S10_144913810,10,144913810,NA,NA,NA,NA
S10_90245007,10,90245007,NA,NA,NA,NA
S3_124731503,3,124731503,NA,NA,NA,NA
S2_185375561,2,185375561,NA,NA,NA,NA
S4_189901093,4,189901093,NA,NA,NA,NA
S1_180955044,1,180955044,NA,NA,NA,NA
S7_15328735,7,15328735,NA,NA,NA,NA
S5_209285463,5,209285463,NA,NA,NA,NA
S10_113832343,10,113832343,NA,NA,NA,NA
S1_14039354,1,14039354,NA,NA,NA,NA
S10_10201182,10,10201182,NA,NA,NA,NA
S10_10201183,10,10201183,NA,NA,NA,NA
S10_10201193,10,10201193,NA,NA,NA,NA
S9_107841502,9,107841502,NA,NA,NA,NA
S6_104268435,6,104268435,NA,NA,NA,NA
S7_109538956,7,109538956,NA,NA,NA,NA
S6_4307802,6,4307802,NA,NA,NA,NA
S1_166925202,1,166925202,NA,NA,NA,NA
S8_172458817,8,172458817,NA,NA,NA,NA
S3_182077776,3,182077776,NA,NA,NA,NA
S7_161064073,7,161064073,NA,NA,NA,NA
S3_165734677,3,165734677,NA,NA,NA,NA
S8_171403235,8,171403235,NA,NA,NA,NA
S6_87119378,6,87119378,NA,NA,NA,NA
S4_1938067,4,1938067,NA,NA,NA,NA
S2_16402259,2,16402259,NA,NA,NA,NA
S8_149781767,8,149781767,NA,NA,NA,NA
S2_6473399,2,6473399,NA,NA,NA,NA
S5_213364794,5,213364794,NA,NA,NA,NA
S5_46947024,5,46947024,NA,NA,NA,NA
S1_16377974,1,16377974,NA,NA,NA,NA
S3_133782514,3,133782514,NA,NA,NA,NA
S4_21730670,4,21730670,NA,NA,NA,NA
S9_11629644,9,11629644,NA,NA,NA,NA
S9_90971499,9,90971499,NA,NA,NA,NA
S2_219481229,2,219481229,NA,NA,NA,NA
S1_217211241,1,217211241,NA,NA,NA,NA
S1_217211242,1,217211242,NA,NA,NA,NA
S7_151218884,7,151218884,NA,NA,NA,NA
S10_135679027,10,135679027,NA,NA,NA,NA
S4_37392743,4,37392743,NA,NA,NA,NA
S2_12018815,2,12018815,NA,NA,NA,NA
S6_159118047,6,159118047,NA,NA,NA,NA
S8_12848345,8,12848345,NA,NA,NA,NA
S9_110070284,9,110070284,NA,NA,NA,NA
S4_17830498,4,17830498,NA,NA,NA,NA
S5_61672550,5,61672550,NA,NA,NA,NA
S3_7204806,3,7204806,NA,NA,NA,NA
S8_105846681,8,105846681,NA,NA,NA,NA
S1_166801381,1,166801381,NA,NA,NA,NA
S7_162954337,7,162954337,NA,NA,NA,NA
S7_162954349,7,162954349,NA,NA,NA,NA
S3_154625228,3,154625228,NA,NA,NA,NA
S6_132064494,6,132064494,NA,NA,NA,NA
S3_201799406,3,201799406,NA,NA,NA,NA
S1_294085083,1,294085083,NA,NA,NA,NA
S7_172434350,7,172434350,NA,NA,NA,NA
S5_5382800,5,5382800,NA,NA,NA,NA
S3_37091113,3,37091113,NA,NA,NA,NA
S9_20467536,9,20467536,NA,NA,NA,NA
S4_121562648,4,121562648,NA,NA,NA,NA
S1_61938504,1,61938504,NA,NA,NA,NA
S10_142406010,10,142406010,NA,NA,NA,NA
S7_121544998,7,121544998,NA,NA,NA,NA
S2_24874309,2,24874309,NA,NA,NA,NA
S2_24874326,2,24874326,NA,NA,NA,NA
S7_115182159,7,115182159,NA,NA,NA,NA
S7_155342257,7,155342257,NA,NA,NA,NA
S4_124233929,4,124233929,NA,NA,NA,NA
S4_124233957,4,124233957,NA,NA,NA,NA
S1_199485130,1,199485130,NA,NA,NA,NA
S5_143166961,5,143166961,NA,NA,NA,NA
S5_143166963,5,143166963,NA,NA,NA,NA
S3_59813614,3,59813614,NA,NA,NA,NA
S1_3365613,1,3365613,NA,NA,NA,NA
S3_10938430,3,10938430,NA,NA,NA,NA
S10_143169509,10,143169509,NA,NA,NA,NA
S10_73748434,10,73748434,NA,NA,NA,NA
S10_73748442,10,73748442,NA,NA,NA,NA
S7_149852693,7,149852693,NA,NA,NA,NA
S6_128522792,6,128522792,NA,NA,NA,NA
S3_33971936,3,33971936,NA,NA,NA,NA
S8_157756189,8,157756189,NA,NA,NA,NA
S8_157756197,8,157756197,NA,NA,NA,NA
S8_157756208,8,157756208,NA,NA,NA,NA
S6_147897434,6,147897434,NA,NA,NA,NA
S6_147897437,6,147897437,NA,NA,NA,NA
S1_53152937,1,53152937,NA,NA,NA,NA
S5_53402026,5,53402026,NA,NA,NA,NA
S6_38793553,6,38793553,NA,NA,NA,NA
S8_172197953,8,172197953,NA,NA,NA,NA
S8_13176147,8,13176147,NA,NA,NA,NA
S8_137046938,8,137046938,NA,NA,NA,NA
S4_237139516,4,237139516,NA,NA,NA,NA
S1_44956540,1,44956540,NA,NA,NA,NA
S8_165875853,8,165875853,NA,NA,NA,NA
S4_189107484,4,189107484,NA,NA,NA,NA
S4_220089447,4,220089447,NA,NA,NA,NA
S2_41958339,2,41958339,NA,NA,NA,NA
S10_137487503,10,137487503,NA,NA,NA,NA
S4_220089461,4,220089461,NA,NA,NA,NA
S2_195651355,2,195651355,NA,NA,NA,NA
S9_100884360,9,100884360,NA,NA,NA,NA
S10_16517575,10,16517575,NA,NA,NA,NA
S1_234260808,1,234260808,NA,NA,NA,NA
S3_221639953,3,221639953,NA,NA,NA,NA
S4_185469808,4,185469808,NA,NA,NA,NA
S10_126908871,10,126908871,NA,NA,NA,NA
S8_129501493,8,129501493,NA,NA,NA,NA
S4_4205221,4,4205221,NA,NA,NA,NA
S5_66423972,5,66423972,NA,NA,NA,NA
S1_14032198,1,14032198,NA,NA,NA,NA
S5_188779260,5,188779260,NA,NA,NA,NA
S5_188779304,5,188779304,NA,NA,NA,NA
S9_7180748,9,7180748,NA,NA,NA,NA
S7_20240498,7,20240498,NA,NA,NA,NA
S8_142476923,8,142476923,NA,NA,NA,NA
S2_49918175,2,49918175,NA,NA,NA,NA
S3_2948563,3,2948563,NA,NA,NA,NA
S2_234265076,2,234265076,NA,NA,NA,NA
S4_21430803,4,21430803,NA,NA,NA,NA
S8_152752292,8,152752292,NA,NA,NA,NA
S2_68600920,2,68600920,NA,NA,NA,NA
S6_165487766,6,165487766,NA,NA,NA,NA
S3_143487801,3,143487801,NA,NA,NA,NA
S5_198208369,5,198208369,NA,NA,NA,NA
S5_198208371,5,198208371,NA,NA,NA,NA
S9_26831429,9,26831429,NA,NA,NA,NA
S10_127255484,10,127255484,NA,NA,NA,NA
S7_143176915,7,143176915,NA,NA,NA,NA
S3_43645744,3,43645744,NA,NA,NA,NA
S3_122496353,3,122496353,NA,NA,NA,NA
S4_120988951,4,120988951,NA,NA,NA,NA
S2_149513106,2,149513106,NA,NA,NA,NA
S5_194170236,5,194170236,NA,NA,NA,NA
S8_124937817,8,124937817,NA,NA,NA,NA
S6_142898481,6,142898481,NA,NA,NA,NA
S10_113351922,10,113351922,NA,NA,NA,NA
S8_103592745,8,103592745,NA,NA,NA,NA
S7_147774323,7,147774323,NA,NA,NA,NA
S4_201637126,4,201637126,NA,NA,NA,NA
S7_142854554,7,142854554,NA,NA,NA,NA
S5_28117420,5,28117420,NA,NA,NA,NA
S1_174005551,1,174005551,NA,NA,NA,NA
S1_258441272,1,258441272,NA,NA,NA,NA
S1_258441276,1,258441276,NA,NA,NA,NA
S9_25809277,9,25809277,NA,NA,NA,NA
S9_137784350,9,137784350,NA,NA,NA,NA
S9_149246065,9,149246065,NA,NA,NA,NA
S9_4332044,9,4332044,NA,NA,NA,NA
S2_226394156,2,226394156,NA,NA,NA,NA
S10_116976965,10,116976965,NA,NA,NA,NA
S10_116976966,10,116976966,NA,NA,NA,NA
S2_6597071,2,6597071,NA,NA,NA,NA
S3_183121140,3,183121140,NA,NA,NA,NA
S3_144102868,3,144102868,NA,NA,NA,NA
S4_830764,4,830764,NA,NA,NA,NA
S2_5819422,2,5819422,NA,NA,NA,NA
S9_148911051,9,148911051,NA,NA,NA,NA
S1_12853902,1,12853902,NA,NA,NA,NA
S2_14267092,2,14267092,NA,NA,NA,NA
S2_207764722,2,207764722,NA,NA,NA,NA
S2_9965169,2,9965169,NA,NA,NA,NA
S5_212751127,5,212751127,NA,NA,NA,NA
S5_16848864,5,16848864,NA,NA,NA,NA
S2_20122408,2,20122408,NA,NA,NA,NA
S7_2748704,7,2748704,NA,NA,NA,NA
S8_4258284,8,4258284,NA,NA,NA,NA
S8_168824024,8,168824024,NA,NA,NA,NA
S10_16031241,10,16031241,NA,NA,NA,NA
S8_172457747,8,172457747,NA,NA,NA,NA
S10_29535943,10,29535943,NA,NA,NA,NA
S2_158281147,2,158281147,NA,NA,NA,NA
S1_33832197,1,33832197,NA,NA,NA,NA
S4_237458006,4,237458006,NA,NA,NA,NA
S6_34602944,6,34602944,NA,NA,NA,NA
S4_187041383,4,187041383,NA,NA,NA,NA
S5_183882293,5,183882293,NA,NA,NA,NA
S5_183882294,5,183882294,NA,NA,NA,NA
S5_183882295,5,183882295,NA,NA,NA,NA
S5_183882296,5,183882296,NA,NA,NA,NA
S7_20195619,7,20195619,NA,NA,NA,NA
S4_144137690,4,144137690,NA,NA,NA,NA
S9_99293406,9,99293406,NA,NA,NA,NA
S7_148850993,7,148850993,NA,NA,NA,NA
S10_84239875,10,84239875,NA,NA,NA,NA
S2_229677214,2,229677214,NA,NA,NA,NA
S2_229677218,2,229677218,NA,NA,NA,NA
S3_214794791,3,214794791,NA,NA,NA,NA
S6_105884855,6,105884855,NA,NA,NA,NA
S1_144967545,1,144967545,NA,NA,NA,NA
S4_233339616,4,233339616,NA,NA,NA,NA
S3_25865383,3,25865383,NA,NA,NA,NA
S8_173976329,8,173976329,NA,NA,NA,NA
S3_212462016,3,212462016,NA,NA,NA,NA
S7_170251952,7,170251952,NA,NA,NA,NA
S7_167635041,7,167635041,NA,NA,NA,NA
S1_39895810,1,39895810,NA,NA,NA,NA
S7_171485569,7,171485569,NA,NA,NA,NA
S6_70293181,6,70293181,NA,NA,NA,NA
S5_167585819,5,167585819,NA,NA,NA,NA
S10_141078331,10,141078331,NA,NA,NA,NA
S2_34697968,2,34697968,NA,NA,NA,NA
S3_168921893,3,168921893,NA,NA,NA,NA
S2_188412385,2,188412385,NA,NA,NA,NA
S3_199494148,3,199494148,NA,NA,NA,NA
S1_56562180,1,56562180,NA,NA,NA,NA
S1_45505827,1,45505827,NA,NA,NA,NA
S9_76878120,9,76878120,NA,NA,NA,NA
S2_61098336,2,61098336,NA,NA,NA,NA
S8_149077521,8,149077521,NA,NA,NA,NA
S8_26478680,8,26478680,NA,NA,NA,NA
S5_215992298,5,215992298,NA,NA,NA,NA
S3_187007518,3,187007518,NA,NA,NA,NA
S9_88927109,9,88927109,NA,NA,NA,NA
S2_26007012,2,26007012,NA,NA,NA,NA
S8_116854690,8,116854690,NA,NA,NA,NA
S9_137596583,9,137596583,NA,NA,NA,NA
S5_58601967,5,58601967,NA,NA,NA,NA
S9_146154437,9,146154437,NA,NA,NA,NA
S3_15436715,3,15436715,NA,NA,NA,NA
S2_157236321,2,157236321,NA,NA,NA,NA
S1_150179741,1,150179741,NA,NA,NA,NA
S6_159014504,6,159014504,NA,NA,NA,NA
S3_204281378,3,204281378,NA,NA,NA,NA
S2_182629893,2,182629893,NA,NA,NA,NA
S1_203634757,1,203634757,NA,NA,NA,NA
S4_179804514,4,179804514,NA,NA,NA,NA
S3_60571194,3,60571194,NA,NA,NA,NA
S1_170717237,1,170717237,NA,NA,NA,NA
S9_8035283,9,8035283,NA,NA,NA,NA
S1_164555563,1,164555563,NA,NA,NA,NA
S3_173375276,3,173375276,NA,NA,NA,NA
S4_38028976,4,38028976,NA,NA,NA,NA
S6_113043762,6,113043762,NA,NA,NA,NA
S8_74250125,8,74250125,NA,NA,NA,NA
S2_213098637,2,213098637,NA,NA,NA,NA
S3_108452128,3,108452128,NA,NA,NA,NA
S1_283197119,1,283197119,NA,NA,NA,NA
S7_150009077,7,150009077,NA,NA,NA,NA
S2_211792103,2,211792103,NA,NA,NA,NA
S3_10512209,3,10512209,NA,NA,NA,NA
S1_42515666,1,42515666,NA,NA,NA,NA
S5_212029505,5,212029505,NA,NA,NA,NA
S5_192701671,5,192701671,NA,NA,NA,NA
S6_147900689,6,147900689,NA,NA,NA,NA
S7_9340960,7,9340960,NA,NA,NA,NA
S1_290109325,1,290109325,NA,NA,NA,NA
S2_1448335,2,1448335,NA,NA,NA,NA
S1_269505931,1,269505931,NA,NA,NA,NA
S7_141586683,7,141586683,NA,NA,NA,NA
S5_182760412,5,182760412,NA,NA,NA,NA
S1_229206235,1,229206235,NA,NA,NA,NA
S9_14535112,9,14535112,NA,NA,NA,NA
S8_69593074,8,69593074,NA,NA,NA,NA
S1_205243268,1,205243268,NA,NA,NA,NA
S8_164446866,8,164446866,NA,NA,NA,NA
S2_21913611,2,21913611,NA,NA,NA,NA
S6_71235150,6,71235150,NA,NA,NA,NA
S1_77967487,1,77967487,NA,NA,NA,NA
S1_173654800,1,173654800,NA,NA,NA,NA
S1_25710805,1,25710805,NA,NA,NA,NA
S5_37256290,5,37256290,NA,NA,NA,NA
S5_68516808,5,68516808,NA,NA,NA,NA
S9_8974537,9,8974537,NA,NA,NA,NA
S3_195926685,3,195926685,NA,NA,NA,NA
S9_12878146,9,12878146,NA,NA,NA,NA
S5_208165119,5,208165119,NA,NA,NA,NA
S1_69882028,1,69882028,NA,NA,NA,NA
S7_132730498,7,132730498,NA,NA,NA,NA
S8_138523942,8,138523942,NA,NA,NA,NA
S2_18767227,2,18767227,NA,NA,NA,NA
S7_127373452,7,127373452,NA,NA,NA,NA
S7_127373453,7,127373453,NA,NA,NA,NA
S4_146288124,4,146288124,NA,NA,NA,NA
S3_154981090,3,154981090,NA,NA,NA,NA
S1_264864317,1,264864317,NA,NA,NA,NA
S6_105884836,6,105884836,NA,NA,NA,NA
S1_81549746,1,81549746,NA,NA,NA,NA
S2_51754288,2,51754288,NA,NA,NA,NA
S4_768493,4,768493,NA,NA,NA,NA
S6_145646251,6,145646251,NA,NA,NA,NA
S2_143428621,2,143428621,NA,NA,NA,NA
S8_18781458,8,18781458,NA,NA,NA,NA
S3_187262101,3,187262101,NA,NA,NA,NA
S2_112096282,2,112096282,NA,NA,NA,NA
S1_199501674,1,199501674,NA,NA,NA,NA
S8_137303416,8,137303416,NA,NA,NA,NA
S2_209010455,2,209010455,NA,NA,NA,NA
S9_110439103,9,110439103,NA,NA,NA,NA
S9_21721856,9,21721856,NA,NA,NA,NA
S1_202445843,1,202445843,NA,NA,NA,NA
S6_152778036,6,152778036,NA,NA,NA,NA
S1_44343942,1,44343942,NA,NA,NA,NA
S6_145076081,6,145076081,NA,NA,NA,NA
S5_186725393,5,186725393,NA,NA,NA,NA
S8_152958133,8,152958133,NA,NA,NA,NA
S5_193449020,5,193449020,NA,NA,NA,NA
S6_110809558,6,110809558,NA,NA,NA,NA
S4_178044489,4,178044489,NA,NA,NA,NA
S4_178044505,4,178044505,NA,NA,NA,NA
S2_36936687,2,36936687,NA,NA,NA,NA
S9_92551316,9,92551316,NA,NA,NA,NA
S3_9070568,3,9070568,NA,NA,NA,NA
S2_236966549,2,236966549,NA,NA,NA,NA
S2_230941253,2,230941253,NA,NA,NA,NA
S10_118927374,10,118927374,NA,NA,NA,NA
S1_202160421,1,202160421,NA,NA,NA,NA
S9_154310289,9,154310289,NA,NA,NA,NA
S6_5510399,6,5510399,NA,NA,NA,NA
S10_71672359,10,71672359,NA,NA,NA,NA
S6_88583705,6,88583705,NA,NA,NA,NA
S1_107446367,1,107446367,NA,NA,NA,NA
S3_217563567,3,217563567,NA,NA,NA,NA
S5_181213096,5,181213096,NA,NA,NA,NA
S3_23009951,3,23009951,NA,NA,NA,NA
S7_108534386,7,108534386,NA,NA,NA,NA
S6_145276713,6,145276713,NA,NA,NA,NA
S5_193651730,5,193651730,NA,NA,NA,NA
S9_11531614,9,11531614,NA,NA,NA,NA
S8_90669370,8,90669370,NA,NA,NA,NA
S10_126872939,10,126872939,NA,NA,NA,NA
S1_220057566,1,220057566,NA,NA,NA,NA
S4_236927702,4,236927702,NA,NA,NA,NA
S2_101270778,2,101270778,NA,NA,NA,NA
S2_101270786,2,101270786,NA,NA,NA,NA
S5_202392696,5,202392696,NA,NA,NA,NA
S8_1091816,8,1091816,NA,NA,NA,NA
S7_6435411,7,6435411,NA,NA,NA,NA
S7_129264680,7,129264680,NA,NA,NA,NA
S5_78384797,5,78384797,NA,NA,NA,NA
S8_21448074,8,21448074,NA,NA,NA,NA
S8_21448086,8,21448086,NA,NA,NA,NA
S6_154327296,6,154327296,NA,NA,NA,NA
S5_212596294,5,212596294,NA,NA,NA,NA
S7_170989803,7,170989803,NA,NA,NA,NA
S3_224567924,3,224567924,NA,NA,NA,NA
S3_93089475,3,93089475,NA,NA,NA,NA
S9_25070227,9,25070227,NA,NA,NA,NA
S5_141129732,5,141129732,NA,NA,NA,NA
S5_190295731,5,190295731,NA,NA,NA,NA
S5_190295750,5,190295750,NA,NA,NA,NA
S5_190295773,5,190295773,NA,NA,NA,NA
S5_190295781,5,190295781,NA,NA,NA,NA
S3_221347920,3,221347920,NA,NA,NA,NA
S3_2720084,3,2720084,NA,NA,NA,NA
S6_107757146,6,107757146,NA,NA,NA,NA
S6_141414503,6,141414503,NA,NA,NA,NA
S1_97673642,1,97673642,NA,NA,NA,NA
S1_282462556,1,282462556,NA,NA,NA,NA
S5_890006,5,890006,NA,NA,NA,NA
S10_147049095,10,147049095,NA,NA,NA,NA
S10_147049116,10,147049116,NA,NA,NA,NA
S3_194048409,3,194048409,NA,NA,NA,NA
S3_21367889,3,21367889,NA,NA,NA,NA
S8_14794816,8,14794816,NA,NA,NA,NA
S6_156750620,6,156750620,NA,NA,NA,NA
S6_67259903,6,67259903,NA,NA,NA,NA
S10_26561588,10,26561588,NA,NA,NA,NA
S8_936796,8,936796,NA,NA,NA,NA
S7_146243711,7,146243711,NA,NA,NA,NA
S5_169456680,5,169456680,NA,NA,NA,NA
S10_146670099,10,146670099,NA,NA,NA,NA
S10_146670102,10,146670102,NA,NA,NA,NA
S3_133890467,3,133890467,NA,NA,NA,NA
S6_31708413,6,31708413,NA,NA,NA,NA
S8_1352645,8,1352645,NA,NA,NA,NA
S3_201329419,3,201329419,NA,NA,NA,NA
S8_107293682,8,107293682,NA,NA,NA,NA
S1_271982234,1,271982234,NA,NA,NA,NA
S5_51518207,5,51518207,NA,NA,NA,NA
S1_68546103,1,68546103,NA,NA,NA,NA
S10_135634522,10,135634522,NA,NA,NA,NA
S1_242710170,1,242710170,NA,NA,NA,NA
S7_152063896,7,152063896,NA,NA,NA,NA
S4_15688672,4,15688672,NA,NA,NA,NA
S10_22879391,10,22879391,NA,NA,NA,NA
S3_2083367,3,2083367,NA,NA,NA,NA
S3_2083370,3,2083370,NA,NA,NA,NA
S3_2083372,3,2083372,NA,NA,NA,NA
S1_281908385,1,281908385,NA,NA,NA,NA
S7_6498014,7,6498014,NA,NA,NA,NA
S3_86320894,3,86320894,NA,NA,NA,NA
S9_25593589,9,25593589,NA,NA,NA,NA
S3_176680256,3,176680256,NA,NA,NA,NA
S9_135814376,9,135814376,NA,NA,NA,NA
S4_31674431,4,31674431,NA,NA,NA,NA
S3_153782735,3,153782735,NA,NA,NA,NA
S6_154887754,6,154887754,NA,NA,NA,NA
S9_150249048,9,150249048,NA,NA,NA,NA
S6_152461508,6,152461508,NA,NA,NA,NA
S5_39184892,5,39184892,NA,NA,NA,NA
S5_213178627,5,213178627,NA,NA,NA,NA
S5_17891256,5,17891256,NA,NA,NA,NA
S4_232908365,4,232908365,NA,NA,NA,NA
S2_214208201,2,214208201,NA,NA,NA,NA
S6_147392458,6,147392458,NA,NA,NA,NA
S7_74887730,7,74887730,NA,NA,NA,NA
S1_38188693,1,38188693,NA,NA,NA,NA
S8_91619644,8,91619644,NA,NA,NA,NA
S1_29032298,1,29032298,NA,NA,NA,NA
S1_29032319,1,29032319,NA,NA,NA,NA
S2_26135377,2,26135377,NA,NA,NA,NA
S4_830889,4,830889,NA,NA,NA,NA
S4_830901,4,830901,NA,NA,NA,NA
S2_14267335,2,14267335,NA,NA,NA,NA
S8_156621758,8,156621758,NA,NA,NA,NA
S8_157619695,8,157619695,NA,NA,NA,NA
S2_11829845,2,11829845,NA,NA,NA,NA
S3_216482957,3,216482957,NA,NA,NA,NA
S6_131991009,6,131991009,NA,NA,NA,NA
S2_21913603,2,21913603,NA,NA,NA,NA
S2_21913606,2,21913606,NA,NA,NA,NA
S2_21913622,2,21913622,NA,NA,NA,NA
S1_42851157,1,42851157,NA,NA,NA,NA
S5_214412112,5,214412112,NA,NA,NA,NA
S5_82423737,5,82423737,NA,NA,NA,NA
S9_113812495,9,113812495,NA,NA,NA,NA
S5_19462276,5,19462276,NA,NA,NA,NA
S5_19462277,5,19462277,NA,NA,NA,NA
S9_20970036,9,20970036,NA,NA,NA,NA
S10_136878939,10,136878939,NA,NA,NA,NA
S8_145231413,8,145231413,NA,NA,NA,NA
S5_186726303,5,186726303,NA,NA,NA,NA
S5_186726304,5,186726304,NA,NA,NA,NA
S8_15484391,8,15484391,NA,NA,NA,NA
S2_157755786,2,157755786,NA,NA,NA,NA
S2_157755792,2,157755792,NA,NA,NA,NA
S4_218287114,4,218287114,NA,NA,NA,NA
S1_187885107,1,187885107,NA,NA,NA,NA
S2_34540442,2,34540442,NA,NA,NA,NA
S5_200435108,5,200435108,NA,NA,NA,NA
S10_39954427,10,39954427,NA,NA,NA,NA
S3_54472134,3,54472134,NA,NA,NA,NA
S6_128790659,6,128790659,NA,NA,NA,NA
S4_190967312,4,190967312,NA,NA,NA,NA
S3_221923221,3,221923221,NA,NA,NA,NA
S7_141905604,7,141905604,NA,NA,NA,NA
S1_287064742,1,287064742,NA,NA,NA,NA
S1_208822076,1,208822076,NA,NA,NA,NA
S1_155891557,1,155891557,NA,NA,NA,NA
S3_206600907,3,206600907,NA,NA,NA,NA
S1_258656604,1,258656604,NA,NA,NA,NA
S1_111273515,1,111273515,NA,NA,NA,NA
S8_134071819,8,134071819,NA,NA,NA,NA
S5_39882730,5,39882730,NA,NA,NA,NA
S9_151704853,9,151704853,NA,NA,NA,NA
S2_14205129,2,14205129,NA,NA,NA,NA
S6_161709010,6,161709010,NA,NA,NA,NA
S8_18349979,8,18349979,NA,NA,NA,NA
S2_27052036,2,27052036,NA,NA,NA,NA
S2_27052039,2,27052039,NA,NA,NA,NA
S4_224049644,4,224049644,NA,NA,NA,NA
S2_36452989,2,36452989,NA,NA,NA,NA
S2_36452992,2,36452992,NA,NA,NA,NA
S10_10667389,10,10667389,NA,NA,NA,NA
S5_194091894,5,194091894,NA,NA,NA,NA
S3_145178363,3,145178363,NA,NA,NA,NA
S6_58455064,6,58455064,NA,NA,NA,NA
S9_101429033,9,101429033,NA,NA,NA,NA
S5_70683741,5,70683741,NA,NA,NA,NA
S4_118143526,4,118143526,NA,NA,NA,NA
S5_191899930,5,191899930,NA,NA,NA,NA
S2_3795310,2,3795310,NA,NA,NA,NA
S10_145895392,10,145895392,NA,NA,NA,NA
S4_218850575,4,218850575,NA,NA,NA,NA
S9_82283843,9,82283843,NA,NA,NA,NA
S6_38273922,6,38273922,NA,NA,NA,NA
S2_222649665,2,222649665,NA,NA,NA,NA
S1_8101257,1,8101257,NA,NA,NA,NA
S4_31114667,4,31114667,NA,NA,NA,NA
S6_105071226,6,105071226,NA,NA,NA,NA
S3_89046316,3,89046316,NA,NA,NA,NA
S5_14588344,5,14588344,NA,NA,NA,NA
S1_87990972,1,87990972,NA,NA,NA,NA
S1_5719699,1,5719699,NA,NA,NA,NA
S3_21856427,3,21856427,NA,NA,NA,NA
S8_155931928,8,155931928,NA,NA,NA,NA
S2_178096551,2,178096551,NA,NA,NA,NA
S4_208810775,4,208810775,NA,NA,NA,NA
S9_63337166,9,63337166,NA,NA,NA,NA
S7_83147905,7,83147905,NA,NA,NA,NA
S5_88047491,5,88047491,NA,NA,NA,NA
S3_201947799,3,201947799,NA,NA,NA,NA
S2_205643174,2,205643174,NA,NA,NA,NA
S10_139839860,10,139839860,NA,NA,NA,NA
S3_187471371,3,187471371,NA,NA,NA,NA
S4_185180703,4,185180703,NA,NA,NA,NA
S4_6544731,4,6544731,NA,NA,NA,NA
S3_15056547,3,15056547,NA,NA,NA,NA
S8_41069059,8,41069059,NA,NA,NA,NA
S4_233203204,4,233203204,NA,NA,NA,NA
S8_3629469,8,3629469,NA,NA,NA,NA
S5_46070997,5,46070997,NA,NA,NA,NA
S2_199207419,2,199207419,NA,NA,NA,NA
S8_24475140,8,24475140,NA,NA,NA,NA
S2_201881318,2,201881318,NA,NA,NA,NA
S1_14032166,1,14032166,NA,NA,NA,NA
S1_295997343,1,295997343,NA,NA,NA,NA
S1_298965073,1,298965073,NA,NA,NA,NA
S2_9267229,2,9267229,NA,NA,NA,NA
S4_157112007,4,157112007,NA,NA,NA,NA
S5_13803054,5,13803054,NA,NA,NA,NA
S2_189205381,2,189205381,NA,NA,NA,NA
S1_58459458,1,58459458,NA,NA,NA,NA
S3_3912931,3,3912931,NA,NA,NA,NA
S10_67268107,10,67268107,NA,NA,NA,NA
S2_161275992,2,161275992,NA,NA,NA,NA
S1_222550310,1,222550310,NA,NA,NA,NA
S1_14169005,1,14169005,NA,NA,NA,NA
S6_101991908,6,101991908,NA,NA,NA,NA
S6_55649944,6,55649944,NA,NA,NA,NA
S6_158283373,6,158283373,NA,NA,NA,NA
S5_203397792,5,203397792,NA,NA,NA,NA
S8_155648495,8,155648495,NA,NA,NA,NA
S3_14399073,3,14399073,NA,NA,NA,NA
S7_141902362,7,141902362,NA,NA,NA,NA
S7_141902366,7,141902366,NA,NA,NA,NA
S7_141902368,7,141902368,NA,NA,NA,NA
S7_141902389,7,141902389,NA,NA,NA,NA
S5_82427880,5,82427880,NA,NA,NA,NA
S5_10106495,5,10106495,NA,NA,NA,NA
S7_119975995,7,119975995,NA,NA,NA,NA
S5_200771118,5,200771118,NA,NA,NA,NA
S2_120439978,2,120439978,NA,NA,NA,NA
S8_17059868,8,17059868,NA,NA,NA,NA
S7_173807786,7,173807786,NA,NA,NA,NA
S1_197748983,1,197748983,NA,NA,NA,NA
S7_172212031,7,172212031,NA,NA,NA,NA
S2_233762525,2,233762525,NA,NA,NA,NA
S2_228901313,2,228901313,NA,NA,NA,NA
S4_26285375,4,26285375,NA,NA,NA,NA
S3_168863025,3,168863025,NA,NA,NA,NA
S3_168863034,3,168863034,NA,NA,NA,NA
S1_180625403,1,180625403,NA,NA,NA,NA
S2_117919323,2,117919323,NA,NA,NA,NA
S4_34803641,4,34803641,NA,NA,NA,NA
S8_149077528,8,149077528,NA,NA,NA,NA
S6_167716280,6,167716280,NA,NA,NA,NA
S1_266096589,1,266096589,NA,NA,NA,NA
S8_102710537,8,102710537,NA,NA,NA,NA
S1_280776883,1,280776883,NA,NA,NA,NA
S7_26553078,7,26553078,NA,NA,NA,NA
S5_171176022,5,171176022,NA,NA,NA,NA
S3_204583710,3,204583710,NA,NA,NA,NA
S3_204583717,3,204583717,NA,NA,NA,NA
S3_204583740,3,204583740,NA,NA,NA,NA
S3_154661270,3,154661270,NA,NA,NA,NA
S7_124146487,7,124146487,NA,NA,NA,NA
S6_57491590,6,57491590,NA,NA,NA,NA
S2_9982799,2,9982799,NA,NA,NA,NA
S7_115969971,7,115969971,NA,NA,NA,NA
S1_59296964,1,59296964,NA,NA,NA,NA
S7_161337929,7,161337929,NA,NA,NA,NA
S10_145280956,10,145280956,NA,NA,NA,NA
S9_140023495,9,140023495,NA,NA,NA,NA
S7_127888869,7,127888869,NA,NA,NA,NA
S7_142783016,7,142783016,NA,NA,NA,NA
S5_205534582,5,205534582,NA,NA,NA,NA
S9_147993496,9,147993496,NA,NA,NA,NA
S4_180429947,4,180429947,NA,NA,NA,NA
S1_31207566,1,31207566,NA,NA,NA,NA
S10_120647899,10,120647899,NA,NA,NA,NA
S3_183890010,3,183890010,NA,NA,NA,NA
S7_163791423,7,163791423,NA,NA,NA,NA
S5_178895282,5,178895282,NA,NA,NA,NA
S1_150866519,1,150866519,NA,NA,NA,NA
S2_44199631,2,44199631,NA,NA,NA,NA
S8_171016961,8,171016961,NA,NA,NA,NA
S3_29652390,3,29652390,NA,NA,NA,NA
S4_33126174,4,33126174,NA,NA,NA,NA
S9_5074933,9,5074933,NA,NA,NA,NA
S9_104993186,9,104993186,NA,NA,NA,NA
S9_104993187,9,104993187,NA,NA,NA,NA
S2_157948363,2,157948363,NA,NA,NA,NA
S4_233442717,4,233442717,NA,NA,NA,NA
S8_146060465,8,146060465,NA,NA,NA,NA
S8_146060468,8,146060468,NA,NA,NA,NA
S8_146060469,8,146060469,NA,NA,NA,NA
S9_136702054,9,136702054,NA,NA,NA,NA
S3_149247409,3,149247409,NA,NA,NA,NA
S8_149801655,8,149801655,NA,NA,NA,NA
S8_149801676,8,149801676,NA,NA,NA,NA
S8_138938944,8,138938944,NA,NA,NA,NA
S4_237898483,4,237898483,NA,NA,NA,NA
S9_30066356,9,30066356,NA,NA,NA,NA
S2_27501195,2,27501195,NA,NA,NA,NA
S8_161526336,8,161526336,NA,NA,NA,NA
S8_161526341,8,161526341,NA,NA,NA,NA
S8_161526342,8,161526342,NA,NA,NA,NA
S8_161526345,8,161526345,NA,NA,NA,NA
S5_6874386,5,6874386,NA,NA,NA,NA
S2_47365070,2,47365070,NA,NA,NA,NA
S3_114352093,3,114352093,NA,NA,NA,NA
S1_22439668,1,22439668,NA,NA,NA,NA
S7_168257017,7,168257017,NA,NA,NA,NA
S5_2257177,5,2257177,NA,NA,NA,NA
S1_4358623,1,4358623,NA,NA,NA,NA
S6_156878227,6,156878227,NA,NA,NA,NA
S2_148879636,2,148879636,NA,NA,NA,NA
S2_148879640,2,148879640,NA,NA,NA,NA
S1_87990979,1,87990979,NA,NA,NA,NA
S1_31250329,1,31250329,NA,NA,NA,NA
S1_31250345,1,31250345,NA,NA,NA,NA
S10_39184168,10,39184168,NA,NA,NA,NA
S7_17693465,7,17693465,NA,NA,NA,NA
S2_232369817,2,232369817,NA,NA,NA,NA
S1_230173963,1,230173963,NA,NA,NA,NA
S5_193539860,5,193539860,NA,NA,NA,NA
S2_49016939,2,49016939,NA,NA,NA,NA
S2_204313134,2,204313134,NA,NA,NA,NA
S3_166432089,3,166432089,NA,NA,NA,NA
S2_206891848,2,206891848,NA,NA,NA,NA
S3_221275201,3,221275201,NA,NA,NA,NA
S1_12256394,1,12256394,NA,NA,NA,NA
S10_147888128,10,147888128,NA,NA,NA,NA
S10_93000285,10,93000285,NA,NA,NA,NA
S2_215016065,2,215016065,NA,NA,NA,NA
S6_113153905,6,113153905,NA,NA,NA,NA
S5_188660897,5,188660897,NA,NA,NA,NA
S5_111341931,5,111341931,NA,NA,NA,NA
S5_5772680,5,5772680,NA,NA,NA,NA
S9_140016066,9,140016066,NA,NA,NA,NA
S2_73759337,2,73759337,NA,NA,NA,NA
S5_76684504,5,76684504,NA,NA,NA,NA
S3_222583300,3,222583300,NA,NA,NA,NA
S10_1321877,10,1321877,NA,NA,NA,NA
S10_1321878,10,1321878,NA,NA,NA,NA
S1_300444440,1,300444440,NA,NA,NA,NA
S10_142958466,10,142958466,NA,NA,NA,NA
S1_96081043,1,96081043,NA,NA,NA,NA
S6_128062326,6,128062326,NA,NA,NA,NA
S8_160385421,8,160385421,NA,NA,NA,NA
S10_146683873,10,146683873,NA,NA,NA,NA
S7_21278179,7,21278179,NA,NA,NA,NA
S5_31024712,5,31024712,NA,NA,NA,NA
S4_178496977,4,178496977,NA,NA,NA,NA
S6_150920124,6,150920124,NA,NA,NA,NA
S5_211731235,5,211731235,NA,NA,NA,NA
S5_186840948,5,186840948,NA,NA,NA,NA
S1_287720022,1,287720022,NA,NA,NA,NA
S2_2785381,2,2785381,NA,NA,NA,NA
S2_229929829,2,229929829,NA,NA,NA,NA
S7_158367580,7,158367580,NA,NA,NA,NA
S4_187278036,4,187278036,NA,NA,NA,NA
S5_173880298,5,173880298,NA,NA,NA,NA
S2_222962655,2,222962655,NA,NA,NA,NA
S3_127501003,3,127501003,NA,NA,NA,NA
S8_161481417,8,161481417,NA,NA,NA,NA
S7_167811313,7,167811313,NA,NA,NA,NA
S5_15800613,5,15800613,NA,NA,NA,NA
S2_216757864,2,216757864,NA,NA,NA,NA
S5_4197529,5,4197529,NA,NA,NA,NA
S2_56314176,2,56314176,NA,NA,NA,NA
S1_250863739,1,250863739,NA,NA,NA,NA
S5_4589524,5,4589524,NA,NA,NA,NA
S5_175603793,5,175603793,NA,NA,NA,NA
S5_175603819,5,175603819,NA,NA,NA,NA
S4_170855432,4,170855432,NA,NA,NA,NA
S7_138381525,7,138381525,NA,NA,NA,NA
S5_145496768,5,145496768,NA,NA,NA,NA
S5_141252120,5,141252120,NA,NA,NA,NA
S5_141252131,5,141252131,NA,NA,NA,NA
S5_141252132,5,141252132,NA,NA,NA,NA
S5_141252135,5,141252135,NA,NA,NA,NA
S8_149901706,8,149901706,NA,NA,NA,NA
S10_12167176,10,12167176,NA,NA,NA,NA
S5_200649357,5,200649357,NA,NA,NA,NA
S3_159865131,3,159865131,NA,NA,NA,NA
S6_71449430,6,71449430,NA,NA,NA,NA
S1_23116701,1,23116701,NA,NA,NA,NA
S9_18765811,9,18765811,NA,NA,NA,NA
S6_164678303,6,164678303,NA,NA,NA,NA
S10_16526262,10,16526262,NA,NA,NA,NA
S3_222623650,3,222623650,NA,NA,NA,NA
S3_222623654,3,222623654,NA,NA,NA,NA
S3_222623694,3,222623694,NA,NA,NA,NA
S2_9100848,2,9100848,NA,NA,NA,NA
S2_199502990,2,199502990,NA,NA,NA,NA
S10_147151501,10,147151501,NA,NA,NA,NA
S4_4395425,4,4395425,NA,NA,NA,NA
S8_135455316,8,135455316,NA,NA,NA,NA
S4_234572393,4,234572393,NA,NA,NA,NA
S4_152525155,4,152525155,NA,NA,NA,NA
S4_152525179,4,152525179,NA,NA,NA,NA
S5_201665068,5,201665068,NA,NA,NA,NA
S1_9396240,1,9396240,NA,NA,NA,NA
S1_40436870,1,40436870,NA,NA,NA,NA
S8_156425775,8,156425775,NA,NA,NA,NA
S7_79010423,7,79010423,NA,NA,NA,NA
S5_34798618,5,34798618,NA,NA,NA,NA
S7_140894990,7,140894990,NA,NA,NA,NA
S3_165412274,3,165412274,NA,NA,NA,NA
S9_30644613,9,30644613,NA,NA,NA,NA
S9_30644629,9,30644629,NA,NA,NA,NA
S1_259930627,1,259930627,NA,NA,NA,NA
S5_203614780,5,203614780,NA,NA,NA,NA
S1_25876187,1,25876187,NA,NA,NA,NA
S3_140731884,3,140731884,NA,NA,NA,NA
S9_137552413,9,137552413,NA,NA,NA,NA
S7_25910242,7,25910242,NA,NA,NA,NA
S5_53980549,5,53980549,NA,NA,NA,NA
S1_46687160,1,46687160,NA,NA,NA,NA
S5_5382801,5,5382801,NA,NA,NA,NA
S5_5382802,5,5382802,NA,NA,NA,NA
S5_5382803,5,5382803,NA,NA,NA,NA
S8_131517511,8,131517511,NA,NA,NA,NA
S7_141580117,7,141580117,NA,NA,NA,NA
S7_121544914,7,121544914,NA,NA,NA,NA
S6_8680494,6,8680494,NA,NA,NA,NA
S5_214708395,5,214708395,NA,NA,NA,NA
S5_214708398,5,214708398,NA,NA,NA,NA
S5_69116569,5,69116569,NA,NA,NA,NA
S5_176590167,5,176590167,NA,NA,NA,NA
S7_117541298,7,117541298,NA,NA,NA,NA
S8_14843332,8,14843332,NA,NA,NA,NA
S4_227212018,4,227212018,NA,NA,NA,NA
S2_166340243,2,166340243,NA,NA,NA,NA
S3_19755277,3,19755277,NA,NA,NA,NA
S3_128093003,3,128093003,NA,NA,NA,NA
S1_86730129,1,86730129,NA,NA,NA,NA
S7_123673084,7,123673084,NA,NA,NA,NA
S7_123673089,7,123673089,NA,NA,NA,NA
S5_153378426,5,153378426,NA,NA,NA,NA
S7_28817934,7,28817934,NA,NA,NA,NA
S5_178244055,5,178244055,NA,NA,NA,NA
S5_178244059,5,178244059,NA,NA,NA,NA
S1_23046251,1,23046251,NA,NA,NA,NA
S8_155931914,8,155931914,NA,NA,NA,NA
S1_214726288,1,214726288,NA,NA,NA,NA
S6_9184947,6,9184947,NA,NA,NA,NA
S2_143383610,2,143383610,NA,NA,NA,NA
S9_105339631,9,105339631,NA,NA,NA,NA
S2_29521833,2,29521833,NA,NA,NA,NA
S5_166473857,5,166473857,NA,NA,NA,NA
S2_38574218,2,38574218,NA,NA,NA,NA
S2_28310321,2,28310321,NA,NA,NA,NA
S8_164622855,8,164622855,NA,NA,NA,NA
S10_143934989,10,143934989,NA,NA,NA,NA
S8_110711453,8,110711453,NA,NA,NA,NA
S8_110711492,8,110711492,NA,NA,NA,NA
S6_158274987,6,158274987,NA,NA,NA,NA
S4_185081384,4,185081384,NA,NA,NA,NA
S5_168225296,5,168225296,NA,NA,NA,NA
S4_177348907,4,177348907,NA,NA,NA,NA
S4_177348909,4,177348909,NA,NA,NA,NA
S3_185257012,3,185257012,NA,NA,NA,NA
S10_123109210,10,123109210,NA,NA,NA,NA
S8_152958121,8,152958121,NA,NA,NA,NA
S1_233455445,1,233455445,NA,NA,NA,NA
S1_32836825,1,32836825,NA,NA,NA,NA
S3_181695567,3,181695567,NA,NA,NA,NA
S3_170423245,3,170423245,NA,NA,NA,NA
S7_6986397,7,6986397,NA,NA,NA,NA
S3_169073715,3,169073715,NA,NA,NA,NA
S2_232486657,2,232486657,NA,NA,NA,NA
S8_1091882,8,1091882,NA,NA,NA,NA
S8_3482472,8,3482472,NA,NA,NA,NA
S3_187450966,3,187450966,NA,NA,NA,NA
S1_8560768,1,8560768,NA,NA,NA,NA
S3_208543164,3,208543164,NA,NA,NA,NA
S6_131357039,6,131357039,NA,NA,NA,NA
S7_158365377,7,158365377,NA,NA,NA,NA
S10_106435585,10,106435585,NA,NA,NA,NA
S3_43867040,3,43867040,NA,NA,NA,NA
S1_42847299,1,42847299,NA,NA,NA,NA
S8_174421518,8,174421518,NA,NA,NA,NA
S2_79770025,2,79770025,NA,NA,NA,NA
S5_173615305,5,173615305,NA,NA,NA,NA
S1_22260020,1,22260020,NA,NA,NA,NA
S1_42851484,1,42851484,NA,NA,NA,NA
S4_123667151,4,123667151,NA,NA,NA,NA
S3_152056774,3,152056774,NA,NA,NA,NA
S7_307845,7,307845,NA,NA,NA,NA
S8_53326748,8,53326748,NA,NA,NA,NA
S7_132590219,7,132590219,NA,NA,NA,NA
S4_37297448,4,37297448,NA,NA,NA,NA
S10_79033189,10,79033189,NA,NA,NA,NA
S10_79033196,10,79033196,NA,NA,NA,NA
S7_51800798,7,51800798,NA,NA,NA,NA
S2_189275582,2,189275582,NA,NA,NA,NA
S5_213051025,5,213051025,NA,NA,NA,NA
S9_127286568,9,127286568,NA,NA,NA,NA
S2_33350837,2,33350837,NA,NA,NA,NA
S5_200778775,5,200778775,NA,NA,NA,NA
S5_39416841,5,39416841,NA,NA,NA,NA
S1_38548817,1,38548817,NA,NA,NA,NA
S1_182542951,1,182542951,NA,NA,NA,NA
S1_156220097,1,156220097,NA,NA,NA,NA
S7_1952252,7,1952252,NA,NA,NA,NA
S6_9201617,6,9201617,NA,NA,NA,NA
S7_145970969,7,145970969,NA,NA,NA,NA
S5_213342127,5,213342127,NA,NA,NA,NA
S5_200771149,5,200771149,NA,NA,NA,NA
S8_118105426,8,118105426,NA,NA,NA,NA
S5_62597103,5,62597103,NA,NA,NA,NA
S1_124777444,1,124777444,NA,NA,NA,NA
S2_203260261,2,203260261,NA,NA,NA,NA
S5_31006606,5,31006606,NA,NA,NA,NA
S1_287720087,1,287720087,NA,NA,NA,NA
S8_150479397,8,150479397,NA,NA,NA,NA
S1_195185966,1,195185966,NA,NA,NA,NA
S6_148593372,6,148593372,NA,NA,NA,NA
S9_9310467,9,9310467,NA,NA,NA,NA
S7_162806481,7,162806481,NA,NA,NA,NA
S4_199598668,4,199598668,NA,NA,NA,NA
S10_103086232,10,103086232,NA,NA,NA,NA
S8_157725545,8,157725545,NA,NA,NA,NA
S8_157725562,8,157725562,NA,NA,NA,NA
S7_97346739,7,97346739,NA,NA,NA,NA
S3_61340654,3,61340654,NA,NA,NA,NA
S10_7133020,10,7133020,NA,NA,NA,NA
S5_8334545,5,8334545,NA,NA,NA,NA
S1_4187111,1,4187111,NA,NA,NA,NA
S8_149259785,8,149259785,NA,NA,NA,NA
S3_150769484,3,150769484,NA,NA,NA,NA
S3_43407776,3,43407776,NA,NA,NA,NA
S10_99472404,10,99472404,NA,NA,NA,NA
S7_165158307,7,165158307,NA,NA,NA,NA
S5_77273366,5,77273366,NA,NA,NA,NA
S3_4843251,3,4843251,NA,NA,NA,NA
S8_169665410,8,169665410,NA,NA,NA,NA
S8_20084631,8,20084631,NA,NA,NA,NA
S9_77700808,9,77700808,NA,NA,NA,NA
S3_206601600,3,206601600,NA,NA,NA,NA
S6_150024321,6,150024321,NA,NA,NA,NA
S1_148515249,1,148515249,NA,NA,NA,NA
S1_148515273,1,148515273,NA,NA,NA,NA
S1_259215783,1,259215783,NA,NA,NA,NA
S1_220505526,1,220505526,NA,NA,NA,NA
S4_174954893,4,174954893,NA,NA,NA,NA
S1_8453955,1,8453955,NA,NA,NA,NA
S5_4430434,5,4430434,NA,NA,NA,NA
S10_85393790,10,85393790,NA,NA,NA,NA
S4_120988866,4,120988866,NA,NA,NA,NA
S8_148261703,8,148261703,NA,NA,NA,NA
S8_148261713,8,148261713,NA,NA,NA,NA
S3_133209283,3,133209283,NA,NA,NA,NA
S9_47759807,9,47759807,NA,NA,NA,NA
S1_33317841,1,33317841,NA,NA,NA,NA
S1_32581175,1,32581175,NA,NA,NA,NA
S10_147192026,10,147192026,NA,NA,NA,NA
S6_111031131,6,111031131,NA,NA,NA,NA
S3_6294212,3,6294212,NA,NA,NA,NA
S6_111249489,6,111249489,NA,NA,NA,NA
S2_61470572,2,61470572,NA,NA,NA,NA
S4_238933443,4,238933443,NA,NA,NA,NA
S3_170865263,3,170865263,NA,NA,NA,NA
S9_148042930,9,148042930,NA,NA,NA,NA
S2_2486096,2,2486096,NA,NA,NA,NA
S7_165343309,7,165343309,NA,NA,NA,NA
S5_17229462,5,17229462,NA,NA,NA,NA
S10_113837216,10,113837216,NA,NA,NA,NA
S5_10492034,5,10492034,NA,NA,NA,NA
S4_74031656,4,74031656,NA,NA,NA,NA
S2_18132818,2,18132818,NA,NA,NA,NA
S1_297160647,1,297160647,NA,NA,NA,NA
S8_14936042,8,14936042,NA,NA,NA,NA
S5_51355517,5,51355517,NA,NA,NA,NA
S2_176240477,2,176240477,NA,NA,NA,NA
S2_176240480,2,176240480,NA,NA,NA,NA
S9_11746906,9,11746906,NA,NA,NA,NA
S3_201185204,3,201185204,NA,NA,NA,NA
S8_88567393,8,88567393,NA,NA,NA,NA
S1_27868287,1,27868287,NA,NA,NA,NA
S8_65972918,8,65972918,NA,NA,NA,NA
S2_6850425,2,6850425,NA,NA,NA,NA
S2_232374086,2,232374086,NA,NA,NA,NA
S5_186942908,5,186942908,NA,NA,NA,NA
S1_195281899,1,195281899,NA,NA,NA,NA
S8_19833834,8,19833834,NA,NA,NA,NA
S5_186999532,5,186999532,NA,NA,NA,NA
S9_100884407,9,100884407,NA,NA,NA,NA
S9_18330304,9,18330304,NA,NA,NA,NA
S2_45989434,2,45989434,NA,NA,NA,NA
S2_45989437,2,45989437,NA,NA,NA,NA
S10_7437390,10,7437390,NA,NA,NA,NA
S10_7437392,10,7437392,NA,NA,NA,NA
S3_121069565,3,121069565,NA,NA,NA,NA
S1_239612560,1,239612560,NA,NA,NA,NA
S1_239612561,1,239612561,NA,NA,NA,NA
S1_239612562,1,239612562,NA,NA,NA,NA
S1_4764981,1,4764981,NA,NA,NA,NA
S5_68652879,5,68652879,NA,NA,NA,NA
S3_58713207,3,58713207,NA,NA,NA,NA
S5_213267265,5,213267265,NA,NA,NA,NA
S6_165554806,6,165554806,NA,NA,NA,NA
S6_165554807,6,165554807,NA,NA,NA,NA
S3_2154370,3,2154370,NA,NA,NA,NA
S3_147970839,3,147970839,NA,NA,NA,NA
S3_13724192,3,13724192,NA,NA,NA,NA
S3_11006805,3,11006805,NA,NA,NA,NA
S3_92536434,3,92536434,NA,NA,NA,NA
S3_59504246,3,59504246,NA,NA,NA,NA
S3_59504261,3,59504261,NA,NA,NA,NA
S7_167864563,7,167864563,NA,NA,NA,NA
S7_156215585,7,156215585,NA,NA,NA,NA
S6_87699804,6,87699804,NA,NA,NA,NA
S2_21275499,2,21275499,NA,NA,NA,NA
S4_165974086,4,165974086,NA,NA,NA,NA
S1_215443093,1,215443093,NA,NA,NA,NA
S6_96696089,6,96696089,NA,NA,NA,NA
S4_166004596,4,166004596,NA,NA,NA,NA
S3_5987971,3,5987971,NA,NA,NA,NA
S3_197364539,3,197364539,NA,NA,NA,NA
S7_136025779,7,136025779,NA,NA,NA,NA
S1_270669296,1,270669296,NA,NA,NA,NA
S10_145794765,10,145794765,NA,NA,NA,NA
S10_146338194,10,146338194,NA,NA,NA,NA
S1_6797226,1,6797226,NA,NA,NA,NA
S2_189275602,2,189275602,NA,NA,NA,NA
S2_5565685,2,5565685,NA,NA,NA,NA
S3_225343099,3,225343099,NA,NA,NA,NA
S8_153015421,8,153015421,NA,NA,NA,NA
S3_33059091,3,33059091,NA,NA,NA,NA
S2_131349050,2,131349050,NA,NA,NA,NA
S2_155537389,2,155537389,NA,NA,NA,NA
S6_145830904,6,145830904,NA,NA,NA,NA
S7_4064736,7,4064736,NA,NA,NA,NA
S1_191991751,1,191991751,NA,NA,NA,NA
S8_163382608,8,163382608,NA,NA,NA,NA
S6_115554474,6,115554474,NA,NA,NA,NA
S5_200907642,5,200907642,NA,NA,NA,NA
S2_217119251,2,217119251,NA,NA,NA,NA
S5_1843715,5,1843715,NA,NA,NA,NA
S2_107189532,2,107189532,NA,NA,NA,NA
S5_169238065,5,169238065,NA,NA,NA,NA
S6_158664007,6,158664007,NA,NA,NA,NA
S1_154957916,1,154957916,NA,NA,NA,NA
S8_115294864,8,115294864,NA,NA,NA,NA
S10_1730990,10,1730990,NA,NA,NA,NA
S3_56477123,3,56477123,NA,NA,NA,NA
S8_116854699,8,116854699,NA,NA,NA,NA
S8_116854725,8,116854725,NA,NA,NA,NA
S6_142828084,6,142828084,NA,NA,NA,NA
S10_7440466,10,7440466,NA,NA,NA,NA
S9_99293407,9,99293407,NA,NA,NA,NA
S3_220291538,3,220291538,NA,NA,NA,NA
S5_32000003,5,32000003,NA,NA,NA,NA
S4_197820019,4,197820019,NA,NA,NA,NA
S3_181071237,3,181071237,NA,NA,NA,NA
S3_181071238,3,181071238,NA,NA,NA,NA
S1_232521128,1,232521128,NA,NA,NA,NA
S10_146338244,10,146338244,NA,NA,NA,NA
S10_129283322,10,129283322,NA,NA,NA,NA
S10_127594669,10,127594669,NA,NA,NA,NA
S3_225038504,3,225038504,NA,NA,NA,NA
S1_3199277,1,3199277,NA,NA,NA,NA
S3_181559601,3,181559601,NA,NA,NA,NA
S3_225123829,3,225123829,NA,NA,NA,NA
S2_165618044,2,165618044,NA,NA,NA,NA
S1_249319755,1,249319755,NA,NA,NA,NA
S4_218945417,4,218945417,NA,NA,NA,NA
S8_157756505,8,157756505,NA,NA,NA,NA
S1_244514623,1,244514623,NA,NA,NA,NA
S1_288697547,1,288697547,NA,NA,NA,NA
S8_10080387,8,10080387,NA,NA,NA,NA
S10_118699037,10,118699037,NA,NA,NA,NA
S10_118699049,10,118699049,NA,NA,NA,NA
S1_211673059,1,211673059,NA,NA,NA,NA
S1_4545495,1,4545495,NA,NA,NA,NA
S4_175373165,4,175373165,NA,NA,NA,NA
S3_67699840,3,67699840,NA,NA,NA,NA
S1_253300607,1,253300607,NA,NA,NA,NA
S3_229036040,3,229036040,NA,NA,NA,NA
S2_233598432,2,233598432,NA,NA,NA,NA
S8_119829484,8,119829484,NA,NA,NA,NA
S1_16948590,1,16948590,NA,NA,NA,NA
S4_158561477,4,158561477,NA,NA,NA,NA
S4_11467452,4,11467452,NA,NA,NA,NA
S9_47218283,9,47218283,NA,NA,NA,NA
S1_61138176,1,61138176,NA,NA,NA,NA
S7_133372622,7,133372622,NA,NA,NA,NA
S1_277213928,1,277213928,NA,NA,NA,NA
S5_215844118,5,215844118,NA,NA,NA,NA
S7_168218199,7,168218199,NA,NA,NA,NA
S8_152322507,8,152322507,NA,NA,NA,NA
S10_145203601,10,145203601,NA,NA,NA,NA
S9_136301979,9,136301979,NA,NA,NA,NA
S9_30080060,9,30080060,NA,NA,NA,NA
S4_199229022,4,199229022,NA,NA,NA,NA
S10_4308155,10,4308155,NA,NA,NA,NA
S5_39184924,5,39184924,NA,NA,NA,NA
S5_25883063,5,25883063,NA,NA,NA,NA
S8_51064781,8,51064781,NA,NA,NA,NA
S6_161462083,6,161462083,NA,NA,NA,NA
S1_10978004,1,10978004,NA,NA,NA,NA
S6_38271788,6,38271788,NA,NA,NA,NA
S4_37392724,4,37392724,NA,NA,NA,NA
S4_37392744,4,37392744,NA,NA,NA,NA
S3_154562566,3,154562566,NA,NA,NA,NA
S4_30199166,4,30199166,NA,NA,NA,NA
S4_239521741,4,239521741,NA,NA,NA,NA
S8_108661211,8,108661211,NA,NA,NA,NA
S9_145064042,9,145064042,NA,NA,NA,NA
S5_39674618,5,39674618,NA,NA,NA,NA
S10_143058479,10,143058479,NA,NA,NA,NA
S4_3746746,4,3746746,NA,NA,NA,NA
S3_213558460,3,213558460,NA,NA,NA,NA
S10_5588380,10,5588380,NA,NA,NA,NA
S1_197964628,1,197964628,NA,NA,NA,NA
S7_100264870,7,100264870,NA,NA,NA,NA
S8_165858697,8,165858697,NA,NA,NA,NA
S8_165858699,8,165858699,NA,NA,NA,NA
S8_165858701,8,165858701,NA,NA,NA,NA
S8_165858703,8,165858703,NA,NA,NA,NA
S8_165858704,8,165858704,NA,NA,NA,NA
S8_165858705,8,165858705,NA,NA,NA,NA
S8_165858717,8,165858717,NA,NA,NA,NA
S5_13395024,5,13395024,NA,NA,NA,NA
S4_235601609,4,235601609,NA,NA,NA,NA
S10_27950307,10,27950307,NA,NA,NA,NA
S1_108266815,1,108266815,NA,NA,NA,NA
S3_165021985,3,165021985,NA,NA,NA,NA
S7_11442611,7,11442611,NA,NA,NA,NA
S8_100994181,8,100994181,NA,NA,NA,NA
S1_233555652,1,233555652,NA,NA,NA,NA
S5_206603707,5,206603707,NA,NA,NA,NA
S5_37256357,5,37256357,NA,NA,NA,NA
S1_288805795,1,288805795,NA,NA,NA,NA
S2_54360087,2,54360087,NA,NA,NA,NA
S1_219374853,1,219374853,NA,NA,NA,NA
S6_18647223,6,18647223,NA,NA,NA,NA
S5_54734999,5,54734999,NA,NA,NA,NA
S9_147264166,9,147264166,NA,NA,NA,NA
S2_8872145,2,8872145,NA,NA,NA,NA
S4_170339246,4,170339246,NA,NA,NA,NA
S6_153773028,6,153773028,NA,NA,NA,NA
S3_56282893,3,56282893,NA,NA,NA,NA
S6_151486059,6,151486059,NA,NA,NA,NA
S5_188833072,5,188833072,NA,NA,NA,NA
S3_159865141,3,159865141,NA,NA,NA,NA
S3_154071843,3,154071843,NA,NA,NA,NA
S5_191899932,5,191899932,NA,NA,NA,NA
S5_191899959,5,191899959,NA,NA,NA,NA
S8_85123531,8,85123531,NA,NA,NA,NA
S4_158146568,4,158146568,NA,NA,NA,NA
S4_237773416,4,237773416,NA,NA,NA,NA
S3_202768031,3,202768031,NA,NA,NA,NA
S3_229035824,3,229035824,NA,NA,NA,NA
S3_211979410,3,211979410,NA,NA,NA,NA
S1_96239912,1,96239912,NA,NA,NA,NA
S3_28923585,3,28923585,NA,NA,NA,NA
S10_2793504,10,2793504,NA,NA,NA,NA
S10_2793507,10,2793507,NA,NA,NA,NA
S10_2793508,10,2793508,NA,NA,NA,NA
S7_9199266,7,9199266,NA,NA,NA,NA
S4_226791334,4,226791334,NA,NA,NA,NA
S1_98098041,1,98098041,NA,NA,NA,NA
S9_120415638,9,120415638,NA,NA,NA,NA
S5_28673972,5,28673972,NA,NA,NA,NA
S9_154545387,9,154545387,NA,NA,NA,NA
S9_18330281,9,18330281,NA,NA,NA,NA
S3_22944532,3,22944532,NA,NA,NA,NA
S3_22944536,3,22944536,NA,NA,NA,NA
S7_1317594,7,1317594,NA,NA,NA,NA
S3_127708162,3,127708162,NA,NA,NA,NA
S7_122696949,7,122696949,NA,NA,NA,NA
S2_81979711,2,81979711,NA,NA,NA,NA
S10_18862888,10,18862888,NA,NA,NA,NA
S1_191852408,1,191852408,NA,NA,NA,NA
S2_183105599,2,183105599,NA,NA,NA,NA
S2_122919069,2,122919069,NA,NA,NA,NA
S5_215301785,5,215301785,NA,NA,NA,NA
S4_217096529,4,217096529,NA,NA,NA,NA
S4_217096531,4,217096531,NA,NA,NA,NA
S4_217096533,4,217096533,NA,NA,NA,NA
S2_209131864,2,209131864,NA,NA,NA,NA
S8_112001826,8,112001826,NA,NA,NA,NA
S3_10843759,3,10843759,NA,NA,NA,NA
S3_29012553,3,29012553,NA,NA,NA,NA
S3_19924883,3,19924883,NA,NA,NA,NA
S2_222648054,2,222648054,NA,NA,NA,NA
S7_1292802,7,1292802,NA,NA,NA,NA
S1_40424584,1,40424584,NA,NA,NA,NA
S1_225041986,1,225041986,NA,NA,NA,NA
S4_154166699,4,154166699,NA,NA,NA,NA
S2_205945170,2,205945170,NA,NA,NA,NA
S4_182180841,4,182180841,NA,NA,NA,NA
S4_182180843,4,182180843,NA,NA,NA,NA
S2_151569802,2,151569802,NA,NA,NA,NA
S1_214308373,1,214308373,NA,NA,NA,NA
S7_4064712,7,4064712,NA,NA,NA,NA
S3_229549394,3,229549394,NA,NA,NA,NA
S8_13372160,8,13372160,NA,NA,NA,NA
S7_122065384,7,122065384,NA,NA,NA,NA
S9_86530570,9,86530570,NA,NA,NA,NA
S4_237682232,4,237682232,NA,NA,NA,NA
S5_14609277,5,14609277,NA,NA,NA,NA
S9_136073220,9,136073220,NA,NA,NA,NA
S9_151365429,9,151365429,NA,NA,NA,NA
S1_203830471,1,203830471,NA,NA,NA,NA
S8_149982624,8,149982624,NA,NA,NA,NA
S5_216733845,5,216733845,NA,NA,NA,NA
S10_147122647,10,147122647,NA,NA,NA,NA
S2_41485425,2,41485425,NA,NA,NA,NA
S8_128749236,8,128749236,NA,NA,NA,NA
S10_107811184,10,107811184,NA,NA,NA,NA
S10_107811185,10,107811185,NA,NA,NA,NA
S10_107811196,10,107811196,NA,NA,NA,NA
S7_106785435,7,106785435,NA,NA,NA,NA
S3_98195080,3,98195080,NA,NA,NA,NA
S4_225570187,4,225570187,NA,NA,NA,NA
S8_124357584,8,124357584,NA,NA,NA,NA
S5_200907523,5,200907523,NA,NA,NA,NA
S3_184121232,3,184121232,NA,NA,NA,NA
S5_8814774,5,8814774,NA,NA,NA,NA
S4_157107764,4,157107764,NA,NA,NA,NA
S1_193523162,1,193523162,NA,NA,NA,NA
S5_13967894,5,13967894,NA,NA,NA,NA
S5_208341668,5,208341668,NA,NA,NA,NA
S5_208341720,5,208341720,NA,NA,NA,NA
S3_161733305,3,161733305,NA,NA,NA,NA
S9_155437981,9,155437981,NA,NA,NA,NA
S5_199366081,5,199366081,NA,NA,NA,NA
S9_122035076,9,122035076,NA,NA,NA,NA
S3_208904952,3,208904952,NA,NA,NA,NA
S8_173864206,8,173864206,NA,NA,NA,NA
S4_236560576,4,236560576,NA,NA,NA,NA
S4_236560625,4,236560625,NA,NA,NA,NA
S4_236560626,4,236560626,NA,NA,NA,NA
S7_132922867,7,132922867,NA,NA,NA,NA
S5_2269883,5,2269883,NA,NA,NA,NA
S3_3559798,3,3559798,NA,NA,NA,NA
S3_3559799,3,3559799,NA,NA,NA,NA
S8_140007272,8,140007272,NA,NA,NA,NA
S3_182717261,3,182717261,NA,NA,NA,NA
S9_65961742,9,65961742,NA,NA,NA,NA
S4_217413388,4,217413388,NA,NA,NA,NA
S5_214340301,5,214340301,NA,NA,NA,NA
S9_34631131,9,34631131,NA,NA,NA,NA
S6_164891905,6,164891905,NA,NA,NA,NA
S4_180433531,4,180433531,NA,NA,NA,NA
S1_172880466,1,172880466,NA,NA,NA,NA
S1_278504680,1,278504680,NA,NA,NA,NA
S1_248615699,1,248615699,NA,NA,NA,NA
S8_140093902,8,140093902,NA,NA,NA,NA
S8_141912350,8,141912350,NA,NA,NA,NA
S5_5901125,5,5901125,NA,NA,NA,NA
S2_203517732,2,203517732,NA,NA,NA,NA
S3_24356660,3,24356660,NA,NA,NA,NA
S1_280344385,1,280344385,NA,NA,NA,NA
S2_214923533,2,214923533,NA,NA,NA,NA
S5_57432784,5,57432784,NA,NA,NA,NA
S1_221369990,1,221369990,NA,NA,NA,NA
S1_221369991,1,221369991,NA,NA,NA,NA
S1_221369992,1,221369992,NA,NA,NA,NA
S1_221369995,1,221369995,NA,NA,NA,NA
S1_221369997,1,221369997,NA,NA,NA,NA
S6_155635734,6,155635734,NA,NA,NA,NA
S2_174099307,2,174099307,NA,NA,NA,NA
S2_109577986,2,109577986,NA,NA,NA,NA
S4_162565473,4,162565473,NA,NA,NA,NA
S3_18025495,3,18025495,NA,NA,NA,NA
S3_217098684,3,217098684,NA,NA,NA,NA
S3_6677098,3,6677098,NA,NA,NA,NA
S8_169862539,8,169862539,NA,NA,NA,NA
S6_155634322,6,155634322,NA,NA,NA,NA
S3_98195087,3,98195087,NA,NA,NA,NA
S5_10417920,5,10417920,NA,NA,NA,NA
S10_126531939,10,126531939,NA,NA,NA,NA
S3_39471169,3,39471169,NA,NA,NA,NA
S3_135309443,3,135309443,NA,NA,NA,NA
S1_277383262,1,277383262,NA,NA,NA,NA
S8_145842405,8,145842405,NA,NA,NA,NA
S8_109378641,8,109378641,NA,NA,NA,NA
S7_16098026,7,16098026,NA,NA,NA,NA
S4_159871364,4,159871364,NA,NA,NA,NA
S5_188779691,5,188779691,NA,NA,NA,NA
S10_147888166,10,147888166,NA,NA,NA,NA
S8_131042192,8,131042192,NA,NA,NA,NA
S6_150736345,6,150736345,NA,NA,NA,NA
S7_155226036,7,155226036,NA,NA,NA,NA
S4_235458064,4,235458064,NA,NA,NA,NA
S7_147582172,7,147582172,NA,NA,NA,NA
S3_178326842,3,178326842,NA,NA,NA,NA
S4_198769482,4,198769482,NA,NA,NA,NA
S9_22101536,9,22101536,NA,NA,NA,NA
S9_22101563,9,22101563,NA,NA,NA,NA
S2_6004816,2,6004816,NA,NA,NA,NA
S8_68086571,8,68086571,NA,NA,NA,NA
S8_84985994,8,84985994,NA,NA,NA,NA
S5_213178649,5,213178649,NA,NA,NA,NA
S5_213178650,5,213178650,NA,NA,NA,NA
S5_21306962,5,21306962,NA,NA,NA,NA
S2_213162619,2,213162619,NA,NA,NA,NA
S2_213162646,2,213162646,NA,NA,NA,NA
S4_238057669,4,238057669,NA,NA,NA,NA
S5_53535079,5,53535079,NA,NA,NA,NA
S8_121890400,8,121890400,NA,NA,NA,NA
S10_109714040,10,109714040,NA,NA,NA,NA
S10_109714054,10,109714054,NA,NA,NA,NA
S7_148595426,7,148595426,NA,NA,NA,NA
S1_286529441,1,286529441,NA,NA,NA,NA
S7_76576509,7,76576509,NA,NA,NA,NA
S1_139791465,1,139791465,NA,NA,NA,NA
S5_13798304,5,13798304,NA,NA,NA,NA
S5_13798331,5,13798331,NA,NA,NA,NA
S5_13798333,5,13798333,NA,NA,NA,NA
S1_82154510,1,82154510,NA,NA,NA,NA
S2_22949134,2,22949134,NA,NA,NA,NA
S5_10213553,5,10213553,NA,NA,NA,NA
S9_122035011,9,122035011,NA,NA,NA,NA
S9_122035013,9,122035013,NA,NA,NA,NA
S3_122512497,3,122512497,NA,NA,NA,NA
S1_162160469,1,162160469,NA,NA,NA,NA
S1_271315186,1,271315186,NA,NA,NA,NA
S2_210978662,2,210978662,NA,NA,NA,NA
S1_209126434,1,209126434,NA,NA,NA,NA
S1_209126436,1,209126436,NA,NA,NA,NA
S1_209126437,1,209126437,NA,NA,NA,NA
S1_209126453,1,209126453,NA,NA,NA,NA
S1_197058994,1,197058994,NA,NA,NA,NA
S8_69054762,8,69054762,NA,NA,NA,NA
S8_69054803,8,69054803,NA,NA,NA,NA
S8_69054804,8,69054804,NA,NA,NA,NA
S3_164971697,3,164971697,NA,NA,NA,NA
S5_18704391,5,18704391,NA,NA,NA,NA
S1_7299697,1,7299697,NA,NA,NA,NA
S5_144812971,5,144812971,NA,NA,NA,NA
S10_81181530,10,81181530,NA,NA,NA,NA
S7_17180561,7,17180561,NA,NA,NA,NA
S1_260517354,1,260517354,NA,NA,NA,NA
S1_238464323,1,238464323,NA,NA,NA,NA
S7_157098884,7,157098884,NA,NA,NA,NA
S6_107627629,6,107627629,NA,NA,NA,NA
S5_205839421,5,205839421,NA,NA,NA,NA
S1_96623540,1,96623540,NA,NA,NA,NA
S10_81535696,10,81535696,NA,NA,NA,NA
S7_108535080,7,108535080,NA,NA,NA,NA
S2_64232874,2,64232874,NA,NA,NA,NA
S3_5986750,3,5986750,NA,NA,NA,NA
S9_139985351,9,139985351,NA,NA,NA,NA
S2_1563683,2,1563683,NA,NA,NA,NA
S4_226458743,4,226458743,NA,NA,NA,NA
S4_177348920,4,177348920,NA,NA,NA,NA
S3_3716279,3,3716279,NA,NA,NA,NA
S5_205369987,5,205369987,NA,NA,NA,NA
S1_107301333,1,107301333,NA,NA,NA,NA
S1_107301338,1,107301338,NA,NA,NA,NA
S6_164775947,6,164775947,NA,NA,NA,NA
S6_130409924,6,130409924,NA,NA,NA,NA
S9_58451386,9,58451386,NA,NA,NA,NA
S7_120721154,7,120721154,NA,NA,NA,NA
S4_233992886,4,233992886,NA,NA,NA,NA
S4_31309156,4,31309156,NA,NA,NA,NA
S2_194158402,2,194158402,NA,NA,NA,NA
S3_152498220,3,152498220,NA,NA,NA,NA
S1_184651538,1,184651538,NA,NA,NA,NA
S5_13180675,5,13180675,NA,NA,NA,NA
S9_130489307,9,130489307,NA,NA,NA,NA
S10_112284209,10,112284209,NA,NA,NA,NA
S8_145141095,8,145141095,NA,NA,NA,NA
S8_145141098,8,145141098,NA,NA,NA,NA
S7_165158194,7,165158194,NA,NA,NA,NA
S9_111117711,9,111117711,NA,NA,NA,NA
S1_56558621,1,56558621,NA,NA,NA,NA
S1_189771455,1,189771455,NA,NA,NA,NA
S4_189815362,4,189815362,NA,NA,NA,NA
S5_166930455,5,166930455,NA,NA,NA,NA
S2_202644205,2,202644205,NA,NA,NA,NA
S6_165811485,6,165811485,NA,NA,NA,NA
S1_170473407,1,170473407,NA,NA,NA,NA
S1_170473417,1,170473417,NA,NA,NA,NA
S5_8617885,5,8617885,NA,NA,NA,NA
S4_27452829,4,27452829,NA,NA,NA,NA
S8_12273955,8,12273955,NA,NA,NA,NA
S9_137258316,9,137258316,NA,NA,NA,NA
S10_120535574,10,120535574,NA,NA,NA,NA
S1_40917760,1,40917760,NA,NA,NA,NA
S6_96329779,6,96329779,NA,NA,NA,NA
S9_154025180,9,154025180,NA,NA,NA,NA
S10_74809561,10,74809561,NA,NA,NA,NA
S10_99206553,10,99206553,NA,NA,NA,NA
S7_163987635,7,163987635,NA,NA,NA,NA
S6_98355728,6,98355728,NA,NA,NA,NA
S6_98355757,6,98355757,NA,NA,NA,NA
S6_128798937,6,128798937,NA,NA,NA,NA
S1_17494038,1,17494038,NA,NA,NA,NA
S9_19798961,9,19798961,NA,NA,NA,NA
S1_79707277,1,79707277,NA,NA,NA,NA
S1_79707307,1,79707307,NA,NA,NA,NA
S4_236882719,4,236882719,NA,NA,NA,NA
S5_4945572,5,4945572,NA,NA,NA,NA
S5_4945576,5,4945576,NA,NA,NA,NA
S3_218835960,3,218835960,NA,NA,NA,NA
S9_151147462,9,151147462,NA,NA,NA,NA
S1_287728702,1,287728702,NA,NA,NA,NA
S1_209790211,1,209790211,NA,NA,NA,NA
S5_181588695,5,181588695,NA,NA,NA,NA
S7_4111903,7,4111903,NA,NA,NA,NA
S5_203037677,5,203037677,NA,NA,NA,NA
S1_282788428,1,282788428,NA,NA,NA,NA
S10_9585681,10,9585681,NA,NA,NA,NA
S1_12256417,1,12256417,NA,NA,NA,NA
S8_174273181,8,174273181,NA,NA,NA,NA
S10_113710742,10,113710742,NA,NA,NA,NA
S8_163293083,8,163293083,NA,NA,NA,NA
S8_163293102,8,163293102,NA,NA,NA,NA
S3_208537409,3,208537409,NA,NA,NA,NA
S6_85588171,6,85588171,NA,NA,NA,NA
S5_200650429,5,200650429,NA,NA,NA,NA
S2_233756429,2,233756429,NA,NA,NA,NA
S10_148991760,10,148991760,NA,NA,NA,NA
S5_32798037,5,32798037,NA,NA,NA,NA
S2_127825850,2,127825850,NA,NA,NA,NA
S2_127825872,2,127825872,NA,NA,NA,NA
S2_127825884,2,127825884,NA,NA,NA,NA
S1_261412168,1,261412168,NA,NA,NA,NA
S3_173521264,3,173521264,NA,NA,NA,NA
S7_103879897,7,103879897,NA,NA,NA,NA
S10_58393615,10,58393615,NA,NA,NA,NA
S5_60775444,5,60775444,NA,NA,NA,NA
S3_191080576,3,191080576,NA,NA,NA,NA
S5_3428377,5,3428377,NA,NA,NA,NA
S4_174010989,4,174010989,NA,NA,NA,NA
S8_13175828,8,13175828,NA,NA,NA,NA
S8_13175869,8,13175869,NA,NA,NA,NA
S8_147097707,8,147097707,NA,NA,NA,NA
S1_261662639,1,261662639,NA,NA,NA,NA
S8_93494929,8,93494929,NA,NA,NA,NA
S10_81535693,10,81535693,NA,NA,NA,NA
S8_167471340,8,167471340,NA,NA,NA,NA
S2_78699661,2,78699661,NA,NA,NA,NA
S1_15779616,1,15779616,NA,NA,NA,NA
S1_9957099,1,9957099,NA,NA,NA,NA
S9_147139412,9,147139412,NA,NA,NA,NA
S6_115574647,6,115574647,NA,NA,NA,NA
S10_2780682,10,2780682,NA,NA,NA,NA
S5_24863658,5,24863658,NA,NA,NA,NA
S1_26827078,1,26827078,NA,NA,NA,NA
S9_103248270,9,103248270,NA,NA,NA,NA
S5_206920232,5,206920232,NA,NA,NA,NA
S10_23357528,10,23357528,NA,NA,NA,NA
S10_69602226,10,69602226,NA,NA,NA,NA
S3_108514933,3,108514933,NA,NA,NA,NA
S9_92345469,9,92345469,NA,NA,NA,NA
S6_141041396,6,141041396,NA,NA,NA,NA
S9_56424637,9,56424637,NA,NA,NA,NA
S8_164932830,8,164932830,NA,NA,NA,NA
S5_142579497,5,142579497,NA,NA,NA,NA
S3_222412304,3,222412304,NA,NA,NA,NA
S1_81920687,1,81920687,NA,NA,NA,NA
S8_160298483,8,160298483,NA,NA,NA,NA
S4_197820057,4,197820057,NA,NA,NA,NA
S2_127537191,2,127537191,NA,NA,NA,NA
S10_145200614,10,145200614,NA,NA,NA,NA
S1_15353866,1,15353866,NA,NA,NA,NA
S1_161616170,1,161616170,NA,NA,NA,NA
S5_214431497,5,214431497,NA,NA,NA,NA
S6_138185347,6,138185347,NA,NA,NA,NA
S4_173001198,4,173001198,NA,NA,NA,NA
S4_151684499,4,151684499,NA,NA,NA,NA
S7_41490453,7,41490453,NA,NA,NA,NA
S7_41490485,7,41490485,NA,NA,NA,NA
S1_23563912,1,23563912,NA,NA,NA,NA
S3_90147946,3,90147946,NA,NA,NA,NA
S3_90147952,3,90147952,NA,NA,NA,NA
S10_143059012,10,143059012,NA,NA,NA,NA
S8_170709637,8,170709637,NA,NA,NA,NA
S2_14836667,2,14836667,NA,NA,NA,NA
S6_32468380,6,32468380,NA,NA,NA,NA
S8_81160136,8,81160136,NA,NA,NA,NA
S3_213547611,3,213547611,NA,NA,NA,NA
S9_114961875,9,114961875,NA,NA,NA,NA
S10_148096273,10,148096273,NA,NA,NA,NA
S1_104813558,1,104813558,NA,NA,NA,NA
S7_157387736,7,157387736,NA,NA,NA,NA
S6_155739471,6,155739471,NA,NA,NA,NA
S5_6328140,5,6328140,NA,NA,NA,NA
S2_212528145,2,212528145,NA,NA,NA,NA
S10_114811789,10,114811789,NA,NA,NA,NA
S4_238437896,4,238437896,NA,NA,NA,NA
S6_88911236,6,88911236,NA,NA,NA,NA
S6_88911241,6,88911241,NA,NA,NA,NA
S6_88911242,6,88911242,NA,NA,NA,NA
S6_78099112,6,78099112,NA,NA,NA,NA
S5_182519148,5,182519148,NA,NA,NA,NA
S2_225537282,2,225537282,NA,NA,NA,NA
S5_1686309,5,1686309,NA,NA,NA,NA
S4_15690198,4,15690198,NA,NA,NA,NA
S6_86335287,6,86335287,NA,NA,NA,NA
S8_151257047,8,151257047,NA,NA,NA,NA
S7_98114467,7,98114467,NA,NA,NA,NA
S1_36915629,1,36915629,NA,NA,NA,NA
S3_48956827,3,48956827,NA,NA,NA,NA
S4_162342548,4,162342548,NA,NA,NA,NA
S3_22613548,3,22613548,NA,NA,NA,NA
S9_133313018,9,133313018,NA,NA,NA,NA
S2_70285649,2,70285649,NA,NA,NA,NA
S8_20529129,8,20529129,NA,NA,NA,NA
S5_204812896,5,204812896,NA,NA,NA,NA
S6_111899797,6,111899797,NA,NA,NA,NA
S4_217413418,4,217413418,NA,NA,NA,NA
S1_29258794,1,29258794,NA,NA,NA,NA
S1_29258795,1,29258795,NA,NA,NA,NA
S1_29258797,1,29258797,NA,NA,NA,NA
S1_148575227,1,148575227,NA,NA,NA,NA
S1_148575236,1,148575236,NA,NA,NA,NA
S1_148575243,1,148575243,NA,NA,NA,NA
S1_148575254,1,148575254,NA,NA,NA,NA
S10_83692744,10,83692744,NA,NA,NA,NA
S10_130145033,10,130145033,NA,NA,NA,NA
S6_150802426,6,150802426,NA,NA,NA,NA
S3_27552591,3,27552591,NA,NA,NA,NA
S3_2878778,3,2878778,NA,NA,NA,NA
S1_273445809,1,273445809,NA,NA,NA,NA
S3_175937356,3,175937356,NA,NA,NA,NA
S3_170126865,3,170126865,NA,NA,NA,NA
S4_181349046,4,181349046,NA,NA,NA,NA
S3_158525341,3,158525341,NA,NA,NA,NA
S3_158525361,3,158525361,NA,NA,NA,NA
S5_4303236,5,4303236,NA,NA,NA,NA
S8_65098483,8,65098483,NA,NA,NA,NA
S5_107282228,5,107282228,NA,NA,NA,NA
S5_208988343,5,208988343,NA,NA,NA,NA
S1_258875032,1,258875032,NA,NA,NA,NA
S1_100824554,1,100824554,NA,NA,NA,NA
S2_38977692,2,38977692,NA,NA,NA,NA
S9_18702410,9,18702410,NA,NA,NA,NA
S3_170535865,3,170535865,NA,NA,NA,NA
S1_299196935,1,299196935,NA,NA,NA,NA
S1_9301439,1,9301439,NA,NA,NA,NA
S8_146060474,8,146060474,NA,NA,NA,NA
S1_242710175,1,242710175,NA,NA,NA,NA
S2_214672234,2,214672234,NA,NA,NA,NA
S5_1229507,5,1229507,NA,NA,NA,NA
S1_21712015,1,21712015,NA,NA,NA,NA
S6_58870064,6,58870064,NA,NA,NA,NA
S1_95858528,1,95858528,NA,NA,NA,NA
S4_235381685,4,235381685,NA,NA,NA,NA
S7_131443244,7,131443244,NA,NA,NA,NA
S6_74070669,6,74070669,NA,NA,NA,NA
S5_12387399,5,12387399,NA,NA,NA,NA
S7_18230634,7,18230634,NA,NA,NA,NA
S6_94700337,6,94700337,NA,NA,NA,NA
S1_62438566,1,62438566,NA,NA,NA,NA
S3_19940386,3,19940386,NA,NA,NA,NA
S2_49513255,2,49513255,NA,NA,NA,NA
S1_278451254,1,278451254,NA,NA,NA,NA
S9_153674140,9,153674140,NA,NA,NA,NA
S9_153674141,9,153674141,NA,NA,NA,NA
S1_206123553,1,206123553,NA,NA,NA,NA
S2_9009253,2,9009253,NA,NA,NA,NA
S2_198436704,2,198436704,NA,NA,NA,NA
S5_40952227,5,40952227,NA,NA,NA,NA
S7_174996328,7,174996328,NA,NA,NA,NA
S10_125973286,10,125973286,NA,NA,NA,NA
S1_12727343,1,12727343,NA,NA,NA,NA
S5_1319817,5,1319817,NA,NA,NA,NA
S5_214649725,5,214649725,NA,NA,NA,NA
S5_76635619,5,76635619,NA,NA,NA,NA
S8_137406097,8,137406097,NA,NA,NA,NA
S7_156476037,7,156476037,NA,NA,NA,NA
S9_133213253,9,133213253,NA,NA,NA,NA
S9_133213255,9,133213255,NA,NA,NA,NA
S1_221369899,1,221369899,NA,NA,NA,NA
S9_26961203,9,26961203,NA,NA,NA,NA
S2_9920734,2,9920734,NA,NA,NA,NA
S3_201194856,3,201194856,NA,NA,NA,NA
S3_167009203,3,167009203,NA,NA,NA,NA
S3_167009208,3,167009208,NA,NA,NA,NA
S5_196142106,5,196142106,NA,NA,NA,NA
S5_196142108,5,196142108,NA,NA,NA,NA
S4_144043686,4,144043686,NA,NA,NA,NA
S4_52095744,4,52095744,NA,NA,NA,NA
S6_38064817,6,38064817,NA,NA,NA,NA
S7_167343416,7,167343416,NA,NA,NA,NA
S7_167343417,7,167343417,NA,NA,NA,NA
S1_54188630,1,54188630,NA,NA,NA,NA
S9_101690403,9,101690403,NA,NA,NA,NA
S2_67845427,2,67845427,NA,NA,NA,NA
S2_67845428,2,67845428,NA,NA,NA,NA
S7_75744923,7,75744923,NA,NA,NA,NA
S6_143128749,6,143128749,NA,NA,NA,NA
S7_172123638,7,172123638,NA,NA,NA,NA
S1_80620255,1,80620255,NA,NA,NA,NA
S5_38928124,5,38928124,NA,NA,NA,NA
S2_88374633,2,88374633,NA,NA,NA,NA
S4_225732558,4,225732558,NA,NA,NA,NA
S10_124333365,10,124333365,NA,NA,NA,NA
S10_146165272,10,146165272,NA,NA,NA,NA
S3_159377891,3,159377891,NA,NA,NA,NA
S1_296768174,1,296768174,NA,NA,NA,NA
S5_8350170,5,8350170,NA,NA,NA,NA
S3_84006662,3,84006662,NA,NA,NA,NA
S2_27000068,2,27000068,NA,NA,NA,NA
S1_35936856,1,35936856,NA,NA,NA,NA
S10_143169816,10,143169816,NA,NA,NA,NA
S7_39137547,7,39137547,NA,NA,NA,NA
S2_168981672,2,168981672,NA,NA,NA,NA
S8_145619837,8,145619837,NA,NA,NA,NA
S8_164039697,8,164039697,NA,NA,NA,NA
S8_68087380,8,68087380,NA,NA,NA,NA
S2_41028509,2,41028509,NA,NA,NA,NA
S8_157883138,8,157883138,NA,NA,NA,NA
S5_9090594,5,9090594,NA,NA,NA,NA
S3_205804765,3,205804765,NA,NA,NA,NA
S4_2072597,4,2072597,NA,NA,NA,NA
S7_82649117,7,82649117,NA,NA,NA,NA
S7_142904226,7,142904226,NA,NA,NA,NA
S8_106854886,8,106854886,NA,NA,NA,NA
S10_127366696,10,127366696,NA,NA,NA,NA
S8_27116924,8,27116924,NA,NA,NA,NA
S1_233555678,1,233555678,NA,NA,NA,NA
S1_201485064,1,201485064,NA,NA,NA,NA
S5_6328214,5,6328214,NA,NA,NA,NA
S2_209278338,2,209278338,NA,NA,NA,NA
S2_209278339,2,209278339,NA,NA,NA,NA
S5_208961565,5,208961565,NA,NA,NA,NA
S5_208961606,5,208961606,NA,NA,NA,NA
S2_13352082,2,13352082,NA,NA,NA,NA
S1_286400085,1,286400085,NA,NA,NA,NA
S6_63964166,6,63964166,NA,NA,NA,NA
S5_183368527,5,183368527,NA,NA,NA,NA
S4_198085725,4,198085725,NA,NA,NA,NA
S4_171375071,4,171375071,NA,NA,NA,NA
S4_35102099,4,35102099,NA,NA,NA,NA
S4_35102125,4,35102125,NA,NA,NA,NA
S5_207127752,5,207127752,NA,NA,NA,NA
S6_150368524,6,150368524,NA,NA,NA,NA
S6_150368529,6,150368529,NA,NA,NA,NA
S6_150368530,6,150368530,NA,NA,NA,NA
S1_276120043,1,276120043,NA,NA,NA,NA
S8_166675138,8,166675138,NA,NA,NA,NA
S2_155874298,2,155874298,NA,NA,NA,NA
S3_182077804,3,182077804,NA,NA,NA,NA
S10_60535792,10,60535792,NA,NA,NA,NA
S6_167436380,6,167436380,NA,NA,NA,NA
S6_167436381,6,167436381,NA,NA,NA,NA
S1_148515456,1,148515456,NA,NA,NA,NA
S10_80042615,10,80042615,NA,NA,NA,NA
S1_293410544,1,293410544,NA,NA,NA,NA
S1_293410568,1,293410568,NA,NA,NA,NA
S4_232850841,4,232850841,NA,NA,NA,NA
S4_232850843,4,232850843,NA,NA,NA,NA
S2_214298808,2,214298808,NA,NA,NA,NA
S2_214298810,2,214298810,NA,NA,NA,NA
S9_149382366,9,149382366,NA,NA,NA,NA
S5_61671700,5,61671700,NA,NA,NA,NA
S1_281334041,1,281334041,NA,NA,NA,NA
S1_281334086,1,281334086,NA,NA,NA,NA
S9_151302774,9,151302774,NA,NA,NA,NA
S3_172458110,3,172458110,NA,NA,NA,NA
S5_36954662,5,36954662,NA,NA,NA,NA
S4_152525153,4,152525153,NA,NA,NA,NA
S4_153838281,4,153838281,NA,NA,NA,NA
S1_86158591,1,86158591,NA,NA,NA,NA
S9_122035198,9,122035198,NA,NA,NA,NA
S9_122035221,9,122035221,NA,NA,NA,NA
S8_22842828,8,22842828,NA,NA,NA,NA
S8_171149607,8,171149607,NA,NA,NA,NA
S6_108262465,6,108262465,NA,NA,NA,NA
S7_160150569,7,160150569,NA,NA,NA,NA
S10_143058883,10,143058883,NA,NA,NA,NA
S3_19528652,3,19528652,NA,NA,NA,NA
S7_27764649,7,27764649,NA,NA,NA,NA
S9_13448603,9,13448603,NA,NA,NA,NA
S8_5160772,8,5160772,NA,NA,NA,NA
S4_234342416,4,234342416,NA,NA,NA,NA
S8_14551556,8,14551556,NA,NA,NA,NA
S4_224049566,4,224049566,NA,NA,NA,NA
S3_93986018,3,93986018,NA,NA,NA,NA
S9_97983854,9,97983854,NA,NA,NA,NA
S9_97983875,9,97983875,NA,NA,NA,NA
S3_93088704,3,93088704,NA,NA,NA,NA
S5_27055853,5,27055853,NA,NA,NA,NA
S1_272348203,1,272348203,NA,NA,NA,NA
S2_233793989,2,233793989,NA,NA,NA,NA
S9_147513445,9,147513445,NA,NA,NA,NA
S1_226026040,1,226026040,NA,NA,NA,NA
S4_201462836,4,201462836,NA,NA,NA,NA
S3_178410152,3,178410152,NA,NA,NA,NA
S2_1265060,2,1265060,NA,NA,NA,NA
S3_148291047,3,148291047,NA,NA,NA,NA
S7_155071717,7,155071717,NA,NA,NA,NA
S7_173746141,7,173746141,NA,NA,NA,NA
S3_157053673,3,157053673,NA,NA,NA,NA
S8_171583294,8,171583294,NA,NA,NA,NA
S8_139136031,8,139136031,NA,NA,NA,NA
S7_125102921,7,125102921,NA,NA,NA,NA
S9_155181213,9,155181213,NA,NA,NA,NA
S10_139001522,10,139001522,NA,NA,NA,NA
S10_139001541,10,139001541,NA,NA,NA,NA
S7_126642295,7,126642295,NA,NA,NA,NA
S3_1975939,3,1975939,NA,NA,NA,NA
S6_161530072,6,161530072,NA,NA,NA,NA
S10_147122615,10,147122615,NA,NA,NA,NA
S4_173308549,4,173308549,NA,NA,NA,NA
S1_203647989,1,203647989,NA,NA,NA,NA
S1_203648009,1,203648009,NA,NA,NA,NA
S1_82911955,1,82911955,NA,NA,NA,NA
S8_132308822,8,132308822,NA,NA,NA,NA
S5_27945784,5,27945784,NA,NA,NA,NA
S3_48956751,3,48956751,NA,NA,NA,NA
S1_50631071,1,50631071,NA,NA,NA,NA
S7_5523274,7,5523274,NA,NA,NA,NA
S7_5523284,7,5523284,NA,NA,NA,NA
S1_199640287,1,199640287,NA,NA,NA,NA
S1_199737680,1,199737680,NA,NA,NA,NA
S9_57012908,9,57012908,NA,NA,NA,NA
S2_3975041,2,3975041,NA,NA,NA,NA
S9_38906741,9,38906741,NA,NA,NA,NA
S9_140023927,9,140023927,NA,NA,NA,NA
S6_164729973,6,164729973,NA,NA,NA,NA
S7_162710225,7,162710225,NA,NA,NA,NA
S2_48178076,2,48178076,NA,NA,NA,NA
S8_97635,8,97635,NA,NA,NA,NA
S6_88911237,6,88911237,NA,NA,NA,NA
S7_9100760,7,9100760,NA,NA,NA,NA
S5_20988147,5,20988147,NA,NA,NA,NA
S5_53078437,5,53078437,NA,NA,NA,NA
S3_152498239,3,152498239,NA,NA,NA,NA
S3_152498254,3,152498254,NA,NA,NA,NA
S3_9421672,3,9421672,NA,NA,NA,NA
S3_22819823,3,22819823,NA,NA,NA,NA
S8_12610650,8,12610650,NA,NA,NA,NA
S1_30042877,1,30042877,NA,NA,NA,NA
S6_110284513,6,110284513,NA,NA,NA,NA
S5_178829542,5,178829542,NA,NA,NA,NA
S9_145177205,9,145177205,NA,NA,NA,NA
S9_106201498,9,106201498,NA,NA,NA,NA
S3_138645220,3,138645220,NA,NA,NA,NA
S9_153415792,9,153415792,NA,NA,NA,NA
S9_142643675,9,142643675,NA,NA,NA,NA
S8_155533143,8,155533143,NA,NA,NA,NA
S2_29665467,2,29665467,NA,NA,NA,NA
S6_106352314,6,106352314,NA,NA,NA,NA
S10_7121275,10,7121275,NA,NA,NA,NA
S7_108535010,7,108535010,NA,NA,NA,NA
S3_170370255,3,170370255,NA,NA,NA,NA
S4_228623091,4,228623091,NA,NA,NA,NA
S6_112434447,6,112434447,NA,NA,NA,NA
S10_102876159,10,102876159,NA,NA,NA,NA
S7_162762681,7,162762681,NA,NA,NA,NA
S3_155177199,3,155177199,NA,NA,NA,NA
S2_36844782,2,36844782,NA,NA,NA,NA
S3_223961698,3,223961698,NA,NA,NA,NA
S3_223961710,3,223961710,NA,NA,NA,NA
S10_140162595,10,140162595,NA,NA,NA,NA
S10_140162611,10,140162611,NA,NA,NA,NA
S10_140162637,10,140162637,NA,NA,NA,NA
S9_147981866,9,147981866,NA,NA,NA,NA
S8_86403124,8,86403124,NA,NA,NA,NA
S5_89288232,5,89288232,NA,NA,NA,NA
S1_110987743,1,110987743,NA,NA,NA,NA
S8_21615272,8,21615272,NA,NA,NA,NA
S3_9803059,3,9803059,NA,NA,NA,NA
S3_9803062,3,9803062,NA,NA,NA,NA
S7_141901760,7,141901760,NA,NA,NA,NA
S4_48459962,4,48459962,NA,NA,NA,NA
S5_165158595,5,165158595,NA,NA,NA,NA
S3_214830256,3,214830256,NA,NA,NA,NA
S4_35552214,4,35552214,NA,NA,NA,NA
S3_92263285,3,92263285,NA,NA,NA,NA
S3_110459526,3,110459526,NA,NA,NA,NA
S3_110459562,3,110459562,NA,NA,NA,NA
S1_14166639,1,14166639,NA,NA,NA,NA
S3_19655025,3,19655025,NA,NA,NA,NA
S5_2269815,5,2269815,NA,NA,NA,NA
S9_17019933,9,17019933,NA,NA,NA,NA
S9_17019939,9,17019939,NA,NA,NA,NA
S2_54484574,2,54484574,NA,NA,NA,NA
S10_9598216,10,9598216,NA,NA,NA,NA
S5_155526338,5,155526338,NA,NA,NA,NA
S7_154702412,7,154702412,NA,NA,NA,NA
S1_22641998,1,22641998,NA,NA,NA,NA
S1_33842113,1,33842113,NA,NA,NA,NA
S1_33842114,1,33842114,NA,NA,NA,NA
S1_33842115,1,33842115,NA,NA,NA,NA
S3_2083334,3,2083334,NA,NA,NA,NA
S1_188181406,1,188181406,NA,NA,NA,NA
S4_166866461,4,166866461,NA,NA,NA,NA
S5_143009518,5,143009518,NA,NA,NA,NA
S6_164149198,6,164149198,NA,NA,NA,NA
S7_167348091,7,167348091,NA,NA,NA,NA
S5_207660256,5,207660256,NA,NA,NA,NA
S2_37049502,2,37049502,NA,NA,NA,NA
S9_2711831,9,2711831,NA,NA,NA,NA
S3_210537583,3,210537583,NA,NA,NA,NA
S5_5749933,5,5749933,NA,NA,NA,NA
S2_21595636,2,21595636,NA,NA,NA,NA
S2_21595638,2,21595638,NA,NA,NA,NA
S6_157028728,6,157028728,NA,NA,NA,NA
S6_157028733,6,157028733,NA,NA,NA,NA
S5_159164098,5,159164098,NA,NA,NA,NA
S1_102949954,1,102949954,NA,NA,NA,NA
S2_120689623,2,120689623,NA,NA,NA,NA
S1_47906375,1,47906375,NA,NA,NA,NA
S2_158834294,2,158834294,NA,NA,NA,NA
S5_142257134,5,142257134,NA,NA,NA,NA
S3_147407302,3,147407302,NA,NA,NA,NA
S9_20155515,9,20155515,NA,NA,NA,NA
S1_43140131,1,43140131,NA,NA,NA,NA
S4_124233956,4,124233956,NA,NA,NA,NA
S3_138124308,3,138124308,NA,NA,NA,NA
S4_237268481,4,237268481,NA,NA,NA,NA
S6_164775834,6,164775834,NA,NA,NA,NA
S6_3428656,6,3428656,NA,NA,NA,NA
S8_96269762,8,96269762,NA,NA,NA,NA
S7_143425763,7,143425763,NA,NA,NA,NA
S1_251379203,1,251379203,NA,NA,NA,NA
S8_164750140,8,164750140,NA,NA,NA,NA
S9_81640572,9,81640572,NA,NA,NA,NA
S9_12721563,9,12721563,NA,NA,NA,NA
S7_8467049,7,8467049,NA,NA,NA,NA
S1_263223270,1,263223270,NA,NA,NA,NA
S2_233633081,2,233633081,NA,NA,NA,NA
S10_114190227,10,114190227,NA,NA,NA,NA
S10_137903207,10,137903207,NA,NA,NA,NA
S10_8761545,10,8761545,NA,NA,NA,NA
S10_127362428,10,127362428,NA,NA,NA,NA
S10_127362430,10,127362430,NA,NA,NA,NA
S1_234771025,1,234771025,NA,NA,NA,NA
S9_19928494,9,19928494,NA,NA,NA,NA
S2_160798374,2,160798374,NA,NA,NA,NA
S6_122264463,6,122264463,NA,NA,NA,NA
S6_122264468,6,122264468,NA,NA,NA,NA
S7_170989989,7,170989989,NA,NA,NA,NA
S8_29613852,8,29613852,NA,NA,NA,NA
S7_141887635,7,141887635,NA,NA,NA,NA
S1_229865007,1,229865007,NA,NA,NA,NA
S1_229865008,1,229865008,NA,NA,NA,NA
S7_168391484,7,168391484,NA,NA,NA,NA
S4_2855447,4,2855447,NA,NA,NA,NA
S2_9503992,2,9503992,NA,NA,NA,NA
S4_72286917,4,72286917,NA,NA,NA,NA
S10_61493343,10,61493343,NA,NA,NA,NA
S10_61493347,10,61493347,NA,NA,NA,NA
S3_152173818,3,152173818,NA,NA,NA,NA
S6_161895100,6,161895100,NA,NA,NA,NA
S8_145683703,8,145683703,NA,NA,NA,NA
S1_119551241,1,119551241,NA,NA,NA,NA
S5_53397906,5,53397906,NA,NA,NA,NA
S8_163548992,8,163548992,NA,NA,NA,NA
S6_4885664,6,4885664,NA,NA,NA,NA
S5_172392426,5,172392426,NA,NA,NA,NA
S3_189538194,3,189538194,NA,NA,NA,NA
S10_129511681,10,129511681,NA,NA,NA,NA
S7_13980470,7,13980470,NA,NA,NA,NA
S1_89236468,1,89236468,NA,NA,NA,NA
S5_15701309,5,15701309,NA,NA,NA,NA
S3_167051984,3,167051984,NA,NA,NA,NA
S9_146475773,9,146475773,NA,NA,NA,NA
S5_6371305,5,6371305,NA,NA,NA,NA
S2_4514083,2,4514083,NA,NA,NA,NA
S3_152494431,3,152494431,NA,NA,NA,NA
S4_169802252,4,169802252,NA,NA,NA,NA
S8_150448736,8,150448736,NA,NA,NA,NA
S9_2275468,9,2275468,NA,NA,NA,NA
S6_158282788,6,158282788,NA,NA,NA,NA
S3_197322289,3,197322289,NA,NA,NA,NA
S3_36308124,3,36308124,NA,NA,NA,NA
S2_27560853,2,27560853,NA,NA,NA,NA
S6_93211925,6,93211925,NA,NA,NA,NA
S10_6135011,10,6135011,NA,NA,NA,NA
S5_200907520,5,200907520,NA,NA,NA,NA
S1_206424272,1,206424272,NA,NA,NA,NA
S10_142413160,10,142413160,NA,NA,NA,NA
S5_37842750,5,37842750,NA,NA,NA,NA
S5_37842784,5,37842784,NA,NA,NA,NA
S5_129184377,5,129184377,NA,NA,NA,NA
S3_64615629,3,64615629,NA,NA,NA,NA
S6_71235117,6,71235117,NA,NA,NA,NA
S5_6315463,5,6315463,NA,NA,NA,NA
S1_187979202,1,187979202,NA,NA,NA,NA
S1_288697529,1,288697529,NA,NA,NA,NA
S7_97622837,7,97622837,NA,NA,NA,NA
S9_13662470,9,13662470,NA,NA,NA,NA
S1_16821037,1,16821037,NA,NA,NA,NA
S1_198934271,1,198934271,NA,NA,NA,NA
S8_100398676,8,100398676,NA,NA,NA,NA
S7_169257091,7,169257091,NA,NA,NA,NA
S3_39195737,3,39195737,NA,NA,NA,NA
S7_140234228,7,140234228,NA,NA,NA,NA
S9_137786384,9,137786384,NA,NA,NA,NA
S6_167649400,6,167649400,NA,NA,NA,NA
S5_59808258,5,59808258,NA,NA,NA,NA
S2_208854849,2,208854849,NA,NA,NA,NA
S5_4426153,5,4426153,NA,NA,NA,NA
S1_237955987,1,237955987,NA,NA,NA,NA
S7_140713765,7,140713765,NA,NA,NA,NA
S10_144614893,10,144614893,NA,NA,NA,NA
S5_188456175,5,188456175,NA,NA,NA,NA
S1_218775732,1,218775732,NA,NA,NA,NA
S3_176677925,3,176677925,NA,NA,NA,NA
S1_176939714,1,176939714,NA,NA,NA,NA
S1_72112874,1,72112874,NA,NA,NA,NA
S7_168290364,7,168290364,NA,NA,NA,NA
S3_3119412,3,3119412,NA,NA,NA,NA
S7_3169059,7,3169059,NA,NA,NA,NA
S1_251103220,1,251103220,NA,NA,NA,NA
S5_190243524,5,190243524,NA,NA,NA,NA
S6_71618637,6,71618637,NA,NA,NA,NA
S3_196209906,3,196209906,NA,NA,NA,NA
S7_132590317,7,132590317,NA,NA,NA,NA
S2_33036006,2,33036006,NA,NA,NA,NA
S10_142966062,10,142966062,NA,NA,NA,NA
S5_69971892,5,69971892,NA,NA,NA,NA
S2_175085797,2,175085797,NA,NA,NA,NA
S2_10517396,2,10517396,NA,NA,NA,NA
S2_10517406,2,10517406,NA,NA,NA,NA
S5_60657110,5,60657110,NA,NA,NA,NA
S10_140999294,10,140999294,NA,NA,NA,NA
S3_189538188,3,189538188,NA,NA,NA,NA
S3_189538192,3,189538192,NA,NA,NA,NA
S3_181559342,3,181559342,NA,NA,NA,NA
S7_170570087,7,170570087,NA,NA,NA,NA
S4_184396335,4,184396335,NA,NA,NA,NA
S6_103130468,6,103130468,NA,NA,NA,NA
S7_161818341,7,161818341,NA,NA,NA,NA
S4_181430987,4,181430987,NA,NA,NA,NA
S3_176805458,3,176805458,NA,NA,NA,NA
S3_67169624,3,67169624,NA,NA,NA,NA
S7_173800748,7,173800748,NA,NA,NA,NA
S1_206123974,1,206123974,NA,NA,NA,NA
S5_215566712,5,215566712,NA,NA,NA,NA
S7_117848274,7,117848274,NA,NA,NA,NA
S6_72179047,6,72179047,NA,NA,NA,NA
S10_109714045,10,109714045,NA,NA,NA,NA
S8_119369548,8,119369548,NA,NA,NA,NA
S4_239488776,4,239488776,NA,NA,NA,NA
S6_72008263,6,72008263,NA,NA,NA,NA
S6_84672112,6,84672112,NA,NA,NA,NA
S6_84672159,6,84672159,NA,NA,NA,NA
S7_167099168,7,167099168,NA,NA,NA,NA
S7_29396596,7,29396596,NA,NA,NA,NA
S6_164675885,6,164675885,NA,NA,NA,NA
S2_205945146,2,205945146,NA,NA,NA,NA
S6_91851456,6,91851456,NA,NA,NA,NA
S5_7688680,5,7688680,NA,NA,NA,NA
S3_17829740,3,17829740,NA,NA,NA,NA
S1_240893350,1,240893350,NA,NA,NA,NA
S9_110928177,9,110928177,NA,NA,NA,NA
S9_110928178,9,110928178,NA,NA,NA,NA
S1_193170787,1,193170787,NA,NA,NA,NA
S8_30210116,8,30210116,NA,NA,NA,NA
S6_59409518,6,59409518,NA,NA,NA,NA
S10_103635697,10,103635697,NA,NA,NA,NA
S6_5442558,6,5442558,NA,NA,NA,NA
S2_12112194,2,12112194,NA,NA,NA,NA
S10_92033761,10,92033761,NA,NA,NA,NA
S5_87035758,5,87035758,NA,NA,NA,NA
S9_155718419,9,155718419,NA,NA,NA,NA
S3_169730064,3,169730064,NA,NA,NA,NA
S7_60252955,7,60252955,NA,NA,NA,NA
S3_184067942,3,184067942,NA,NA,NA,NA
S10_8852672,10,8852672,NA,NA,NA,NA
S5_73045795,5,73045795,NA,NA,NA,NA
S5_30601182,5,30601182,NA,NA,NA,NA
S6_153265056,6,153265056,NA,NA,NA,NA
S6_153265058,6,153265058,NA,NA,NA,NA
S5_170501890,5,170501890,NA,NA,NA,NA
S2_55792618,2,55792618,NA,NA,NA,NA
S5_187657074,5,187657074,NA,NA,NA,NA
S3_173472590,3,173472590,NA,NA,NA,NA
S10_140167230,10,140167230,NA,NA,NA,NA
S2_20122434,2,20122434,NA,NA,NA,NA
S5_150510195,5,150510195,NA,NA,NA,NA
S7_120559050,7,120559050,NA,NA,NA,NA
S1_237964791,1,237964791,NA,NA,NA,NA
S4_185181394,4,185181394,NA,NA,NA,NA
S4_238951439,4,238951439,NA,NA,NA,NA
S6_111022500,6,111022500,NA,NA,NA,NA
S8_133934897,8,133934897,NA,NA,NA,NA
S8_133934941,8,133934941,NA,NA,NA,NA
S5_10312306,5,10312306,NA,NA,NA,NA
S6_62736068,6,62736068,NA,NA,NA,NA
S3_38638261,3,38638261,NA,NA,NA,NA
S8_38521059,8,38521059,NA,NA,NA,NA
S2_39027482,2,39027482,NA,NA,NA,NA
S8_165237952,8,165237952,NA,NA,NA,NA
S2_193319211,2,193319211,NA,NA,NA,NA
S7_159857140,7,159857140,NA,NA,NA,NA
S6_51030489,6,51030489,NA,NA,NA,NA
S1_85830193,1,85830193,NA,NA,NA,NA
S2_230886795,2,230886795,NA,NA,NA,NA
S7_156213970,7,156213970,NA,NA,NA,NA
S2_48178038,2,48178038,NA,NA,NA,NA
S2_26935516,2,26935516,NA,NA,NA,NA
S9_139837012,9,139837012,NA,NA,NA,NA
S4_173996901,4,173996901,NA,NA,NA,NA
S1_205218883,1,205218883,NA,NA,NA,NA
S4_26402920,4,26402920,NA,NA,NA,NA
S5_187085022,5,187085022,NA,NA,NA,NA
S4_238478186,4,238478186,NA,NA,NA,NA
S1_3702509,1,3702509,NA,NA,NA,NA
S3_32110771,3,32110771,NA,NA,NA,NA
S2_193882107,2,193882107,NA,NA,NA,NA
S6_29639109,6,29639109,NA,NA,NA,NA
S6_29639143,6,29639143,NA,NA,NA,NA
S4_174954895,4,174954895,NA,NA,NA,NA
S1_273235208,1,273235208,NA,NA,NA,NA
S9_98680703,9,98680703,NA,NA,NA,NA
S4_239093425,4,239093425,NA,NA,NA,NA
S7_15328752,7,15328752,NA,NA,NA,NA
S2_67542636,2,67542636,NA,NA,NA,NA
S5_155021633,5,155021633,NA,NA,NA,NA
S2_10387042,2,10387042,NA,NA,NA,NA
S3_175999807,3,175999807,NA,NA,NA,NA
S1_206424444,1,206424444,NA,NA,NA,NA
S3_189851696,3,189851696,NA,NA,NA,NA
S1_230173977,1,230173977,NA,NA,NA,NA
S3_230180077,3,230180077,NA,NA,NA,NA
S10_116425230,10,116425230,NA,NA,NA,NA
S10_94682495,10,94682495,NA,NA,NA,NA
S3_167442528,3,167442528,NA,NA,NA,NA
S1_107312447,1,107312447,NA,NA,NA,NA
S6_133288592,6,133288592,NA,NA,NA,NA
S6_143981358,6,143981358,NA,NA,NA,NA
S7_152810004,7,152810004,NA,NA,NA,NA
S2_215652729,2,215652729,NA,NA,NA,NA
S1_206903607,1,206903607,NA,NA,NA,NA
S2_53103552,2,53103552,NA,NA,NA,NA
S2_18249983,2,18249983,NA,NA,NA,NA
S2_18249985,2,18249985,NA,NA,NA,NA
S5_199768258,5,199768258,NA,NA,NA,NA
S3_215380459,3,215380459,NA,NA,NA,NA
S1_189796934,1,189796934,NA,NA,NA,NA
S4_159978445,4,159978445,NA,NA,NA,NA
S5_70548909,5,70548909,NA,NA,NA,NA
S7_32282454,7,32282454,NA,NA,NA,NA
S7_32282455,7,32282455,NA,NA,NA,NA
S8_153015446,8,153015446,NA,NA,NA,NA
S2_3376312,2,3376312,NA,NA,NA,NA
S4_228666379,4,228666379,NA,NA,NA,NA
S10_108118021,10,108118021,NA,NA,NA,NA
S10_108118022,10,108118022,NA,NA,NA,NA
S5_23877592,5,23877592,NA,NA,NA,NA
S1_79733789,1,79733789,NA,NA,NA,NA
S6_1339141,6,1339141,NA,NA,NA,NA
S10_109714053,10,109714053,NA,NA,NA,NA
S3_3479798,3,3479798,NA,NA,NA,NA
S10_149300621,10,149300621,NA,NA,NA,NA
S5_209867023,5,209867023,NA,NA,NA,NA
S2_151735044,2,151735044,NA,NA,NA,NA
S8_167662098,8,167662098,NA,NA,NA,NA
S6_137029934,6,137029934,NA,NA,NA,NA
S9_154251001,9,154251001,NA,NA,NA,NA
S3_2943821,3,2943821,NA,NA,NA,NA
S3_28224153,3,28224153,NA,NA,NA,NA
S3_21370470,3,21370470,NA,NA,NA,NA
S6_135705296,6,135705296,NA,NA,NA,NA
S1_88634361,1,88634361,NA,NA,NA,NA
S1_88634364,1,88634364,NA,NA,NA,NA
S1_88634378,1,88634378,NA,NA,NA,NA
S8_171751024,8,171751024,NA,NA,NA,NA
S5_189884303,5,189884303,NA,NA,NA,NA
S6_155656168,6,155656168,NA,NA,NA,NA
S9_9719847,9,9719847,NA,NA,NA,NA
S2_29665383,2,29665383,NA,NA,NA,NA
S4_204125865,4,204125865,NA,NA,NA,NA
S4_37321392,4,37321392,NA,NA,NA,NA
S3_15436418,3,15436418,NA,NA,NA,NA
S2_6736238,2,6736238,NA,NA,NA,NA
S9_55272046,9,55272046,NA,NA,NA,NA
S2_5904220,2,5904220,NA,NA,NA,NA
S7_41490483,7,41490483,NA,NA,NA,NA
S7_41490490,7,41490490,NA,NA,NA,NA
S7_41490494,7,41490494,NA,NA,NA,NA
S1_176939660,1,176939660,NA,NA,NA,NA
S3_43661144,3,43661144,NA,NA,NA,NA
S3_43661146,3,43661146,NA,NA,NA,NA
S1_28522579,1,28522579,NA,NA,NA,NA
S1_28522590,1,28522590,NA,NA,NA,NA
S7_174531206,7,174531206,NA,NA,NA,NA
S9_7701399,9,7701399,NA,NA,NA,NA
S1_211451813,1,211451813,NA,NA,NA,NA
S3_219739817,3,219739817,NA,NA,NA,NA
S1_254468551,1,254468551,NA,NA,NA,NA
S2_10510558,2,10510558,NA,NA,NA,NA
S5_19675524,5,19675524,NA,NA,NA,NA
S8_8474218,8,8474218,NA,NA,NA,NA
S9_109550139,9,109550139,NA,NA,NA,NA
S4_37098966,4,37098966,NA,NA,NA,NA
S3_223961667,3,223961667,NA,NA,NA,NA
S5_8426624,5,8426624,NA,NA,NA,NA
S8_109377765,8,109377765,NA,NA,NA,NA
S3_183121143,3,183121143,NA,NA,NA,NA
S4_4271272,4,4271272,NA,NA,NA,NA
S1_290955990,1,290955990,NA,NA,NA,NA
S8_165286054,8,165286054,NA,NA,NA,NA
S9_150826367,9,150826367,NA,NA,NA,NA
S3_209731199,3,209731199,NA,NA,NA,NA
S7_167230918,7,167230918,NA,NA,NA,NA
S3_195106906,3,195106906,NA,NA,NA,NA
S8_171564635,8,171564635,NA,NA,NA,NA
S7_158367540,7,158367540,NA,NA,NA,NA
S7_165855391,7,165855391,NA,NA,NA,NA
S7_165855392,7,165855392,NA,NA,NA,NA
S5_110179227,5,110179227,NA,NA,NA,NA
S1_94819278,1,94819278,NA,NA,NA,NA
S2_131349113,2,131349113,NA,NA,NA,NA
S9_16899394,9,16899394,NA,NA,NA,NA
S1_4251025,1,4251025,NA,NA,NA,NA
S1_4251035,1,4251035,NA,NA,NA,NA
S3_154625250,3,154625250,NA,NA,NA,NA
S3_12133333,3,12133333,NA,NA,NA,NA
S7_157504071,7,157504071,NA,NA,NA,NA
S2_197381425,2,197381425,NA,NA,NA,NA
S3_162587458,3,162587458,NA,NA,NA,NA
S3_162587460,3,162587460,NA,NA,NA,NA
S3_162587508,3,162587508,NA,NA,NA,NA
S10_148423268,10,148423268,NA,NA,NA,NA
S1_54125348,1,54125348,NA,NA,NA,NA
S1_81424480,1,81424480,NA,NA,NA,NA
S9_135459139,9,135459139,NA,NA,NA,NA
S3_171901917,3,171901917,NA,NA,NA,NA
S4_146974737,4,146974737,NA,NA,NA,NA
S3_182709650,3,182709650,NA,NA,NA,NA
S7_130318560,7,130318560,NA,NA,NA,NA
S3_58480624,3,58480624,NA,NA,NA,NA
S5_73153228,5,73153228,NA,NA,NA,NA
S10_118511147,10,118511147,NA,NA,NA,NA
S8_120609770,8,120609770,NA,NA,NA,NA
S4_234501912,4,234501912,NA,NA,NA,NA
S5_209716885,5,209716885,NA,NA,NA,NA
S3_164589162,3,164589162,NA,NA,NA,NA
S2_18250020,2,18250020,NA,NA,NA,NA
S6_120136468,6,120136468,NA,NA,NA,NA
S7_4080036,7,4080036,NA,NA,NA,NA
S2_55445712,2,55445712,NA,NA,NA,NA
S2_55445714,2,55445714,NA,NA,NA,NA
S10_148294126,10,148294126,NA,NA,NA,NA
S5_199739749,5,199739749,NA,NA,NA,NA
S5_60133600,5,60133600,NA,NA,NA,NA
S1_183779984,1,183779984,NA,NA,NA,NA
S6_117999385,6,117999385,NA,NA,NA,NA
S7_171729220,7,171729220,NA,NA,NA,NA
S6_55253702,6,55253702,NA,NA,NA,NA
S7_4064723,7,4064723,NA,NA,NA,NA
S4_210970473,4,210970473,NA,NA,NA,NA
S1_167890166,1,167890166,NA,NA,NA,NA
S7_130653658,7,130653658,NA,NA,NA,NA
S8_26350613,8,26350613,NA,NA,NA,NA
S5_70548910,5,70548910,NA,NA,NA,NA
S2_207041339,2,207041339,NA,NA,NA,NA
S3_19250365,3,19250365,NA,NA,NA,NA
S3_224125815,3,224125815,NA,NA,NA,NA
S4_239625266,4,239625266,NA,NA,NA,NA
S2_5685698,2,5685698,NA,NA,NA,NA
S10_127594824,10,127594824,NA,NA,NA,NA
S5_210676383,5,210676383,NA,NA,NA,NA
S1_233000486,1,233000486,NA,NA,NA,NA
S6_162013604,6,162013604,NA,NA,NA,NA
S5_213280245,5,213280245,NA,NA,NA,NA
S1_191581447,1,191581447,NA,NA,NA,NA
S10_92133856,10,92133856,NA,NA,NA,NA
S1_33882311,1,33882311,NA,NA,NA,NA
S8_173346707,8,173346707,NA,NA,NA,NA
S2_44380104,2,44380104,NA,NA,NA,NA
S2_44380126,2,44380126,NA,NA,NA,NA
S2_4166393,2,4166393,NA,NA,NA,NA
S9_151426418,9,151426418,NA,NA,NA,NA
S8_147263937,8,147263937,NA,NA,NA,NA
S2_61491690,2,61491690,NA,NA,NA,NA
S4_161549859,4,161549859,NA,NA,NA,NA
S2_178262566,2,178262566,NA,NA,NA,NA
S8_108499530,8,108499530,NA,NA,NA,NA
S9_23449747,9,23449747,NA,NA,NA,NA
S3_212027229,3,212027229,NA,NA,NA,NA
S3_212027269,3,212027269,NA,NA,NA,NA
S3_212027270,3,212027270,NA,NA,NA,NA
S5_179928762,5,179928762,NA,NA,NA,NA
S10_148533441,10,148533441,NA,NA,NA,NA
S3_150831482,3,150831482,NA,NA,NA,NA
S2_4162794,2,4162794,NA,NA,NA,NA
S7_172736904,7,172736904,NA,NA,NA,NA
S3_93313359,3,93313359,NA,NA,NA,NA
S2_186854014,2,186854014,NA,NA,NA,NA
S5_193557736,5,193557736,NA,NA,NA,NA
S4_191720346,4,191720346,NA,NA,NA,NA
S3_29010326,3,29010326,NA,NA,NA,NA
S8_4807291,8,4807291,NA,NA,NA,NA
S10_34810081,10,34810081,NA,NA,NA,NA
S1_260517297,1,260517297,NA,NA,NA,NA
S9_12621243,9,12621243,NA,NA,NA,NA
S7_170385721,7,170385721,NA,NA,NA,NA
S4_40700597,4,40700597,NA,NA,NA,NA
S8_164039729,8,164039729,NA,NA,NA,NA
S4_239488779,4,239488779,NA,NA,NA,NA
S8_104819782,8,104819782,NA,NA,NA,NA
S6_36622477,6,36622477,NA,NA,NA,NA
S1_296849807,1,296849807,NA,NA,NA,NA
S3_173520833,3,173520833,NA,NA,NA,NA
S7_130240101,7,130240101,NA,NA,NA,NA
S1_266095785,1,266095785,NA,NA,NA,NA
S8_111014447,8,111014447,NA,NA,NA,NA
S5_209867036,5,209867036,NA,NA,NA,NA
S5_209867042,5,209867042,NA,NA,NA,NA
S4_238767685,4,238767685,NA,NA,NA,NA
S7_160056408,7,160056408,NA,NA,NA,NA
S1_29788926,1,29788926,NA,NA,NA,NA
S3_1545423,3,1545423,NA,NA,NA,NA
S9_146227422,9,146227422,NA,NA,NA,NA
S2_127824115,2,127824115,NA,NA,NA,NA
S7_5613840,7,5613840,NA,NA,NA,NA
S6_157029352,6,157029352,NA,NA,NA,NA
S1_287188404,1,287188404,NA,NA,NA,NA
S4_209253442,4,209253442,NA,NA,NA,NA
S10_60536063,10,60536063,NA,NA,NA,NA
S7_173822472,7,173822472,NA,NA,NA,NA
S2_189839388,2,189839388,NA,NA,NA,NA
S5_86144916,5,86144916,NA,NA,NA,NA
S9_21874370,9,21874370,NA,NA,NA,NA
S9_7701396,9,7701396,NA,NA,NA,NA
S2_24448939,2,24448939,NA,NA,NA,NA
S3_33764782,3,33764782,NA,NA,NA,NA
S6_7150108,6,7150108,NA,NA,NA,NA
S9_151987631,9,151987631,NA,NA,NA,NA
S6_148358943,6,148358943,NA,NA,NA,NA
S6_111677574,6,111677574,NA,NA,NA,NA
S4_171375044,4,171375044,NA,NA,NA,NA
S7_125119016,7,125119016,NA,NA,NA,NA
S1_166926528,1,166926528,NA,NA,NA,NA
S1_166926532,1,166926532,NA,NA,NA,NA
S3_223310403,3,223310403,NA,NA,NA,NA
S6_73903981,6,73903981,NA,NA,NA,NA
S2_15475286,2,15475286,NA,NA,NA,NA
S3_178847976,3,178847976,NA,NA,NA,NA
S7_143397470,7,143397470,NA,NA,NA,NA
S2_174097262,2,174097262,NA,NA,NA,NA
S10_113302703,10,113302703,NA,NA,NA,NA
S7_61135760,7,61135760,NA,NA,NA,NA
S2_197936812,2,197936812,NA,NA,NA,NA
S3_18184739,3,18184739,NA,NA,NA,NA
S6_84787079,6,84787079,NA,NA,NA,NA
S6_152073862,6,152073862,NA,NA,NA,NA
S2_233677634,2,233677634,NA,NA,NA,NA
S5_131040500,5,131040500,NA,NA,NA,NA
S5_205068967,5,205068967,NA,NA,NA,NA
S4_228449923,4,228449923,NA,NA,NA,NA
S2_9277748,2,9277748,NA,NA,NA,NA
S10_147141042,10,147141042,NA,NA,NA,NA
S7_161684308,7,161684308,NA,NA,NA,NA
S2_1715723,2,1715723,NA,NA,NA,NA
S5_204866112,5,204866112,NA,NA,NA,NA
S1_12309645,1,12309645,NA,NA,NA,NA
S4_213772709,4,213772709,NA,NA,NA,NA
S1_3739861,1,3739861,NA,NA,NA,NA
S3_201947781,3,201947781,NA,NA,NA,NA
S6_157757119,6,157757119,NA,NA,NA,NA
S2_32493321,2,32493321,NA,NA,NA,NA
S6_113108898,6,113108898,NA,NA,NA,NA
S10_85394376,10,85394376,NA,NA,NA,NA
S5_14588659,5,14588659,NA,NA,NA,NA
S7_122066395,7,122066395,NA,NA,NA,NA
S2_180664314,2,180664314,NA,NA,NA,NA
S3_217293307,3,217293307,NA,NA,NA,NA
S9_21998259,9,21998259,NA,NA,NA,NA
S5_205334762,5,205334762,NA,NA,NA,NA
S6_148960340,6,148960340,NA,NA,NA,NA
S6_148960370,6,148960370,NA,NA,NA,NA
S1_262545811,1,262545811,NA,NA,NA,NA
S10_120216652,10,120216652,NA,NA,NA,NA
S7_32735145,7,32735145,NA,NA,NA,NA
S5_188667337,5,188667337,NA,NA,NA,NA
S1_295305473,1,295305473,NA,NA,NA,NA
S6_44824514,6,44824514,NA,NA,NA,NA
S9_151302712,9,151302712,NA,NA,NA,NA
S10_33617233,10,33617233,NA,NA,NA,NA
S10_141078322,10,141078322,NA,NA,NA,NA
S10_149811649,10,149811649,NA,NA,NA,NA
S5_203110109,5,203110109,NA,NA,NA,NA
S2_4465539,2,4465539,NA,NA,NA,NA
S2_28000898,2,28000898,NA,NA,NA,NA
S1_188220553,1,188220553,NA,NA,NA,NA
S4_130024331,4,130024331,NA,NA,NA,NA
S4_29169089,4,29169089,NA,NA,NA,NA
S10_137206058,10,137206058,NA,NA,NA,NA
S3_225760139,3,225760139,NA,NA,NA,NA
S1_14449371,1,14449371,NA,NA,NA,NA
S8_169900938,8,169900938,NA,NA,NA,NA
S5_128332180,5,128332180,NA,NA,NA,NA
S2_229995939,2,229995939,NA,NA,NA,NA
S6_45925060,6,45925060,NA,NA,NA,NA
S5_188779672,5,188779672,NA,NA,NA,NA
S2_26875707,2,26875707,NA,NA,NA,NA
S8_159954535,8,159954535,NA,NA,NA,NA
S8_157452827,8,157452827,NA,NA,NA,NA
S1_206789127,1,206789127,NA,NA,NA,NA
S5_9837441,5,9837441,NA,NA,NA,NA
S5_6328215,5,6328215,NA,NA,NA,NA
S5_200780837,5,200780837,NA,NA,NA,NA
S5_77435034,5,77435034,NA,NA,NA,NA
S3_212021391,3,212021391,NA,NA,NA,NA
S9_43274530,9,43274530,NA,NA,NA,NA
S1_189093006,1,189093006,NA,NA,NA,NA
S4_235728621,4,235728621,NA,NA,NA,NA
S10_76408767,10,76408767,NA,NA,NA,NA
S2_8808822,2,8808822,NA,NA,NA,NA
S3_166670263,3,166670263,NA,NA,NA,NA
S5_195678363,5,195678363,NA,NA,NA,NA
S2_26731051,2,26731051,NA,NA,NA,NA
S1_36216083,1,36216083,NA,NA,NA,NA
S8_4809595,8,4809595,NA,NA,NA,NA
S6_143956172,6,143956172,NA,NA,NA,NA
S1_164956112,1,164956112,NA,NA,NA,NA
S1_97673751,1,97673751,NA,NA,NA,NA
S2_233746662,2,233746662,NA,NA,NA,NA
S6_163818756,6,163818756,NA,NA,NA,NA
S1_83009789,1,83009789,NA,NA,NA,NA
S7_137169719,7,137169719,NA,NA,NA,NA
S1_8975828,1,8975828,NA,NA,NA,NA
S5_111341495,5,111341495,NA,NA,NA,NA
S2_189089668,2,189089668,NA,NA,NA,NA
S1_75960423,1,75960423,NA,NA,NA,NA
S1_206123565,1,206123565,NA,NA,NA,NA
S3_178136421,3,178136421,NA,NA,NA,NA
S4_237517528,4,237517528,NA,NA,NA,NA
S2_110496307,2,110496307,NA,NA,NA,NA
S10_30141313,10,30141313,NA,NA,NA,NA
S10_30141316,10,30141316,NA,NA,NA,NA
S9_20334285,9,20334285,NA,NA,NA,NA
S5_179928993,5,179928993,NA,NA,NA,NA
S7_161337932,7,161337932,NA,NA,NA,NA
S5_28018191,5,28018191,NA,NA,NA,NA
S4_236091061,4,236091061,NA,NA,NA,NA
S2_193735686,2,193735686,NA,NA,NA,NA
S1_296261326,1,296261326,NA,NA,NA,NA
S5_215700910,5,215700910,NA,NA,NA,NA
S8_135452583,8,135452583,NA,NA,NA,NA
S1_179922943,1,179922943,NA,NA,NA,NA
S10_11903417,10,11903417,NA,NA,NA,NA
S5_204207420,5,204207420,NA,NA,NA,NA
S1_198735087,1,198735087,NA,NA,NA,NA
S7_176523697,7,176523697,NA,NA,NA,NA
S9_152650015,9,152650015,NA,NA,NA,NA
S4_4060867,4,4060867,NA,NA,NA,NA
S9_99416576,9,99416576,NA,NA,NA,NA
S10_79145595,10,79145595,NA,NA,NA,NA
S2_20959579,2,20959579,NA,NA,NA,NA
S5_212249579,5,212249579,NA,NA,NA,NA
S3_127930789,3,127930789,NA,NA,NA,NA
S1_19296025,1,19296025,NA,NA,NA,NA
S5_196508562,5,196508562,NA,NA,NA,NA
S5_196508579,5,196508579,NA,NA,NA,NA
S1_256937457,1,256937457,NA,NA,NA,NA
S10_4736814,10,4736814,NA,NA,NA,NA
S1_293795584,1,293795584,NA,NA,NA,NA
S9_100886809,9,100886809,NA,NA,NA,NA
S4_36908868,4,36908868,NA,NA,NA,NA
S5_205043280,5,205043280,NA,NA,NA,NA
S10_142280458,10,142280458,NA,NA,NA,NA
S1_234262445,1,234262445,NA,NA,NA,NA
S6_105886145,6,105886145,NA,NA,NA,NA
S10_139314746,10,139314746,NA,NA,NA,NA
S10_139314748,10,139314748,NA,NA,NA,NA
S9_11460857,9,11460857,NA,NA,NA,NA
S3_114352129,3,114352129,NA,NA,NA,NA
S5_659057,5,659057,NA,NA,NA,NA
S2_23738063,2,23738063,NA,NA,NA,NA
S5_163945951,5,163945951,NA,NA,NA,NA
S3_3850706,3,3850706,NA,NA,NA,NA
S10_4911615,10,4911615,NA,NA,NA,NA
S8_94872297,8,94872297,NA,NA,NA,NA
S5_8183843,5,8183843,NA,NA,NA,NA
S5_8183849,5,8183849,NA,NA,NA,NA
S7_140895313,7,140895313,NA,NA,NA,NA
S6_156750646,6,156750646,NA,NA,NA,NA
S9_113058957,9,113058957,NA,NA,NA,NA
S7_124507912,7,124507912,NA,NA,NA,NA
S1_59959373,1,59959373,NA,NA,NA,NA
S8_24475150,8,24475150,NA,NA,NA,NA
S8_24475152,8,24475152,NA,NA,NA,NA
S8_24475157,8,24475157,NA,NA,NA,NA
S9_8238838,9,8238838,NA,NA,NA,NA
S9_153609380,9,153609380,NA,NA,NA,NA
S5_200688115,5,200688115,NA,NA,NA,NA
S3_230158406,3,230158406,NA,NA,NA,NA
S8_164039683,8,164039683,NA,NA,NA,NA
S7_116277810,7,116277810,NA,NA,NA,NA
S9_31097238,9,31097238,NA,NA,NA,NA
S1_29196613,1,29196613,NA,NA,NA,NA
S9_77152065,9,77152065,NA,NA,NA,NA
S7_6305064,7,6305064,NA,NA,NA,NA
S10_20409354,10,20409354,NA,NA,NA,NA
S7_158755117,7,158755117,NA,NA,NA,NA
S1_28420872,1,28420872,NA,NA,NA,NA
S4_177653290,4,177653290,NA,NA,NA,NA
S6_67218872,6,67218872,NA,NA,NA,NA
S4_201184179,4,201184179,NA,NA,NA,NA
S9_23010020,9,23010020,NA,NA,NA,NA
S9_23010034,9,23010034,NA,NA,NA,NA
S9_127646282,9,127646282,NA,NA,NA,NA
S4_198430268,4,198430268,NA,NA,NA,NA
S5_4322913,5,4322913,NA,NA,NA,NA
S5_172475677,5,172475677,NA,NA,NA,NA
S1_62500318,1,62500318,NA,NA,NA,NA
S1_282674644,1,282674644,NA,NA,NA,NA
S4_240322339,4,240322339,NA,NA,NA,NA
S2_38563634,2,38563634,NA,NA,NA,NA
S1_282462486,1,282462486,NA,NA,NA,NA
S6_155634277,6,155634277,NA,NA,NA,NA
S10_128560071,10,128560071,NA,NA,NA,NA
S2_226678266,2,226678266,NA,NA,NA,NA
S1_292298302,1,292298302,NA,NA,NA,NA
S1_4548117,1,4548117,NA,NA,NA,NA
S2_234031163,2,234031163,NA,NA,NA,NA
S3_131014998,3,131014998,NA,NA,NA,NA
S8_23964528,8,23964528,NA,NA,NA,NA
S9_151976812,9,151976812,NA,NA,NA,NA
S3_12291359,3,12291359,NA,NA,NA,NA
S9_135278610,9,135278610,NA,NA,NA,NA
S5_175434204,5,175434204,NA,NA,NA,NA
S4_35984167,4,35984167,NA,NA,NA,NA
S7_117844775,7,117844775,NA,NA,NA,NA
S4_238428744,4,238428744,NA,NA,NA,NA
S5_65435037,5,65435037,NA,NA,NA,NA
S8_18350234,8,18350234,NA,NA,NA,NA
S6_158296595,6,158296595,NA,NA,NA,NA
S6_98030472,6,98030472,NA,NA,NA,NA
S6_98030482,6,98030482,NA,NA,NA,NA
S6_98030483,6,98030483,NA,NA,NA,NA
S6_98030484,6,98030484,NA,NA,NA,NA
S5_216618849,5,216618849,NA,NA,NA,NA
S8_93112075,8,93112075,NA,NA,NA,NA
S9_147546170,9,147546170,NA,NA,NA,NA
S1_264530482,1,264530482,NA,NA,NA,NA
S3_150769481,3,150769481,NA,NA,NA,NA
S7_173149159,7,173149159,NA,NA,NA,NA
S6_118318317,6,118318317,NA,NA,NA,NA
S6_88116736,6,88116736,NA,NA,NA,NA
S9_45093751,9,45093751,NA,NA,NA,NA
S5_23573734,5,23573734,NA,NA,NA,NA
S1_9956400,1,9956400,NA,NA,NA,NA
S7_127144960,7,127144960,NA,NA,NA,NA
S3_29611811,3,29611811,NA,NA,NA,NA
S9_153958257,9,153958257,NA,NA,NA,NA
S2_182188411,2,182188411,NA,NA,NA,NA
S4_155532625,4,155532625,NA,NA,NA,NA
S7_130880444,7,130880444,NA,NA,NA,NA
S3_208048092,3,208048092,NA,NA,NA,NA
S2_236281652,2,236281652,NA,NA,NA,NA
S6_146216494,6,146216494,NA,NA,NA,NA
S7_140895131,7,140895131,NA,NA,NA,NA
S7_140895140,7,140895140,NA,NA,NA,NA
S6_127787016,6,127787016,NA,NA,NA,NA
S7_171692427,7,171692427,NA,NA,NA,NA
S7_171692430,7,171692430,NA,NA,NA,NA
S7_171692432,7,171692432,NA,NA,NA,NA
S2_151569841,2,151569841,NA,NA,NA,NA
S8_150560848,8,150560848,NA,NA,NA,NA
S8_140093907,8,140093907,NA,NA,NA,NA
S9_150176131,9,150176131,NA,NA,NA,NA
S1_35136068,1,35136068,NA,NA,NA,NA
S1_197058976,1,197058976,NA,NA,NA,NA
S1_281910285,1,281910285,NA,NA,NA,NA
S4_225505497,4,225505497,NA,NA,NA,NA
S9_128539344,9,128539344,NA,NA,NA,NA
S8_138938949,8,138938949,NA,NA,NA,NA
S8_123512866,8,123512866,NA,NA,NA,NA
S5_5246190,5,5246190,NA,NA,NA,NA
S7_124155669,7,124155669,NA,NA,NA,NA
S10_118836482,10,118836482,NA,NA,NA,NA
S4_235268702,4,235268702,NA,NA,NA,NA
S10_119413132,10,119413132,NA,NA,NA,NA
S1_230173945,1,230173945,NA,NA,NA,NA
S9_152055214,9,152055214,NA,NA,NA,NA
S9_11073090,9,11073090,NA,NA,NA,NA
S2_4990075,2,4990075,NA,NA,NA,NA
S8_155438805,8,155438805,NA,NA,NA,NA
S3_201947421,3,201947421,NA,NA,NA,NA
S5_208255250,5,208255250,NA,NA,NA,NA
S6_153240155,6,153240155,NA,NA,NA,NA
S2_12683827,2,12683827,NA,NA,NA,NA
S10_66767304,10,66767304,NA,NA,NA,NA
S8_17377363,8,17377363,NA,NA,NA,NA
S5_17891244,5,17891244,NA,NA,NA,NA
S4_144532470,4,144532470,NA,NA,NA,NA
S3_225099533,3,225099533,NA,NA,NA,NA
S6_106804674,6,106804674,NA,NA,NA,NA
S10_127594811,10,127594811,NA,NA,NA,NA
S4_177039003,4,177039003,NA,NA,NA,NA
S8_87935561,8,87935561,NA,NA,NA,NA
S3_217820604,3,217820604,NA,NA,NA,NA
S1_10584063,1,10584063,NA,NA,NA,NA
S3_5671567,3,5671567,NA,NA,NA,NA
S3_5671573,3,5671573,NA,NA,NA,NA
S1_47455786,1,47455786,NA,NA,NA,NA
S1_277228231,1,277228231,NA,NA,NA,NA
S5_42728884,5,42728884,NA,NA,NA,NA
S8_90669272,8,90669272,NA,NA,NA,NA
S2_205716677,2,205716677,NA,NA,NA,NA
S4_235202974,4,235202974,NA,NA,NA,NA
S9_140016175,9,140016175,NA,NA,NA,NA
S9_11732448,9,11732448,NA,NA,NA,NA
S7_41426691,7,41426691,NA,NA,NA,NA
S5_160453019,5,160453019,NA,NA,NA,NA
S2_222220011,2,222220011,NA,NA,NA,NA
S3_154373313,3,154373313,NA,NA,NA,NA
S1_166805138,1,166805138,NA,NA,NA,NA
S2_186992418,2,186992418,NA,NA,NA,NA
S4_238933392,4,238933392,NA,NA,NA,NA
S10_135688366,10,135688366,NA,NA,NA,NA
S7_105368035,7,105368035,NA,NA,NA,NA
S2_135957099,2,135957099,NA,NA,NA,NA
S6_156878275,6,156878275,NA,NA,NA,NA
S5_91161064,5,91161064,NA,NA,NA,NA
S6_58455078,6,58455078,NA,NA,NA,NA
S4_163448154,4,163448154,NA,NA,NA,NA
S1_202155050,1,202155050,NA,NA,NA,NA
S4_171375039,4,171375039,NA,NA,NA,NA
S4_171375040,4,171375040,NA,NA,NA,NA
S4_171375041,4,171375041,NA,NA,NA,NA
S4_171375043,4,171375043,NA,NA,NA,NA
S4_171375046,4,171375046,NA,NA,NA,NA
S4_171375047,4,171375047,NA,NA,NA,NA
S4_171375049,4,171375049,NA,NA,NA,NA
S4_171375050,4,171375050,NA,NA,NA,NA
S4_171375052,4,171375052,NA,NA,NA,NA
S4_171375053,4,171375053,NA,NA,NA,NA
S4_171375055,4,171375055,NA,NA,NA,NA
S4_171375056,4,171375056,NA,NA,NA,NA
S4_171375057,4,171375057,NA,NA,NA,NA
S1_265481570,1,265481570,NA,NA,NA,NA
S7_172736907,7,172736907,NA,NA,NA,NA
S9_23010337,9,23010337,NA,NA,NA,NA
S9_116263697,9,116263697,NA,NA,NA,NA
S5_189323344,5,189323344,NA,NA,NA,NA
S6_63563410,6,63563410,NA,NA,NA,NA
S1_50421839,1,50421839,NA,NA,NA,NA
S6_71618644,6,71618644,NA,NA,NA,NA
S7_120894823,7,120894823,NA,NA,NA,NA
S2_39427738,2,39427738,NA,NA,NA,NA
S2_39427748,2,39427748,NA,NA,NA,NA
S2_39427753,2,39427753,NA,NA,NA,NA
S6_632237,6,632237,NA,NA,NA,NA
S5_7688669,5,7688669,NA,NA,NA,NA
S8_172457716,8,172457716,NA,NA,NA,NA
S3_157087706,3,157087706,NA,NA,NA,NA
S3_181695454,3,181695454,NA,NA,NA,NA
S2_190854404,2,190854404,NA,NA,NA,NA
S10_128323592,10,128323592,NA,NA,NA,NA
S10_128323641,10,128323641,NA,NA,NA,NA
S2_190415636,2,190415636,NA,NA,NA,NA
S8_64393397,8,64393397,NA,NA,NA,NA
S8_93219911,8,93219911,NA,NA,NA,NA
S5_28117422,5,28117422,NA,NA,NA,NA
S5_179194862,5,179194862,NA,NA,NA,NA
S2_203589841,2,203589841,NA,NA,NA,NA
S8_131689286,8,131689286,NA,NA,NA,NA
S1_31070259,1,31070259,NA,NA,NA,NA
S3_156788671,3,156788671,NA,NA,NA,NA
S2_111976521,2,111976521,NA,NA,NA,NA
S9_149382254,9,149382254,NA,NA,NA,NA
S9_59160471,9,59160471,NA,NA,NA,NA
S2_222209933,2,222209933,NA,NA,NA,NA
S1_191090152,1,191090152,NA,NA,NA,NA
S2_3114675,2,3114675,NA,NA,NA,NA
S2_110746182,2,110746182,NA,NA,NA,NA
S6_97915071,6,97915071,NA,NA,NA,NA
S5_169876488,5,169876488,NA,NA,NA,NA
S1_271751277,1,271751277,NA,NA,NA,NA
S7_160746933,7,160746933,NA,NA,NA,NA
S4_230592558,4,230592558,NA,NA,NA,NA
S2_17610540,2,17610540,NA,NA,NA,NA
S8_128602621,8,128602621,NA,NA,NA,NA
S9_59160364,9,59160364,NA,NA,NA,NA
S9_41517825,9,41517825,NA,NA,NA,NA
S1_240893357,1,240893357,NA,NA,NA,NA
S6_39092546,6,39092546,NA,NA,NA,NA
S8_23888143,8,23888143,NA,NA,NA,NA
S7_153132813,7,153132813,NA,NA,NA,NA
S1_18585344,1,18585344,NA,NA,NA,NA
S1_272221063,1,272221063,NA,NA,NA,NA
S2_83272741,2,83272741,NA,NA,NA,NA
S3_178409730,3,178409730,NA,NA,NA,NA
S4_185865128,4,185865128,NA,NA,NA,NA
S3_4339410,3,4339410,NA,NA,NA,NA
S2_9364948,2,9364948,NA,NA,NA,NA
S1_28596743,1,28596743,NA,NA,NA,NA
S7_9259893,7,9259893,NA,NA,NA,NA
S5_11905019,5,11905019,NA,NA,NA,NA
S10_141832953,10,141832953,NA,NA,NA,NA
S1_88969238,1,88969238,NA,NA,NA,NA
S8_169070730,8,169070730,NA,NA,NA,NA
S3_169078446,3,169078446,NA,NA,NA,NA
S1_289223359,1,289223359,NA,NA,NA,NA
S6_34602901,6,34602901,NA,NA,NA,NA
S3_145603175,3,145603175,NA,NA,NA,NA
S4_2435848,4,2435848,NA,NA,NA,NA
S5_73153225,5,73153225,NA,NA,NA,NA
S10_134992171,10,134992171,NA,NA,NA,NA
S10_8786480,10,8786480,NA,NA,NA,NA
S1_216929368,1,216929368,NA,NA,NA,NA
S1_216929369,1,216929369,NA,NA,NA,NA
S5_62683438,5,62683438,NA,NA,NA,NA
S4_134839054,4,134839054,NA,NA,NA,NA
S4_134839065,4,134839065,NA,NA,NA,NA
S4_37098627,4,37098627,NA,NA,NA,NA
S5_141166713,5,141166713,NA,NA,NA,NA
S9_121167463,9,121167463,NA,NA,NA,NA
S7_154702054,7,154702054,NA,NA,NA,NA
S7_154702057,7,154702057,NA,NA,NA,NA
S2_176610061,2,176610061,NA,NA,NA,NA
S1_42848244,1,42848244,NA,NA,NA,NA
S7_104175527,7,104175527,NA,NA,NA,NA
S8_161135910,8,161135910,NA,NA,NA,NA
S8_131176679,8,131176679,NA,NA,NA,NA
S1_174996948,1,174996948,NA,NA,NA,NA
S7_19349525,7,19349525,NA,NA,NA,NA
S7_140007970,7,140007970,NA,NA,NA,NA
S3_205362636,3,205362636,NA,NA,NA,NA
S10_10614929,10,10614929,NA,NA,NA,NA
S6_158471323,6,158471323,NA,NA,NA,NA
S2_6031628,2,6031628,NA,NA,NA,NA
S1_189796908,1,189796908,NA,NA,NA,NA
S5_82953468,5,82953468,NA,NA,NA,NA
S9_3312406,9,3312406,NA,NA,NA,NA
S2_195659876,2,195659876,NA,NA,NA,NA
S10_125650314,10,125650314,NA,NA,NA,NA
S7_6358900,7,6358900,NA,NA,NA,NA
S7_129265174,7,129265174,NA,NA,NA,NA
S8_164936367,8,164936367,NA,NA,NA,NA
S3_208543193,3,208543193,NA,NA,NA,NA
S1_15997697,1,15997697,NA,NA,NA,NA
S1_15997717,1,15997717,NA,NA,NA,NA
S4_219712377,4,219712377,NA,NA,NA,NA
S9_140773683,9,140773683,NA,NA,NA,NA
S2_188872691,2,188872691,NA,NA,NA,NA
S5_33418196,5,33418196,NA,NA,NA,NA
S9_50762998,9,50762998,NA,NA,NA,NA
S9_50763035,9,50763035,NA,NA,NA,NA
S9_114178123,9,114178123,NA,NA,NA,NA
S1_100904698,1,100904698,NA,NA,NA,NA
S5_54534476,5,54534476,NA,NA,NA,NA
S1_35733902,1,35733902,NA,NA,NA,NA
S9_96774489,9,96774489,NA,NA,NA,NA
S3_170535906,3,170535906,NA,NA,NA,NA
S2_141596520,2,141596520,NA,NA,NA,NA
S1_72352064,1,72352064,NA,NA,NA,NA
S3_205782984,3,205782984,NA,NA,NA,NA
S2_144720448,2,144720448,NA,NA,NA,NA
S4_220906992,4,220906992,NA,NA,NA,NA
S9_104630869,9,104630869,NA,NA,NA,NA
S2_33619904,2,33619904,NA,NA,NA,NA
S2_233803569,2,233803569,NA,NA,NA,NA
S4_186942472,4,186942472,NA,NA,NA,NA
S2_125916100,2,125916100,NA,NA,NA,NA
S2_125916101,2,125916101,NA,NA,NA,NA
S2_125916102,2,125916102,NA,NA,NA,NA
S2_190024742,2,190024742,NA,NA,NA,NA
S9_8035294,9,8035294,NA,NA,NA,NA
S3_4843208,3,4843208,NA,NA,NA,NA
S1_281701918,1,281701918,NA,NA,NA,NA
S1_281701968,1,281701968,NA,NA,NA,NA
S1_281701969,1,281701969,NA,NA,NA,NA
S1_281701970,1,281701970,NA,NA,NA,NA
S1_281701977,1,281701977,NA,NA,NA,NA
S8_150306665,8,150306665,NA,NA,NA,NA
S8_150306695,8,150306695,NA,NA,NA,NA
S6_135656774,6,135656774,NA,NA,NA,NA
S1_238325353,1,238325353,NA,NA,NA,NA
S8_90835419,8,90835419,NA,NA,NA,NA
S3_209078754,3,209078754,NA,NA,NA,NA
S1_230879834,1,230879834,NA,NA,NA,NA
S8_21089983,8,21089983,NA,NA,NA,NA
S5_214168037,5,214168037,NA,NA,NA,NA
S8_169519156,8,169519156,NA,NA,NA,NA
S8_1650346,8,1650346,NA,NA,NA,NA
S9_102698508,9,102698508,NA,NA,NA,NA
S6_37902387,6,37902387,NA,NA,NA,NA
S1_81442009,1,81442009,NA,NA,NA,NA
S8_150561287,8,150561287,NA,NA,NA,NA
S5_194629092,5,194629092,NA,NA,NA,NA
S3_166690652,3,166690652,NA,NA,NA,NA
S2_14549208,2,14549208,NA,NA,NA,NA
S2_14549229,2,14549229,NA,NA,NA,NA
S2_153860581,2,153860581,NA,NA,NA,NA
S1_230372799,1,230372799,NA,NA,NA,NA
S3_184000839,3,184000839,NA,NA,NA,NA
S1_220008652,1,220008652,NA,NA,NA,NA
S1_27778044,1,27778044,NA,NA,NA,NA
S4_172685939,4,172685939,NA,NA,NA,NA
S2_6650054,2,6650054,NA,NA,NA,NA
S5_71851495,5,71851495,NA,NA,NA,NA
S6_154841398,6,154841398,NA,NA,NA,NA
S4_4060896,4,4060896,NA,NA,NA,NA
S5_158684716,5,158684716,NA,NA,NA,NA
S5_2601110,5,2601110,NA,NA,NA,NA
S5_200688772,5,200688772,NA,NA,NA,NA
S3_216472285,3,216472285,NA,NA,NA,NA
S4_152524915,4,152524915,NA,NA,NA,NA
S7_572819,7,572819,NA,NA,NA,NA
S6_155632594,6,155632594,NA,NA,NA,NA
S1_26326636,1,26326636,NA,NA,NA,NA
S3_194470582,3,194470582,NA,NA,NA,NA
S2_215652732,2,215652732,NA,NA,NA,NA
S10_21218069,10,21218069,NA,NA,NA,NA
S1_296768102,1,296768102,NA,NA,NA,NA
S6_7038163,6,7038163,NA,NA,NA,NA
S9_106201455,9,106201455,NA,NA,NA,NA
S10_111309505,10,111309505,NA,NA,NA,NA
S7_136180337,7,136180337,NA,NA,NA,NA
S5_29809742,5,29809742,NA,NA,NA,NA
S7_132165418,7,132165418,NA,NA,NA,NA
S6_155453171,6,155453171,NA,NA,NA,NA
S8_99284064,8,99284064,NA,NA,NA,NA
S1_225033350,1,225033350,NA,NA,NA,NA
S3_222623655,3,222623655,NA,NA,NA,NA
S7_134136057,7,134136057,NA,NA,NA,NA
S1_260959421,1,260959421,NA,NA,NA,NA
S4_211198166,4,211198166,NA,NA,NA,NA
S7_151407327,7,151407327,NA,NA,NA,NA
S2_214956839,2,214956839,NA,NA,NA,NA
S8_7434596,8,7434596,NA,NA,NA,NA
S8_7434600,8,7434600,NA,NA,NA,NA
S3_221687569,3,221687569,NA,NA,NA,NA
S1_35770910,1,35770910,NA,NA,NA,NA
S1_13689631,1,13689631,NA,NA,NA,NA
S2_188902071,2,188902071,NA,NA,NA,NA
S9_103920434,9,103920434,NA,NA,NA,NA
S8_67888650,8,67888650,NA,NA,NA,NA
S2_30548535,2,30548535,NA,NA,NA,NA
S2_30548539,2,30548539,NA,NA,NA,NA
S2_30548563,2,30548563,NA,NA,NA,NA
S8_34670634,8,34670634,NA,NA,NA,NA
S5_215811751,5,215811751,NA,NA,NA,NA
S9_127467685,9,127467685,NA,NA,NA,NA
S2_188404499,2,188404499,NA,NA,NA,NA
S8_119256203,8,119256203,NA,NA,NA,NA
S2_51231436,2,51231436,NA,NA,NA,NA
S3_129046084,3,129046084,NA,NA,NA,NA
S7_79098205,7,79098205,NA,NA,NA,NA
S3_3694083,3,3694083,NA,NA,NA,NA
S7_129971634,7,129971634,NA,NA,NA,NA
S3_179062236,3,179062236,NA,NA,NA,NA
S3_179062251,3,179062251,NA,NA,NA,NA
S1_269126075,1,269126075,NA,NA,NA,NA
S2_203605280,2,203605280,NA,NA,NA,NA
S3_56900085,3,56900085,NA,NA,NA,NA
S2_235330683,2,235330683,NA,NA,NA,NA
S8_57518199,8,57518199,NA,NA,NA,NA
S3_155735954,3,155735954,NA,NA,NA,NA
S10_120793160,10,120793160,NA,NA,NA,NA
S3_166072368,3,166072368,NA,NA,NA,NA
S2_163418054,2,163418054,NA,NA,NA,NA
S6_154335211,6,154335211,NA,NA,NA,NA
S9_9640583,9,9640583,NA,NA,NA,NA
S9_9640593,9,9640593,NA,NA,NA,NA
S9_20338165,9,20338165,NA,NA,NA,NA
S2_199502979,2,199502979,NA,NA,NA,NA
S7_155342337,7,155342337,NA,NA,NA,NA
S1_293795502,1,293795502,NA,NA,NA,NA
S10_147855967,10,147855967,NA,NA,NA,NA
S7_163789479,7,163789479,NA,NA,NA,NA
S5_189198123,5,189198123,NA,NA,NA,NA
S7_117848268,7,117848268,NA,NA,NA,NA
S7_161845924,7,161845924,NA,NA,NA,NA
S10_4736824,10,4736824,NA,NA,NA,NA
S2_27501544,2,27501544,NA,NA,NA,NA
S4_202589250,4,202589250,NA,NA,NA,NA
S8_143156981,8,143156981,NA,NA,NA,NA
S2_50643178,2,50643178,NA,NA,NA,NA
S5_13137968,5,13137968,NA,NA,NA,NA
S5_209467941,5,209467941,NA,NA,NA,NA
S6_151793581,6,151793581,NA,NA,NA,NA
S7_7462296,7,7462296,NA,NA,NA,NA
S9_116263748,9,116263748,NA,NA,NA,NA
S2_212745017,2,212745017,NA,NA,NA,NA
S1_289598794,1,289598794,NA,NA,NA,NA
S4_5197059,4,5197059,NA,NA,NA,NA
S1_35220753,1,35220753,NA,NA,NA,NA
S4_169617467,4,169617467,NA,NA,NA,NA
S5_179024347,5,179024347,NA,NA,NA,NA
S1_250330137,1,250330137,NA,NA,NA,NA
S5_74615048,5,74615048,NA,NA,NA,NA
S2_32492721,2,32492721,NA,NA,NA,NA
S3_127930796,3,127930796,NA,NA,NA,NA
S2_17219876,2,17219876,NA,NA,NA,NA
S1_38787009,1,38787009,NA,NA,NA,NA
S4_235326199,4,235326199,NA,NA,NA,NA
S5_1531802,5,1531802,NA,NA,NA,NA
S5_1531805,5,1531805,NA,NA,NA,NA
S2_67931859,2,67931859,NA,NA,NA,NA
S5_4008231,5,4008231,NA,NA,NA,NA
S5_33048775,5,33048775,NA,NA,NA,NA
S5_4160388,5,4160388,NA,NA,NA,NA
S1_251713731,1,251713731,NA,NA,NA,NA
S8_26584607,8,26584607,NA,NA,NA,NA
S8_151059913,8,151059913,NA,NA,NA,NA
S1_167897876,1,167897876,NA,NA,NA,NA
S8_14844357,8,14844357,NA,NA,NA,NA
S9_4309428,9,4309428,NA,NA,NA,NA
S1_3715240,1,3715240,NA,NA,NA,NA
S6_56539386,6,56539386,NA,NA,NA,NA
S5_4472089,5,4472089,NA,NA,NA,NA
S7_2962172,7,2962172,NA,NA,NA,NA
S1_299980524,1,299980524,NA,NA,NA,NA
S10_142966030,10,142966030,NA,NA,NA,NA
S10_142966036,10,142966036,NA,NA,NA,NA
S10_142966068,10,142966068,NA,NA,NA,NA
S4_6532972,4,6532972,NA,NA,NA,NA
S4_92346760,4,92346760,NA,NA,NA,NA
S5_9825034,5,9825034,NA,NA,NA,NA
S4_32229907,4,32229907,NA,NA,NA,NA
S2_26979826,2,26979826,NA,NA,NA,NA
S7_9076954,7,9076954,NA,NA,NA,NA
S7_154507314,7,154507314,NA,NA,NA,NA
S7_154507316,7,154507316,NA,NA,NA,NA
S5_211300569,5,211300569,NA,NA,NA,NA
S2_234441041,2,234441041,NA,NA,NA,NA
S3_227586237,3,227586237,NA,NA,NA,NA
S5_197607048,5,197607048,NA,NA,NA,NA
S3_172333540,3,172333540,NA,NA,NA,NA
S3_172333542,3,172333542,NA,NA,NA,NA
S6_166674237,6,166674237,NA,NA,NA,NA
S6_166674263,6,166674263,NA,NA,NA,NA
S4_14950518,4,14950518,NA,NA,NA,NA
S4_73773142,4,73773142,NA,NA,NA,NA
S6_102460181,6,102460181,NA,NA,NA,NA
S5_3088766,5,3088766,NA,NA,NA,NA
S8_102655305,8,102655305,NA,NA,NA,NA
S8_102655306,8,102655306,NA,NA,NA,NA
S8_111014448,8,111014448,NA,NA,NA,NA
S2_170772302,2,170772302,NA,NA,NA,NA
S4_231903567,4,231903567,NA,NA,NA,NA
S1_237965474,1,237965474,NA,NA,NA,NA
S1_188748954,1,188748954,NA,NA,NA,NA
S1_276286966,1,276286966,NA,NA,NA,NA
S7_171207902,7,171207902,NA,NA,NA,NA
S8_116024695,8,116024695,NA,NA,NA,NA
S8_116024714,8,116024714,NA,NA,NA,NA
S10_100683137,10,100683137,NA,NA,NA,NA
S1_237964820,1,237964820,NA,NA,NA,NA
S9_76641332,9,76641332,NA,NA,NA,NA
S9_8660521,9,8660521,NA,NA,NA,NA
S4_212142952,4,212142952,NA,NA,NA,NA
S8_122423404,8,122423404,NA,NA,NA,NA
S4_2831560,4,2831560,NA,NA,NA,NA
S5_186413910,5,186413910,NA,NA,NA,NA
S1_203170505,1,203170505,NA,NA,NA,NA
S10_140191472,10,140191472,NA,NA,NA,NA
S2_3339736,2,3339736,NA,NA,NA,NA
S1_124777347,1,124777347,NA,NA,NA,NA
S7_100404249,7,100404249,NA,NA,NA,NA
S8_36689473,8,36689473,NA,NA,NA,NA
S1_283604214,1,283604214,NA,NA,NA,NA
S3_199028494,3,199028494,NA,NA,NA,NA
S8_169533301,8,169533301,NA,NA,NA,NA
S10_113515725,10,113515725,NA,NA,NA,NA
S4_191115269,4,191115269,NA,NA,NA,NA
S5_3334895,5,3334895,NA,NA,NA,NA
S1_297750325,1,297750325,NA,NA,NA,NA
S8_171625441,8,171625441,NA,NA,NA,NA
S2_113811417,2,113811417,NA,NA,NA,NA
S4_163397088,4,163397088,NA,NA,NA,NA
S6_152177754,6,152177754,NA,NA,NA,NA
S2_185831701,2,185831701,NA,NA,NA,NA
S6_89412507,6,89412507,NA,NA,NA,NA
S9_92549134,9,92549134,NA,NA,NA,NA
S2_208617058,2,208617058,NA,NA,NA,NA
S2_67931783,2,67931783,NA,NA,NA,NA
S4_1252276,4,1252276,NA,NA,NA,NA
S1_17494012,1,17494012,NA,NA,NA,NA
S8_161526348,8,161526348,NA,NA,NA,NA
S8_161526351,8,161526351,NA,NA,NA,NA
S8_161526353,8,161526353,NA,NA,NA,NA
S8_161526354,8,161526354,NA,NA,NA,NA
S8_161526355,8,161526355,NA,NA,NA,NA
S1_248744037,1,248744037,NA,NA,NA,NA
S8_151059916,8,151059916,NA,NA,NA,NA
S1_34946505,1,34946505,NA,NA,NA,NA
S6_143989537,6,143989537,NA,NA,NA,NA
S7_167635002,7,167635002,NA,NA,NA,NA
S2_3184511,2,3184511,NA,NA,NA,NA
S2_3184513,2,3184513,NA,NA,NA,NA
S2_4415515,2,4415515,NA,NA,NA,NA
S1_254670261,1,254670261,NA,NA,NA,NA
S1_213231136,1,213231136,NA,NA,NA,NA
S9_113486722,9,113486722,NA,NA,NA,NA
S10_136018800,10,136018800,NA,NA,NA,NA
S1_249067733,1,249067733,NA,NA,NA,NA
S4_222809183,4,222809183,NA,NA,NA,NA
S10_140984676,10,140984676,NA,NA,NA,NA
S7_1956219,7,1956219,NA,NA,NA,NA
S10_129586336,10,129586336,NA,NA,NA,NA
S8_146060492,8,146060492,NA,NA,NA,NA
S5_76216154,5,76216154,NA,NA,NA,NA
S8_29731110,8,29731110,NA,NA,NA,NA
S7_149916543,7,149916543,NA,NA,NA,NA
S8_3167598,8,3167598,NA,NA,NA,NA
S4_70354602,4,70354602,NA,NA,NA,NA
S7_76577512,7,76577512,NA,NA,NA,NA
S10_42442641,10,42442641,NA,NA,NA,NA
S4_238168314,4,238168314,NA,NA,NA,NA
S5_179588095,5,179588095,NA,NA,NA,NA
S6_150688010,6,150688010,NA,NA,NA,NA
S1_115219592,1,115219592,NA,NA,NA,NA
S6_2881365,6,2881365,NA,NA,NA,NA
S9_154251011,9,154251011,NA,NA,NA,NA
S8_149901792,8,149901792,NA,NA,NA,NA
S8_149901812,8,149901812,NA,NA,NA,NA
S3_136909877,3,136909877,NA,NA,NA,NA
S3_136909880,3,136909880,NA,NA,NA,NA
S1_37711840,1,37711840,NA,NA,NA,NA
S1_37711845,1,37711845,NA,NA,NA,NA
S2_188415907,2,188415907,NA,NA,NA,NA
S1_11532857,1,11532857,NA,NA,NA,NA
S10_85195300,10,85195300,NA,NA,NA,NA
S4_188213293,4,188213293,NA,NA,NA,NA
S3_13564770,3,13564770,NA,NA,NA,NA
S1_272041860,1,272041860,NA,NA,NA,NA
S3_132842673,3,132842673,NA,NA,NA,NA
S3_188337369,3,188337369,NA,NA,NA,NA
S1_174996897,1,174996897,NA,NA,NA,NA
S8_128601741,8,128601741,NA,NA,NA,NA
S7_160615017,7,160615017,NA,NA,NA,NA
S2_34575989,2,34575989,NA,NA,NA,NA
S1_272219159,1,272219159,NA,NA,NA,NA
S3_64615675,3,64615675,NA,NA,NA,NA
S5_173390078,5,173390078,NA,NA,NA,NA
S3_136380358,3,136380358,NA,NA,NA,NA
S6_45925036,6,45925036,NA,NA,NA,NA
S2_14805764,2,14805764,NA,NA,NA,NA
S7_163791466,7,163791466,NA,NA,NA,NA
S2_20563973,2,20563973,NA,NA,NA,NA
S2_195046859,2,195046859,NA,NA,NA,NA
S3_85663017,3,85663017,NA,NA,NA,NA
S3_127698377,3,127698377,NA,NA,NA,NA
S7_167723971,7,167723971,NA,NA,NA,NA
S8_22678731,8,22678731,NA,NA,NA,NA
S5_13738014,5,13738014,NA,NA,NA,NA
S7_2614850,7,2614850,NA,NA,NA,NA
S8_162228419,8,162228419,NA,NA,NA,NA
S8_162228425,8,162228425,NA,NA,NA,NA
S6_86335614,6,86335614,NA,NA,NA,NA
S9_2146629,9,2146629,NA,NA,NA,NA
S9_2146646,9,2146646,NA,NA,NA,NA
S2_141595760,2,141595760,NA,NA,NA,NA
S10_138026995,10,138026995,NA,NA,NA,NA
S7_175205119,7,175205119,NA,NA,NA,NA
S5_69327672,5,69327672,NA,NA,NA,NA
S3_27552199,3,27552199,NA,NA,NA,NA
S1_5056272,1,5056272,NA,NA,NA,NA
S3_10522466,3,10522466,NA,NA,NA,NA
S1_285390969,1,285390969,NA,NA,NA,NA
S1_285390983,1,285390983,NA,NA,NA,NA
S1_285390986,1,285390986,NA,NA,NA,NA
S4_153847498,4,153847498,NA,NA,NA,NA
S9_7012804,9,7012804,NA,NA,NA,NA
S7_106788339,7,106788339,NA,NA,NA,NA
S7_140008556,7,140008556,NA,NA,NA,NA
S1_69865623,1,69865623,NA,NA,NA,NA
S3_154593067,3,154593067,NA,NA,NA,NA
S6_89465268,6,89465268,NA,NA,NA,NA
S1_89236433,1,89236433,NA,NA,NA,NA
S7_173149150,7,173149150,NA,NA,NA,NA
S5_204186747,5,204186747,NA,NA,NA,NA
S1_194660964,1,194660964,NA,NA,NA,NA
S2_14799200,2,14799200,NA,NA,NA,NA
S6_147868491,6,147868491,NA,NA,NA,NA
S10_121412606,10,121412606,NA,NA,NA,NA
S1_240091628,1,240091628,NA,NA,NA,NA
S5_2139954,5,2139954,NA,NA,NA,NA
S4_240113296,4,240113296,NA,NA,NA,NA
S9_137350537,9,137350537,NA,NA,NA,NA
S7_168201436,7,168201436,NA,NA,NA,NA
S7_168201438,7,168201438,NA,NA,NA,NA
S8_81160137,8,81160137,NA,NA,NA,NA
S2_226394185,2,226394185,NA,NA,NA,NA
S2_4693817,2,4693817,NA,NA,NA,NA
S2_188414033,2,188414033,NA,NA,NA,NA
S1_209790186,1,209790186,NA,NA,NA,NA
S8_24720815,8,24720815,NA,NA,NA,NA
S4_30769169,4,30769169,NA,NA,NA,NA
S6_656229,6,656229,NA,NA,NA,NA
S6_36947508,6,36947508,NA,NA,NA,NA
S1_126659472,1,126659472,NA,NA,NA,NA
S4_1295378,4,1295378,NA,NA,NA,NA
S10_77556245,10,77556245,NA,NA,NA,NA
S8_174222939,8,174222939,NA,NA,NA,NA
S8_4809594,8,4809594,NA,NA,NA,NA
S8_159402176,8,159402176,NA,NA,NA,NA
S3_166245090,3,166245090,NA,NA,NA,NA
S5_217608792,5,217608792,NA,NA,NA,NA
S1_199963827,1,199963827,NA,NA,NA,NA
S7_5564233,7,5564233,NA,NA,NA,NA
S4_5268927,4,5268927,NA,NA,NA,NA
S5_39131920,5,39131920,NA,NA,NA,NA
S1_25813309,1,25813309,NA,NA,NA,NA
S1_25813310,1,25813310,NA,NA,NA,NA
S5_66834980,5,66834980,NA,NA,NA,NA
S6_4889096,6,4889096,NA,NA,NA,NA
S2_48178030,2,48178030,NA,NA,NA,NA
S1_276308273,1,276308273,NA,NA,NA,NA
S7_158456348,7,158456348,NA,NA,NA,NA
S10_141586974,10,141586974,NA,NA,NA,NA
S6_165164197,6,165164197,NA,NA,NA,NA
S9_24486979,9,24486979,NA,NA,NA,NA
S4_42150747,4,42150747,NA,NA,NA,NA
S4_42150751,4,42150751,NA,NA,NA,NA
S4_42150752,4,42150752,NA,NA,NA,NA
S4_42150753,4,42150753,NA,NA,NA,NA
S3_157085288,3,157085288,NA,NA,NA,NA
S4_26377816,4,26377816,NA,NA,NA,NA
S7_152685596,7,152685596,NA,NA,NA,NA
S2_180621534,2,180621534,NA,NA,NA,NA
S4_161549885,4,161549885,NA,NA,NA,NA
S2_16345553,2,16345553,NA,NA,NA,NA
S1_122416634,1,122416634,NA,NA,NA,NA
S9_114815584,9,114815584,NA,NA,NA,NA
S1_24304571,1,24304571,NA,NA,NA,NA
S4_236394804,4,236394804,NA,NA,NA,NA
S7_15470825,7,15470825,NA,NA,NA,NA
S1_13643091,1,13643091,NA,NA,NA,NA
S3_199307519,3,199307519,NA,NA,NA,NA
S3_199307546,3,199307546,NA,NA,NA,NA
S3_13538807,3,13538807,NA,NA,NA,NA
S7_170251389,7,170251389,NA,NA,NA,NA
S4_42905614,4,42905614,NA,NA,NA,NA
S1_98164113,1,98164113,NA,NA,NA,NA
S9_57012873,9,57012873,NA,NA,NA,NA
S1_106158773,1,106158773,NA,NA,NA,NA
S8_159395004,8,159395004,NA,NA,NA,NA
S8_166624931,8,166624931,NA,NA,NA,NA
S1_155187679,1,155187679,NA,NA,NA,NA
S1_155187681,1,155187681,NA,NA,NA,NA
S1_155187684,1,155187684,NA,NA,NA,NA
S1_155187686,1,155187686,NA,NA,NA,NA
S2_15997265,2,15997265,NA,NA,NA,NA
S4_185487752,4,185487752,NA,NA,NA,NA
S10_144529397,10,144529397,NA,NA,NA,NA
S10_4613011,10,4613011,NA,NA,NA,NA
S4_175275509,4,175275509,NA,NA,NA,NA
S9_60085719,9,60085719,NA,NA,NA,NA
S5_203820920,5,203820920,NA,NA,NA,NA
S3_190895421,3,190895421,NA,NA,NA,NA
S4_20409817,4,20409817,NA,NA,NA,NA
S2_173320720,2,173320720,NA,NA,NA,NA
S1_178321250,1,178321250,NA,NA,NA,NA
S3_202797690,3,202797690,NA,NA,NA,NA
S8_129074519,8,129074519,NA,NA,NA,NA
S3_86197154,3,86197154,NA,NA,NA,NA
S3_21679984,3,21679984,NA,NA,NA,NA
S7_167811333,7,167811333,NA,NA,NA,NA
S1_20908700,1,20908700,NA,NA,NA,NA
S1_124679974,1,124679974,NA,NA,NA,NA
S10_92024002,10,92024002,NA,NA,NA,NA
S8_48366887,8,48366887,NA,NA,NA,NA
S5_163983703,5,163983703,NA,NA,NA,NA
S8_146199164,8,146199164,NA,NA,NA,NA
S1_295588875,1,295588875,NA,NA,NA,NA
S1_199340264,1,199340264,NA,NA,NA,NA
S1_173846177,1,173846177,NA,NA,NA,NA
S10_139079340,10,139079340,NA,NA,NA,NA
S6_2396114,6,2396114,NA,NA,NA,NA
S6_155525583,6,155525583,NA,NA,NA,NA
S3_127050329,3,127050329,NA,NA,NA,NA
S9_136916234,9,136916234,NA,NA,NA,NA
S7_167229446,7,167229446,NA,NA,NA,NA
S5_188896179,5,188896179,NA,NA,NA,NA
S9_116263719,9,116263719,NA,NA,NA,NA
S7_143425748,7,143425748,NA,NA,NA,NA
S5_178743945,5,178743945,NA,NA,NA,NA
S9_99293471,9,99293471,NA,NA,NA,NA
S3_145479892,3,145479892,NA,NA,NA,NA
S3_145479905,3,145479905,NA,NA,NA,NA
S9_125427652,9,125427652,NA,NA,NA,NA
S8_156620797,8,156620797,NA,NA,NA,NA
S7_131443222,7,131443222,NA,NA,NA,NA
S1_196534701,1,196534701,NA,NA,NA,NA
S9_148210453,9,148210453,NA,NA,NA,NA
S6_4015618,6,4015618,NA,NA,NA,NA
S1_10978368,1,10978368,NA,NA,NA,NA
S5_211538208,5,211538208,NA,NA,NA,NA
S7_170948990,7,170948990,NA,NA,NA,NA
S10_132539025,10,132539025,NA,NA,NA,NA
S7_3182664,7,3182664,NA,NA,NA,NA
S7_167811295,7,167811295,NA,NA,NA,NA
S2_26004487,2,26004487,NA,NA,NA,NA
S6_28145518,6,28145518,NA,NA,NA,NA
S8_117612550,8,117612550,NA,NA,NA,NA
S9_153610034,9,153610034,NA,NA,NA,NA
S5_168446836,5,168446836,NA,NA,NA,NA
S7_166959187,7,166959187,NA,NA,NA,NA
S3_211147030,3,211147030,NA,NA,NA,NA
S3_111570545,3,111570545,NA,NA,NA,NA
S10_77410591,10,77410591,NA,NA,NA,NA
S3_199981199,3,199981199,NA,NA,NA,NA
S2_45420080,2,45420080,NA,NA,NA,NA
S6_5442575,6,5442575,NA,NA,NA,NA
S6_5442579,6,5442579,NA,NA,NA,NA
S10_18665542,10,18665542,NA,NA,NA,NA
S7_19354423,7,19354423,NA,NA,NA,NA
S9_20858282,9,20858282,NA,NA,NA,NA
S2_204077195,2,204077195,NA,NA,NA,NA
S1_277228232,1,277228232,NA,NA,NA,NA
S2_195605776,2,195605776,NA,NA,NA,NA
S1_295997301,1,295997301,NA,NA,NA,NA
S3_218323765,3,218323765,NA,NA,NA,NA
S1_274409118,1,274409118,NA,NA,NA,NA
S5_172475278,5,172475278,NA,NA,NA,NA
S7_127144894,7,127144894,NA,NA,NA,NA
S3_201330283,3,201330283,NA,NA,NA,NA
S1_115181122,1,115181122,NA,NA,NA,NA
S3_10683496,3,10683496,NA,NA,NA,NA
S3_10683505,3,10683505,NA,NA,NA,NA
S3_10683542,3,10683542,NA,NA,NA,NA
S7_115723778,7,115723778,NA,NA,NA,NA
S7_7257531,7,7257531,NA,NA,NA,NA
S5_206019281,5,206019281,NA,NA,NA,NA
S3_18219889,3,18219889,NA,NA,NA,NA
S8_164750151,8,164750151,NA,NA,NA,NA
S2_214506814,2,214506814,NA,NA,NA,NA
S5_194814216,5,194814216,NA,NA,NA,NA
S9_47218309,9,47218309,NA,NA,NA,NA
S6_158480759,6,158480759,NA,NA,NA,NA
S8_71715126,8,71715126,NA,NA,NA,NA
S4_237898504,4,237898504,NA,NA,NA,NA
S3_142730672,3,142730672,NA,NA,NA,NA
S3_204719853,3,204719853,NA,NA,NA,NA
S1_68546127,1,68546127,NA,NA,NA,NA
S5_74407569,5,74407569,NA,NA,NA,NA
S6_149088340,6,149088340,NA,NA,NA,NA
S8_166531802,8,166531802,NA,NA,NA,NA
S7_146244077,7,146244077,NA,NA,NA,NA
S2_198153882,2,198153882,NA,NA,NA,NA
S2_33500100,2,33500100,NA,NA,NA,NA
S5_34044035,5,34044035,NA,NA,NA,NA
S3_5994350,3,5994350,NA,NA,NA,NA
S2_202280043,2,202280043,NA,NA,NA,NA
S2_53103370,2,53103370,NA,NA,NA,NA
S2_208080347,2,208080347,NA,NA,NA,NA
S4_184892495,4,184892495,NA,NA,NA,NA
S2_200088033,2,200088033,NA,NA,NA,NA
S2_233762534,2,233762534,NA,NA,NA,NA
S7_174574589,7,174574589,NA,NA,NA,NA
S3_180598623,3,180598623,NA,NA,NA,NA
S8_149982580,8,149982580,NA,NA,NA,NA
S8_149982583,8,149982583,NA,NA,NA,NA
S7_144533080,7,144533080,NA,NA,NA,NA
S2_193575884,2,193575884,NA,NA,NA,NA
S2_20925692,2,20925692,NA,NA,NA,NA
S2_20925694,2,20925694,NA,NA,NA,NA
S1_2307134,1,2307134,NA,NA,NA,NA
S6_165208456,6,165208456,NA,NA,NA,NA
S8_68087436,8,68087436,NA,NA,NA,NA
S10_115518654,10,115518654,NA,NA,NA,NA
S1_160123916,1,160123916,NA,NA,NA,NA
S1_160123922,1,160123922,NA,NA,NA,NA
S8_171812435,8,171812435,NA,NA,NA,NA
S10_130278664,10,130278664,NA,NA,NA,NA
S4_175723772,4,175723772,NA,NA,NA,NA
S7_21633891,7,21633891,NA,NA,NA,NA
S4_238041518,4,238041518,NA,NA,NA,NA
S3_2083355,3,2083355,NA,NA,NA,NA
S1_246201344,1,246201344,NA,NA,NA,NA
S7_168995154,7,168995154,NA,NA,NA,NA
S2_29671958,2,29671958,NA,NA,NA,NA
S2_43200645,2,43200645,NA,NA,NA,NA
S8_67202882,8,67202882,NA,NA,NA,NA
S7_46481422,7,46481422,NA,NA,NA,NA
S1_214929456,1,214929456,NA,NA,NA,NA
S9_94183049,9,94183049,NA,NA,NA,NA
S1_197261060,1,197261060,NA,NA,NA,NA
S5_16217240,5,16217240,NA,NA,NA,NA
S3_203500835,3,203500835,NA,NA,NA,NA
S6_162913790,6,162913790,NA,NA,NA,NA
S9_16286490,9,16286490,NA,NA,NA,NA
S5_140765365,5,140765365,NA,NA,NA,NA
S5_140765370,5,140765370,NA,NA,NA,NA
S2_14805724,2,14805724,NA,NA,NA,NA
S2_14805762,2,14805762,NA,NA,NA,NA
S3_178411143,3,178411143,NA,NA,NA,NA
S7_158942425,7,158942425,NA,NA,NA,NA
S7_7008381,7,7008381,NA,NA,NA,NA
S6_147900707,6,147900707,NA,NA,NA,NA
S8_164039684,8,164039684,NA,NA,NA,NA
S8_164039687,8,164039687,NA,NA,NA,NA
S8_164039688,8,164039688,NA,NA,NA,NA
S8_164039706,8,164039706,NA,NA,NA,NA
S8_164039733,8,164039733,NA,NA,NA,NA
S8_164039742,8,164039742,NA,NA,NA,NA
S2_209477467,2,209477467,NA,NA,NA,NA
S4_186951648,4,186951648,NA,NA,NA,NA
S1_200910196,1,200910196,NA,NA,NA,NA
S2_198407302,2,198407302,NA,NA,NA,NA
S9_112489827,9,112489827,NA,NA,NA,NA
S4_234391911,4,234391911,NA,NA,NA,NA
S6_75128032,6,75128032,NA,NA,NA,NA
S2_17572492,2,17572492,NA,NA,NA,NA
S2_17572505,2,17572505,NA,NA,NA,NA
S4_238219820,4,238219820,NA,NA,NA,NA
S2_60630391,2,60630391,NA,NA,NA,NA
S2_12243893,2,12243893,NA,NA,NA,NA
S6_153264966,6,153264966,NA,NA,NA,NA
S6_162723660,6,162723660,NA,NA,NA,NA
S9_149647425,9,149647425,NA,NA,NA,NA
S2_212745126,2,212745126,NA,NA,NA,NA
S6_84376124,6,84376124,NA,NA,NA,NA
S3_229903009,3,229903009,NA,NA,NA,NA
S6_34889640,6,34889640,NA,NA,NA,NA
S5_163229893,5,163229893,NA,NA,NA,NA
S3_113067053,3,113067053,NA,NA,NA,NA
S5_1843709,5,1843709,NA,NA,NA,NA
S2_164188152,2,164188152,NA,NA,NA,NA
S2_16037854,2,16037854,NA,NA,NA,NA
S2_16037857,2,16037857,NA,NA,NA,NA
S5_211550014,5,211550014,NA,NA,NA,NA
S5_27199218,5,27199218,NA,NA,NA,NA
S7_155304078,7,155304078,NA,NA,NA,NA
S7_155304132,7,155304132,NA,NA,NA,NA
S7_155304134,7,155304134,NA,NA,NA,NA
S5_163112362,5,163112362,NA,NA,NA,NA
S10_36047130,10,36047130,NA,NA,NA,NA
S10_8931782,10,8931782,NA,NA,NA,NA
S6_163107657,6,163107657,NA,NA,NA,NA
S3_40931640,3,40931640,NA,NA,NA,NA
S10_8932692,10,8932692,NA,NA,NA,NA
S1_50861873,1,50861873,NA,NA,NA,NA
S5_3768535,5,3768535,NA,NA,NA,NA
S7_10288357,7,10288357,NA,NA,NA,NA
S10_137773362,10,137773362,NA,NA,NA,NA
S2_18514113,2,18514113,NA,NA,NA,NA
S2_173779106,2,173779106,NA,NA,NA,NA
S10_144986135,10,144986135,NA,NA,NA,NA
S4_183765179,4,183765179,NA,NA,NA,NA
S10_54431833,10,54431833,NA,NA,NA,NA
S8_38737314,8,38737314,NA,NA,NA,NA
S5_3642426,5,3642426,NA,NA,NA,NA
S9_122921439,9,122921439,NA,NA,NA,NA
S3_149385251,3,149385251,NA,NA,NA,NA
S5_34043959,5,34043959,NA,NA,NA,NA
S8_7623163,8,7623163,NA,NA,NA,NA
S4_180429924,4,180429924,NA,NA,NA,NA
S7_15660622,7,15660622,NA,NA,NA,NA
S7_13578633,7,13578633,NA,NA,NA,NA
S1_177619294,1,177619294,NA,NA,NA,NA
S1_107184606,1,107184606,NA,NA,NA,NA
S5_176030309,5,176030309,NA,NA,NA,NA
S8_155013047,8,155013047,NA,NA,NA,NA
S1_31855785,1,31855785,NA,NA,NA,NA
S2_186639274,2,186639274,NA,NA,NA,NA
S8_157619690,8,157619690,NA,NA,NA,NA
S8_157619691,8,157619691,NA,NA,NA,NA
S8_157619693,8,157619693,NA,NA,NA,NA
S9_7724417,9,7724417,NA,NA,NA,NA
S4_38023082,4,38023082,NA,NA,NA,NA
S8_26350645,8,26350645,NA,NA,NA,NA
S5_167586957,5,167586957,NA,NA,NA,NA
S7_172581081,7,172581081,NA,NA,NA,NA
S5_213106995,5,213106995,NA,NA,NA,NA
S5_172475292,5,172475292,NA,NA,NA,NA
S5_172475299,5,172475299,NA,NA,NA,NA
S7_100265688,7,100265688,NA,NA,NA,NA
S8_170162144,8,170162144,NA,NA,NA,NA
S9_153963402,9,153963402,NA,NA,NA,NA
S5_32920436,5,32920436,NA,NA,NA,NA
S9_101429043,9,101429043,NA,NA,NA,NA
S8_152322485,8,152322485,NA,NA,NA,NA
S8_106236616,8,106236616,NA,NA,NA,NA
S2_37133446,2,37133446,NA,NA,NA,NA
S2_232000593,2,232000593,NA,NA,NA,NA
S10_120793354,10,120793354,NA,NA,NA,NA
S7_148148303,7,148148303,NA,NA,NA,NA
S7_148148318,7,148148318,NA,NA,NA,NA
S10_144615066,10,144615066,NA,NA,NA,NA
S8_156049038,8,156049038,NA,NA,NA,NA
S3_110671471,3,110671471,NA,NA,NA,NA
S2_222438833,2,222438833,NA,NA,NA,NA
S5_190295725,5,190295725,NA,NA,NA,NA
S9_74313493,9,74313493,NA,NA,NA,NA
S9_65961789,9,65961789,NA,NA,NA,NA
S10_109711631,10,109711631,NA,NA,NA,NA
S7_11335522,7,11335522,NA,NA,NA,NA
S1_195281872,1,195281872,NA,NA,NA,NA
S2_111583207,2,111583207,NA,NA,NA,NA
S3_197249735,3,197249735,NA,NA,NA,NA
S8_2079445,8,2079445,NA,NA,NA,NA
S5_189889949,5,189889949,NA,NA,NA,NA
S2_23115770,2,23115770,NA,NA,NA,NA
S3_175692005,3,175692005,NA,NA,NA,NA
S9_138771345,9,138771345,NA,NA,NA,NA
S2_59012014,2,59012014,NA,NA,NA,NA
S8_3293154,8,3293154,NA,NA,NA,NA
S10_24445221,10,24445221,NA,NA,NA,NA
S5_191899974,5,191899974,NA,NA,NA,NA
S5_20198180,5,20198180,NA,NA,NA,NA
S9_152824259,9,152824259,NA,NA,NA,NA
S1_211005786,1,211005786,NA,NA,NA,NA
S8_146152784,8,146152784,NA,NA,NA,NA
S5_63640217,5,63640217,NA,NA,NA,NA
S9_103954777,9,103954777,NA,NA,NA,NA
S2_55627253,2,55627253,NA,NA,NA,NA
S2_188413951,2,188413951,NA,NA,NA,NA
S4_136963088,4,136963088,NA,NA,NA,NA
S4_136963089,4,136963089,NA,NA,NA,NA
S1_66770206,1,66770206,NA,NA,NA,NA
S5_209743125,5,209743125,NA,NA,NA,NA
S6_157820091,6,157820091,NA,NA,NA,NA
S8_18450805,8,18450805,NA,NA,NA,NA
S7_165384608,7,165384608,NA,NA,NA,NA
S2_184000766,2,184000766,NA,NA,NA,NA
S3_151940839,3,151940839,NA,NA,NA,NA
S4_178138443,4,178138443,NA,NA,NA,NA
S7_19083787,7,19083787,NA,NA,NA,NA
S7_19083788,7,19083788,NA,NA,NA,NA
S2_17862253,2,17862253,NA,NA,NA,NA
S2_17862254,2,17862254,NA,NA,NA,NA
S2_17862255,2,17862255,NA,NA,NA,NA
S3_153934052,3,153934052,NA,NA,NA,NA
S7_133053410,7,133053410,NA,NA,NA,NA
S6_132226470,6,132226470,NA,NA,NA,NA
S10_80576138,10,80576138,NA,NA,NA,NA
S8_123913220,8,123913220,NA,NA,NA,NA
S7_14618236,7,14618236,NA,NA,NA,NA
S2_14462806,2,14462806,NA,NA,NA,NA
S8_5911765,8,5911765,NA,NA,NA,NA
S5_144813010,5,144813010,NA,NA,NA,NA
S7_995619,7,995619,NA,NA,NA,NA
S1_234740606,1,234740606,NA,NA,NA,NA
S1_31249625,1,31249625,NA,NA,NA,NA
S5_181387933,5,181387933,NA,NA,NA,NA
S1_269304437,1,269304437,NA,NA,NA,NA
S10_130907826,10,130907826,NA,NA,NA,NA
S10_4024682,10,4024682,NA,NA,NA,NA
S9_128457999,9,128457999,NA,NA,NA,NA
S4_163779660,4,163779660,NA,NA,NA,NA
S5_208255244,5,208255244,NA,NA,NA,NA
S3_50098800,3,50098800,NA,NA,NA,NA
S2_6031596,2,6031596,NA,NA,NA,NA
S8_16757080,8,16757080,NA,NA,NA,NA
S8_167423177,8,167423177,NA,NA,NA,NA
S4_200530193,4,200530193,NA,NA,NA,NA
S5_144813051,5,144813051,NA,NA,NA,NA
S5_213293424,5,213293424,NA,NA,NA,NA
S3_167009206,3,167009206,NA,NA,NA,NA
S1_230187527,1,230187527,NA,NA,NA,NA
S5_189885376,5,189885376,NA,NA,NA,NA
S10_138087185,10,138087185,NA,NA,NA,NA
S3_197403687,3,197403687,NA,NA,NA,NA
S3_17831409,3,17831409,NA,NA,NA,NA
S8_105778046,8,105778046,NA,NA,NA,NA
S1_16778684,1,16778684,NA,NA,NA,NA
S10_137204131,10,137204131,NA,NA,NA,NA
S3_103323874,3,103323874,NA,NA,NA,NA
S10_139079283,10,139079283,NA,NA,NA,NA
S8_401077,8,401077,NA,NA,NA,NA
S3_63531251,3,63531251,NA,NA,NA,NA
S3_63531253,3,63531253,NA,NA,NA,NA
S3_63531272,3,63531272,NA,NA,NA,NA
S3_12134231,3,12134231,NA,NA,NA,NA
S10_118836476,10,118836476,NA,NA,NA,NA
S2_118535999,2,118535999,NA,NA,NA,NA
S2_118536002,2,118536002,NA,NA,NA,NA
S3_142895785,3,142895785,NA,NA,NA,NA
S9_120249352,9,120249352,NA,NA,NA,NA
S10_136115466,10,136115466,NA,NA,NA,NA
S3_48300832,3,48300832,NA,NA,NA,NA
S3_48300868,3,48300868,NA,NA,NA,NA
S7_138617419,7,138617419,NA,NA,NA,NA
S9_149382372,9,149382372,NA,NA,NA,NA
S3_47337478,3,47337478,NA,NA,NA,NA
S2_194480829,2,194480829,NA,NA,NA,NA
S8_13371498,8,13371498,NA,NA,NA,NA
S1_218419383,1,218419383,NA,NA,NA,NA
S3_169053334,3,169053334,NA,NA,NA,NA
S5_19590544,5,19590544,NA,NA,NA,NA
S4_200530205,4,200530205,NA,NA,NA,NA
S3_226764941,3,226764941,NA,NA,NA,NA
S10_112938235,10,112938235,NA,NA,NA,NA
S2_15141122,2,15141122,NA,NA,NA,NA
S3_223748024,3,223748024,NA,NA,NA,NA
S2_168456610,2,168456610,NA,NA,NA,NA
S8_4809606,8,4809606,NA,NA,NA,NA
S1_174280413,1,174280413,NA,NA,NA,NA
S1_174280415,1,174280415,NA,NA,NA,NA
S2_202641741,2,202641741,NA,NA,NA,NA
S1_2467298,1,2467298,NA,NA,NA,NA
S2_199173727,2,199173727,NA,NA,NA,NA
S10_10138359,10,10138359,NA,NA,NA,NA
S2_233632568,2,233632568,NA,NA,NA,NA
S5_3954957,5,3954957,NA,NA,NA,NA
S1_161307988,1,161307988,NA,NA,NA,NA
S8_140699482,8,140699482,NA,NA,NA,NA
S5_39361481,5,39361481,NA,NA,NA,NA
S2_105773660,2,105773660,NA,NA,NA,NA
S1_37711855,1,37711855,NA,NA,NA,NA
S8_166782737,8,166782737,NA,NA,NA,NA
S3_121560416,3,121560416,NA,NA,NA,NA
S6_3179905,6,3179905,NA,NA,NA,NA
S1_72351869,1,72351869,NA,NA,NA,NA
S4_143804660,4,143804660,NA,NA,NA,NA
S4_155009363,4,155009363,NA,NA,NA,NA
S7_150176978,7,150176978,NA,NA,NA,NA
S4_157107739,4,157107739,NA,NA,NA,NA
S3_180979178,3,180979178,NA,NA,NA,NA
S1_286456293,1,286456293,NA,NA,NA,NA
S1_281023644,1,281023644,NA,NA,NA,NA
S2_175336705,2,175336705,NA,NA,NA,NA
S8_135592752,8,135592752,NA,NA,NA,NA
S7_148850960,7,148850960,NA,NA,NA,NA
S8_140582658,8,140582658,NA,NA,NA,NA
S1_276697913,1,276697913,NA,NA,NA,NA
S1_71599171,1,71599171,NA,NA,NA,NA
S5_196726046,5,196726046,NA,NA,NA,NA
S4_173563160,4,173563160,NA,NA,NA,NA
S5_32464365,5,32464365,NA,NA,NA,NA
S5_159232769,5,159232769,NA,NA,NA,NA
S1_262566164,1,262566164,NA,NA,NA,NA
S1_8657552,1,8657552,NA,NA,NA,NA
S1_253135163,1,253135163,NA,NA,NA,NA
S10_21553098,10,21553098,NA,NA,NA,NA
S1_254468512,1,254468512,NA,NA,NA,NA
S4_235268669,4,235268669,NA,NA,NA,NA
S3_191841403,3,191841403,NA,NA,NA,NA
S5_146885160,5,146885160,NA,NA,NA,NA
S1_45928305,1,45928305,NA,NA,NA,NA
S6_109087020,6,109087020,NA,NA,NA,NA
S7_14459913,7,14459913,NA,NA,NA,NA
S6_91632122,6,91632122,NA,NA,NA,NA
S8_157453200,8,157453200,NA,NA,NA,NA
S8_146183773,8,146183773,NA,NA,NA,NA
S6_41535730,6,41535730,NA,NA,NA,NA
S7_169334894,7,169334894,NA,NA,NA,NA
S6_143027879,6,143027879,NA,NA,NA,NA
S4_156718547,4,156718547,NA,NA,NA,NA
S2_187681372,2,187681372,NA,NA,NA,NA
S4_15688658,4,15688658,NA,NA,NA,NA
S2_163825085,2,163825085,NA,NA,NA,NA
S9_125171314,9,125171314,NA,NA,NA,NA
S3_226806753,3,226806753,NA,NA,NA,NA
S10_147141046,10,147141046,NA,NA,NA,NA
S8_164039689,8,164039689,NA,NA,NA,NA
S1_6546351,1,6546351,NA,NA,NA,NA
S1_6546352,1,6546352,NA,NA,NA,NA
S1_6546353,1,6546353,NA,NA,NA,NA
S7_9334962,7,9334962,NA,NA,NA,NA
S8_139345979,8,139345979,NA,NA,NA,NA
S7_169257156,7,169257156,NA,NA,NA,NA
S7_108480602,7,108480602,NA,NA,NA,NA
S8_120149641,8,120149641,NA,NA,NA,NA
S8_93494936,8,93494936,NA,NA,NA,NA
S8_166503552,8,166503552,NA,NA,NA,NA
S5_208066400,5,208066400,NA,NA,NA,NA
S8_152131943,8,152131943,NA,NA,NA,NA
S5_186678641,5,186678641,NA,NA,NA,NA
S3_3525262,3,3525262,NA,NA,NA,NA
S9_149387294,9,149387294,NA,NA,NA,NA
S3_216841600,3,216841600,NA,NA,NA,NA
S2_130524875,2,130524875,NA,NA,NA,NA
S2_160962949,2,160962949,NA,NA,NA,NA
S4_127852194,4,127852194,NA,NA,NA,NA
S4_35577172,4,35577172,NA,NA,NA,NA
S4_2045657,4,2045657,NA,NA,NA,NA
S1_83827283,1,83827283,NA,NA,NA,NA
S2_136353101,2,136353101,NA,NA,NA,NA
S6_147692444,6,147692444,NA,NA,NA,NA
S5_185497980,5,185497980,NA,NA,NA,NA
S1_235647871,1,235647871,NA,NA,NA,NA
S2_23737827,2,23737827,NA,NA,NA,NA
S3_218487892,3,218487892,NA,NA,NA,NA
S8_119256174,8,119256174,NA,NA,NA,NA
S8_119256178,8,119256178,NA,NA,NA,NA
S10_149391091,10,149391091,NA,NA,NA,NA
S4_5255801,4,5255801,NA,NA,NA,NA
S3_55373945,3,55373945,NA,NA,NA,NA
S2_62290834,2,62290834,NA,NA,NA,NA
S5_1818515,5,1818515,NA,NA,NA,NA
S7_133052269,7,133052269,NA,NA,NA,NA
S9_13426352,9,13426352,NA,NA,NA,NA
S8_91421894,8,91421894,NA,NA,NA,NA
S2_12113980,2,12113980,NA,NA,NA,NA
S1_160252815,1,160252815,NA,NA,NA,NA
S7_4111233,7,4111233,NA,NA,NA,NA
S3_10455476,3,10455476,NA,NA,NA,NA
S4_34932396,4,34932396,NA,NA,NA,NA
S1_290201020,1,290201020,NA,NA,NA,NA
S9_113013625,9,113013625,NA,NA,NA,NA
S8_155533175,8,155533175,NA,NA,NA,NA
S9_121582389,9,121582389,NA,NA,NA,NA
S8_163716602,8,163716602,NA,NA,NA,NA
S1_287488883,1,287488883,NA,NA,NA,NA
S9_144158938,9,144158938,NA,NA,NA,NA
S5_76383481,5,76383481,NA,NA,NA,NA
S6_151638424,6,151638424,NA,NA,NA,NA
S3_214202761,3,214202761,NA,NA,NA,NA
S10_22362487,10,22362487,NA,NA,NA,NA
S2_51751356,2,51751356,NA,NA,NA,NA
S3_58153134,3,58153134,NA,NA,NA,NA
S10_102876184,10,102876184,NA,NA,NA,NA
S1_272041868,1,272041868,NA,NA,NA,NA
S2_143485578,2,143485578,NA,NA,NA,NA
S6_165402329,6,165402329,NA,NA,NA,NA
S1_277383277,1,277383277,NA,NA,NA,NA
S2_28316013,2,28316013,NA,NA,NA,NA
S2_28316014,2,28316014,NA,NA,NA,NA
S2_28316015,2,28316015,NA,NA,NA,NA
S1_187669119,1,187669119,NA,NA,NA,NA
S10_99994940,10,99994940,NA,NA,NA,NA
S5_4969441,5,4969441,NA,NA,NA,NA
S1_278359053,1,278359053,NA,NA,NA,NA
S1_298133650,1,298133650,NA,NA,NA,NA
S7_40999388,7,40999388,NA,NA,NA,NA
S2_6172489,2,6172489,NA,NA,NA,NA
S1_180716587,1,180716587,NA,NA,NA,NA
S3_9318082,3,9318082,NA,NA,NA,NA
S8_170446734,8,170446734,NA,NA,NA,NA
S8_27643643,8,27643643,NA,NA,NA,NA
S6_123383534,6,123383534,NA,NA,NA,NA
S4_159994552,4,159994552,NA,NA,NA,NA
S9_144612202,9,144612202,NA,NA,NA,NA
S9_144612226,9,144612226,NA,NA,NA,NA
S6_7156722,6,7156722,NA,NA,NA,NA
S5_38986854,5,38986854,NA,NA,NA,NA
S7_23951328,7,23951328,NA,NA,NA,NA
S1_201739599,1,201739599,NA,NA,NA,NA
S8_173061827,8,173061827,NA,NA,NA,NA
S5_199389627,5,199389627,NA,NA,NA,NA
S3_121069523,3,121069523,NA,NA,NA,NA
S3_216257516,3,216257516,NA,NA,NA,NA
S2_42113693,2,42113693,NA,NA,NA,NA
S5_89156746,5,89156746,NA,NA,NA,NA
S7_168201437,7,168201437,NA,NA,NA,NA
S1_222399686,1,222399686,NA,NA,NA,NA
S3_25921519,3,25921519,NA,NA,NA,NA
S2_144479733,2,144479733,NA,NA,NA,NA
S9_20310974,9,20310974,NA,NA,NA,NA
S9_152681960,9,152681960,NA,NA,NA,NA
S1_30804753,1,30804753,NA,NA,NA,NA
S1_43681397,1,43681397,NA,NA,NA,NA
S3_145476370,3,145476370,NA,NA,NA,NA
S3_5849877,3,5849877,NA,NA,NA,NA
S2_228065087,2,228065087,NA,NA,NA,NA
S1_35215057,1,35215057,NA,NA,NA,NA
S5_143009773,5,143009773,NA,NA,NA,NA
S6_97228648,6,97228648,NA,NA,NA,NA
S9_99365688,9,99365688,NA,NA,NA,NA
S3_221581567,3,221581567,NA,NA,NA,NA
S2_199459654,2,199459654,NA,NA,NA,NA
S1_154952680,1,154952680,NA,NA,NA,NA
S1_211324103,1,211324103,NA,NA,NA,NA
S2_51233123,2,51233123,NA,NA,NA,NA
S8_138943045,8,138943045,NA,NA,NA,NA
S1_206460018,1,206460018,NA,NA,NA,NA
S10_81712619,10,81712619,NA,NA,NA,NA
S8_157685779,8,157685779,NA,NA,NA,NA
S5_33980479,5,33980479,NA,NA,NA,NA
S6_165536819,6,165536819,NA,NA,NA,NA
S4_211295900,4,211295900,NA,NA,NA,NA
S1_300435122,1,300435122,NA,NA,NA,NA
S3_146251923,3,146251923,NA,NA,NA,NA
S7_5784613,7,5784613,NA,NA,NA,NA
S2_143268199,2,143268199,NA,NA,NA,NA
S7_131379336,7,131379336,NA,NA,NA,NA
S9_145036101,9,145036101,NA,NA,NA,NA
S5_151317443,5,151317443,NA,NA,NA,NA
S5_151317445,5,151317445,NA,NA,NA,NA
S1_280582706,1,280582706,NA,NA,NA,NA
S6_151793579,6,151793579,NA,NA,NA,NA
S10_92023959,10,92023959,NA,NA,NA,NA
S3_221608190,3,221608190,NA,NA,NA,NA
S9_149664762,9,149664762,NA,NA,NA,NA
S7_77296832,7,77296832,NA,NA,NA,NA
S7_7460929,7,7460929,NA,NA,NA,NA
S7_10900488,7,10900488,NA,NA,NA,NA
S6_130529283,6,130529283,NA,NA,NA,NA
S8_171149608,8,171149608,NA,NA,NA,NA
S1_189771473,1,189771473,NA,NA,NA,NA
S10_145280955,10,145280955,NA,NA,NA,NA
S1_32308604,1,32308604,NA,NA,NA,NA
S1_59577117,1,59577117,NA,NA,NA,NA
S5_193656606,5,193656606,NA,NA,NA,NA
S3_58713251,3,58713251,NA,NA,NA,NA
S7_167631444,7,167631444,NA,NA,NA,NA
S6_150772349,6,150772349,NA,NA,NA,NA
S2_211773092,2,211773092,NA,NA,NA,NA
S8_172244830,8,172244830,NA,NA,NA,NA
S1_56558534,1,56558534,NA,NA,NA,NA
S4_164087470,4,164087470,NA,NA,NA,NA
S2_189217330,2,189217330,NA,NA,NA,NA
S2_12243894,2,12243894,NA,NA,NA,NA
S3_229558537,3,229558537,NA,NA,NA,NA
S3_13205357,3,13205357,NA,NA,NA,NA
S4_225998150,4,225998150,NA,NA,NA,NA
S9_123240714,9,123240714,NA,NA,NA,NA
S4_182280060,4,182280060,NA,NA,NA,NA
S5_167068471,5,167068471,NA,NA,NA,NA
S5_18768549,5,18768549,NA,NA,NA,NA
S5_210057728,5,210057728,NA,NA,NA,NA
S1_14780391,1,14780391,NA,NA,NA,NA
S3_217898685,3,217898685,NA,NA,NA,NA
S2_43379206,2,43379206,NA,NA,NA,NA
S2_235888880,2,235888880,NA,NA,NA,NA
S6_162009915,6,162009915,NA,NA,NA,NA
S2_22193430,2,22193430,NA,NA,NA,NA
S10_121851048,10,121851048,NA,NA,NA,NA
S1_37711878,1,37711878,NA,NA,NA,NA
S6_160052458,6,160052458,NA,NA,NA,NA
S2_199139625,2,199139625,NA,NA,NA,NA
S1_231279283,1,231279283,NA,NA,NA,NA
S2_224536925,2,224536925,NA,NA,NA,NA
S6_168096791,6,168096791,NA,NA,NA,NA
S1_262566135,1,262566135,NA,NA,NA,NA
S2_211285173,2,211285173,NA,NA,NA,NA
S1_276695882,1,276695882,NA,NA,NA,NA
S8_150561288,8,150561288,NA,NA,NA,NA
S5_48099718,5,48099718,NA,NA,NA,NA
S6_167594329,6,167594329,NA,NA,NA,NA
S5_143164374,5,143164374,NA,NA,NA,NA
S5_143164377,5,143164377,NA,NA,NA,NA
S1_24583378,1,24583378,NA,NA,NA,NA
S7_171729229,7,171729229,NA,NA,NA,NA
S8_4360369,8,4360369,NA,NA,NA,NA
S1_174644999,1,174644999,NA,NA,NA,NA
S7_172824245,7,172824245,NA,NA,NA,NA
S8_17059772,8,17059772,NA,NA,NA,NA
S10_83313158,10,83313158,NA,NA,NA,NA
S6_144125412,6,144125412,NA,NA,NA,NA
S7_46479301,7,46479301,NA,NA,NA,NA
S6_58870040,6,58870040,NA,NA,NA,NA
S10_85684275,10,85684275,NA,NA,NA,NA
S3_215758011,3,215758011,NA,NA,NA,NA
S2_4166948,2,4166948,NA,NA,NA,NA
S5_79867347,5,79867347,NA,NA,NA,NA
S3_151202808,3,151202808,NA,NA,NA,NA
S5_54534503,5,54534503,NA,NA,NA,NA
S1_12852276,1,12852276,NA,NA,NA,NA
S7_109154188,7,109154188,NA,NA,NA,NA
S6_76487053,6,76487053,NA,NA,NA,NA
S6_157381339,6,157381339,NA,NA,NA,NA
S1_79733823,1,79733823,NA,NA,NA,NA
S10_148513247,10,148513247,NA,NA,NA,NA
S8_146061189,8,146061189,NA,NA,NA,NA
S8_157725575,8,157725575,NA,NA,NA,NA
S5_160833636,5,160833636,NA,NA,NA,NA
S7_13980504,7,13980504,NA,NA,NA,NA
S2_188415949,2,188415949,NA,NA,NA,NA
S4_237777468,4,237777468,NA,NA,NA,NA
S2_222220033,2,222220033,NA,NA,NA,NA
S4_209866387,4,209866387,NA,NA,NA,NA
S10_10725927,10,10725927,NA,NA,NA,NA
S5_38986851,5,38986851,NA,NA,NA,NA
S4_86271372,4,86271372,NA,NA,NA,NA
S7_126162868,7,126162868,NA,NA,NA,NA
S1_154877315,1,154877315,NA,NA,NA,NA
S4_175574327,4,175574327,NA,NA,NA,NA
S9_149552629,9,149552629,NA,NA,NA,NA
S7_167231184,7,167231184,NA,NA,NA,NA
S7_157468745,7,157468745,NA,NA,NA,NA
S6_151564967,6,151564967,NA,NA,NA,NA
S5_159543496,5,159543496,NA,NA,NA,NA
S3_199867100,3,199867100,NA,NA,NA,NA
S3_2156074,3,2156074,NA,NA,NA,NA
S6_112003988,6,112003988,NA,NA,NA,NA
S2_144678727,2,144678727,NA,NA,NA,NA
S3_187005250,3,187005250,NA,NA,NA,NA
S6_150368527,6,150368527,NA,NA,NA,NA
S2_187075375,2,187075375,NA,NA,NA,NA
S10_76408768,10,76408768,NA,NA,NA,NA
S1_104679457,1,104679457,NA,NA,NA,NA
S3_106568876,3,106568876,NA,NA,NA,NA
S10_60535780,10,60535780,NA,NA,NA,NA
S3_170124509,3,170124509,NA,NA,NA,NA
S3_170124512,3,170124512,NA,NA,NA,NA
S4_222830592,4,222830592,NA,NA,NA,NA
S4_18936741,4,18936741,NA,NA,NA,NA
S6_120274682,6,120274682,NA,NA,NA,NA
S1_37209316,1,37209316,NA,NA,NA,NA
S8_16854478,8,16854478,NA,NA,NA,NA
S9_118393696,9,118393696,NA,NA,NA,NA
S1_105951838,1,105951838,NA,NA,NA,NA
S2_110367366,2,110367366,NA,NA,NA,NA
S5_213178652,5,213178652,NA,NA,NA,NA
S2_198407285,2,198407285,NA,NA,NA,NA
S5_147626131,5,147626131,NA,NA,NA,NA
S2_217120279,2,217120279,NA,NA,NA,NA
S8_139890629,8,139890629,NA,NA,NA,NA
S1_38548827,1,38548827,NA,NA,NA,NA
S1_88711734,1,88711734,NA,NA,NA,NA
S4_147128492,4,147128492,NA,NA,NA,NA
S9_116948162,9,116948162,NA,NA,NA,NA
S9_103957301,9,103957301,NA,NA,NA,NA
S5_212505796,5,212505796,NA,NA,NA,NA
S7_99385216,7,99385216,NA,NA,NA,NA
S6_143129102,6,143129102,NA,NA,NA,NA
S7_9340952,7,9340952,NA,NA,NA,NA
S5_193849763,5,193849763,NA,NA,NA,NA
S9_8470109,9,8470109,NA,NA,NA,NA
S1_197262384,1,197262384,NA,NA,NA,NA
S4_238168364,4,238168364,NA,NA,NA,NA
S6_154771903,6,154771903,NA,NA,NA,NA
S5_181588719,5,181588719,NA,NA,NA,NA
S7_125975162,7,125975162,NA,NA,NA,NA
S6_85206063,6,85206063,NA,NA,NA,NA
S7_165246204,7,165246204,NA,NA,NA,NA
S9_99365459,9,99365459,NA,NA,NA,NA
S10_99374237,10,99374237,NA,NA,NA,NA
S5_158822733,5,158822733,NA,NA,NA,NA
S9_124643104,9,124643104,NA,NA,NA,NA
S2_139435119,2,139435119,NA,NA,NA,NA
S4_15320911,4,15320911,NA,NA,NA,NA
S8_162561752,8,162561752,NA,NA,NA,NA
S1_33268151,1,33268151,NA,NA,NA,NA
S1_282745085,1,282745085,NA,NA,NA,NA
S1_282745088,1,282745088,NA,NA,NA,NA
S1_62500364,1,62500364,NA,NA,NA,NA
S1_183502425,1,183502425,NA,NA,NA,NA
S5_164365448,5,164365448,NA,NA,NA,NA
S8_161711001,8,161711001,NA,NA,NA,NA
S5_158409896,5,158409896,NA,NA,NA,NA
S3_160665903,3,160665903,NA,NA,NA,NA
S1_8450434,1,8450434,NA,NA,NA,NA
S2_14003174,2,14003174,NA,NA,NA,NA
S5_188667197,5,188667197,NA,NA,NA,NA
S2_212549699,2,212549699,NA,NA,NA,NA
S1_68115188,1,68115188,NA,NA,NA,NA
S6_82814593,6,82814593,NA,NA,NA,NA
S7_5108697,7,5108697,NA,NA,NA,NA
S5_7271835,5,7271835,NA,NA,NA,NA
S8_2080697,8,2080697,NA,NA,NA,NA
S8_2080698,8,2080698,NA,NA,NA,NA
S5_4945612,5,4945612,NA,NA,NA,NA
S5_205332562,5,205332562,NA,NA,NA,NA
S5_183517049,5,183517049,NA,NA,NA,NA
S8_168923204,8,168923204,NA,NA,NA,NA
S2_6994003,2,6994003,NA,NA,NA,NA
S9_113062521,9,113062521,NA,NA,NA,NA
S9_113062536,9,113062536,NA,NA,NA,NA
S5_182090177,5,182090177,NA,NA,NA,NA
S4_27452856,4,27452856,NA,NA,NA,NA
S9_20338224,9,20338224,NA,NA,NA,NA
S1_36154260,1,36154260,NA,NA,NA,NA
S5_76631777,5,76631777,NA,NA,NA,NA
S10_98799601,10,98799601,NA,NA,NA,NA
S3_229573098,3,229573098,NA,NA,NA,NA
S2_61328424,2,61328424,NA,NA,NA,NA
S2_25828677,2,25828677,NA,NA,NA,NA
S2_25828690,2,25828690,NA,NA,NA,NA
S9_121724783,9,121724783,NA,NA,NA,NA
S1_3650405,1,3650405,NA,NA,NA,NA
S5_79858680,5,79858680,NA,NA,NA,NA
S6_165022542,6,165022542,NA,NA,NA,NA
S9_88648380,9,88648380,NA,NA,NA,NA
S8_142532567,8,142532567,NA,NA,NA,NA
S7_157503274,7,157503274,NA,NA,NA,NA
S10_113149897,10,113149897,NA,NA,NA,NA
S1_82510985,1,82510985,NA,NA,NA,NA
S9_114919634,9,114919634,NA,NA,NA,NA
S1_218565248,1,218565248,NA,NA,NA,NA
S1_218565268,1,218565268,NA,NA,NA,NA
S1_218565293,1,218565293,NA,NA,NA,NA
S7_173282545,7,173282545,NA,NA,NA,NA
S3_1597356,3,1597356,NA,NA,NA,NA
S2_205898020,2,205898020,NA,NA,NA,NA
S10_72773150,10,72773150,NA,NA,NA,NA
S2_59038435,2,59038435,NA,NA,NA,NA
S6_152209093,6,152209093,NA,NA,NA,NA
S1_42847629,1,42847629,NA,NA,NA,NA
S3_197718835,3,197718835,NA,NA,NA,NA
S8_27312957,8,27312957,NA,NA,NA,NA
S2_4990680,2,4990680,NA,NA,NA,NA
S1_291902761,1,291902761,NA,NA,NA,NA
S4_182010169,4,182010169,NA,NA,NA,NA
S5_215845489,5,215845489,NA,NA,NA,NA
S1_221369898,1,221369898,NA,NA,NA,NA
S5_73124266,5,73124266,NA,NA,NA,NA
S1_211256542,1,211256542,NA,NA,NA,NA
S3_191080328,3,191080328,NA,NA,NA,NA
S7_155224498,7,155224498,NA,NA,NA,NA
S9_137634190,9,137634190,NA,NA,NA,NA
S4_188055821,4,188055821,NA,NA,NA,NA
S4_188055822,4,188055822,NA,NA,NA,NA
S4_188055824,4,188055824,NA,NA,NA,NA
S4_175278549,4,175278549,NA,NA,NA,NA
S6_163870266,6,163870266,NA,NA,NA,NA
S6_160014028,6,160014028,NA,NA,NA,NA
S5_22150264,5,22150264,NA,NA,NA,NA
S5_199292424,5,199292424,NA,NA,NA,NA
S4_174911740,4,174911740,NA,NA,NA,NA
S4_201183880,4,201183880,NA,NA,NA,NA
S6_150368443,6,150368443,NA,NA,NA,NA
S6_150368446,6,150368446,NA,NA,NA,NA
S3_200309874,3,200309874,NA,NA,NA,NA
S1_249419717,1,249419717,NA,NA,NA,NA
S7_161286268,7,161286268,NA,NA,NA,NA
S9_1447873,9,1447873,NA,NA,NA,NA
S3_215373680,3,215373680,NA,NA,NA,NA
S3_57478009,3,57478009,NA,NA,NA,NA
S3_200192610,3,200192610,NA,NA,NA,NA
S3_162175969,3,162175969,NA,NA,NA,NA
S1_293223070,1,293223070,NA,NA,NA,NA
S8_12211373,8,12211373,NA,NA,NA,NA
S1_285069392,1,285069392,NA,NA,NA,NA
S4_236728065,4,236728065,NA,NA,NA,NA
S7_147424534,7,147424534,NA,NA,NA,NA
S9_153451623,9,153451623,NA,NA,NA,NA
S5_138505935,5,138505935,NA,NA,NA,NA
S8_3629838,8,3629838,NA,NA,NA,NA
S3_183554077,3,183554077,NA,NA,NA,NA
S2_26881482,2,26881482,NA,NA,NA,NA
S2_15998002,2,15998002,NA,NA,NA,NA
S9_55347533,9,55347533,NA,NA,NA,NA
S7_126518882,7,126518882,NA,NA,NA,NA
S3_209724466,3,209724466,NA,NA,NA,NA
S7_33008880,7,33008880,NA,NA,NA,NA
S2_34673073,2,34673073,NA,NA,NA,NA
S9_18702467,9,18702467,NA,NA,NA,NA
S5_28022391,5,28022391,NA,NA,NA,NA
S6_114178975,6,114178975,NA,NA,NA,NA
S3_166796915,3,166796915,NA,NA,NA,NA
S3_208629458,3,208629458,NA,NA,NA,NA
S5_140984835,5,140984835,NA,NA,NA,NA
S5_187805880,5,187805880,NA,NA,NA,NA
S2_187817312,2,187817312,NA,NA,NA,NA
S10_128815010,10,128815010,NA,NA,NA,NA
S3_22944526,3,22944526,NA,NA,NA,NA
S3_23493533,3,23493533,NA,NA,NA,NA
S2_194114060,2,194114060,NA,NA,NA,NA
S10_108117940,10,108117940,NA,NA,NA,NA
S4_231406020,4,231406020,NA,NA,NA,NA
S1_221369897,1,221369897,NA,NA,NA,NA
S3_19256000,3,19256000,NA,NA,NA,NA
S8_14748338,8,14748338,NA,NA,NA,NA
S8_14748348,8,14748348,NA,NA,NA,NA
S7_126162409,7,126162409,NA,NA,NA,NA
S7_126162442,7,126162442,NA,NA,NA,NA
S6_143129112,6,143129112,NA,NA,NA,NA
S6_134565285,6,134565285,NA,NA,NA,NA
S1_83010833,1,83010833,NA,NA,NA,NA
S1_3010423,1,3010423,NA,NA,NA,NA
S1_3010424,1,3010424,NA,NA,NA,NA
S1_3010434,1,3010434,NA,NA,NA,NA
S5_19524282,5,19524282,NA,NA,NA,NA
S2_228859176,2,228859176,NA,NA,NA,NA
S2_233598245,2,233598245,NA,NA,NA,NA
S4_149745183,4,149745183,NA,NA,NA,NA
S5_206035969,5,206035969,NA,NA,NA,NA
S2_40152518,2,40152518,NA,NA,NA,NA
S8_155533147,8,155533147,NA,NA,NA,NA
S8_166372615,8,166372615,NA,NA,NA,NA
S6_154841380,6,154841380,NA,NA,NA,NA
S9_154098512,9,154098512,NA,NA,NA,NA
S4_203098650,4,203098650,NA,NA,NA,NA
S3_173372179,3,173372179,NA,NA,NA,NA
S10_10138352,10,10138352,NA,NA,NA,NA
S8_153015416,8,153015416,NA,NA,NA,NA
S8_63267712,8,63267712,NA,NA,NA,NA
S4_177636252,4,177636252,NA,NA,NA,NA
S10_91087163,10,91087163,NA,NA,NA,NA
S3_5671559,3,5671559,NA,NA,NA,NA
S2_1775510,2,1775510,NA,NA,NA,NA
S9_136379423,9,136379423,NA,NA,NA,NA
S6_7046700,6,7046700,NA,NA,NA,NA
S1_12248928,1,12248928,NA,NA,NA,NA
S9_25070183,9,25070183,NA,NA,NA,NA
S4_233627504,4,233627504,NA,NA,NA,NA
S8_170336145,8,170336145,NA,NA,NA,NA
S3_216987562,3,216987562,NA,NA,NA,NA
S9_46386178,9,46386178,NA,NA,NA,NA
S9_149457669,9,149457669,NA,NA,NA,NA
S1_12521405,1,12521405,NA,NA,NA,NA
S10_47315145,10,47315145,NA,NA,NA,NA
S4_185180723,4,185180723,NA,NA,NA,NA
S8_111803908,8,111803908,NA,NA,NA,NA
S1_80662106,1,80662106,NA,NA,NA,NA
S9_135459138,9,135459138,NA,NA,NA,NA
S5_53449017,5,53449017,NA,NA,NA,NA
S4_130433562,4,130433562,NA,NA,NA,NA
S8_163293087,8,163293087,NA,NA,NA,NA
S8_163293124,8,163293124,NA,NA,NA,NA
S8_16444445,8,16444445,NA,NA,NA,NA
S6_106763918,6,106763918,NA,NA,NA,NA
S9_112333070,9,112333070,NA,NA,NA,NA
S1_291652956,1,291652956,NA,NA,NA,NA
S1_211324104,1,211324104,NA,NA,NA,NA
S8_109727333,8,109727333,NA,NA,NA,NA
S5_202420210,5,202420210,NA,NA,NA,NA
S6_61315135,6,61315135,NA,NA,NA,NA
S2_16348731,2,16348731,NA,NA,NA,NA
S1_272833398,1,272833398,NA,NA,NA,NA
S4_206868143,4,206868143,NA,NA,NA,NA
S6_145108322,6,145108322,NA,NA,NA,NA
S6_153252701,6,153252701,NA,NA,NA,NA
S9_147800494,9,147800494,NA,NA,NA,NA
S2_202644203,2,202644203,NA,NA,NA,NA
S8_12211361,8,12211361,NA,NA,NA,NA
S10_117559569,10,117559569,NA,NA,NA,NA
S2_15282933,2,15282933,NA,NA,NA,NA
S9_142945936,9,142945936,NA,NA,NA,NA
S7_168108333,7,168108333,NA,NA,NA,NA
S2_47421766,2,47421766,NA,NA,NA,NA
S9_7581603,9,7581603,NA,NA,NA,NA
S9_7581604,9,7581604,NA,NA,NA,NA
S1_44336204,1,44336204,NA,NA,NA,NA
S1_44336227,1,44336227,NA,NA,NA,NA
S10_106435615,10,106435615,NA,NA,NA,NA
S4_224049565,4,224049565,NA,NA,NA,NA
S8_171542448,8,171542448,NA,NA,NA,NA
S10_127614911,10,127614911,NA,NA,NA,NA
S10_113710798,10,113710798,NA,NA,NA,NA
S1_187399621,1,187399621,NA,NA,NA,NA
S1_187399626,1,187399626,NA,NA,NA,NA
S1_187399631,1,187399631,NA,NA,NA,NA
S8_149197532,8,149197532,NA,NA,NA,NA
S1_26951564,1,26951564,NA,NA,NA,NA
S1_26951565,1,26951565,NA,NA,NA,NA
S1_26951566,1,26951566,NA,NA,NA,NA
S3_11727621,3,11727621,NA,NA,NA,NA
S8_105674148,8,105674148,NA,NA,NA,NA
S1_66955990,1,66955990,NA,NA,NA,NA
S8_162964995,8,162964995,NA,NA,NA,NA
S8_99225392,8,99225392,NA,NA,NA,NA
S5_126475768,5,126475768,NA,NA,NA,NA
S1_297963913,1,297963913,NA,NA,NA,NA
S7_159535067,7,159535067,NA,NA,NA,NA
S4_237680549,4,237680549,NA,NA,NA,NA
S6_137029884,6,137029884,NA,NA,NA,NA
S2_41479835,2,41479835,NA,NA,NA,NA
S5_72601092,5,72601092,NA,NA,NA,NA
S3_185269203,3,185269203,NA,NA,NA,NA
S5_72623284,5,72623284,NA,NA,NA,NA
S2_13308888,2,13308888,NA,NA,NA,NA
S2_177751198,2,177751198,NA,NA,NA,NA
S1_23564407,1,23564407,NA,NA,NA,NA
S7_175204517,7,175204517,NA,NA,NA,NA
S6_86335007,6,86335007,NA,NA,NA,NA
S7_160057451,7,160057451,NA,NA,NA,NA
S1_45275882,1,45275882,NA,NA,NA,NA
S8_14837777,8,14837777,NA,NA,NA,NA
S3_156429351,3,156429351,NA,NA,NA,NA
S1_260517342,1,260517342,NA,NA,NA,NA
S5_95001993,5,95001993,NA,NA,NA,NA
S2_80446617,2,80446617,NA,NA,NA,NA
S4_155532616,4,155532616,NA,NA,NA,NA
S3_30142182,3,30142182,NA,NA,NA,NA
S6_161483255,6,161483255,NA,NA,NA,NA
S3_156053345,3,156053345,NA,NA,NA,NA
S5_2807360,5,2807360,NA,NA,NA,NA
S2_3106046,2,3106046,NA,NA,NA,NA
S4_69997347,4,69997347,NA,NA,NA,NA
S4_69997348,4,69997348,NA,NA,NA,NA
S5_55229463,5,55229463,NA,NA,NA,NA
S2_101093084,2,101093084,NA,NA,NA,NA
S6_160717796,6,160717796,NA,NA,NA,NA
S1_203653466,1,203653466,NA,NA,NA,NA
S10_132561003,10,132561003,NA,NA,NA,NA
S5_68651212,5,68651212,NA,NA,NA,NA
S9_123001480,9,123001480,NA,NA,NA,NA
S4_15690205,4,15690205,NA,NA,NA,NA
S8_101822895,8,101822895,NA,NA,NA,NA
S8_101822945,8,101822945,NA,NA,NA,NA
S6_165208758,6,165208758,NA,NA,NA,NA
S10_115146786,10,115146786,NA,NA,NA,NA
S2_185370406,2,185370406,NA,NA,NA,NA
S1_106060225,1,106060225,NA,NA,NA,NA
S4_38571530,4,38571530,NA,NA,NA,NA
S9_460111,9,460111,NA,NA,NA,NA
S9_460139,9,460139,NA,NA,NA,NA
S9_460147,9,460147,NA,NA,NA,NA
S3_6294278,3,6294278,NA,NA,NA,NA
S3_204283178,3,204283178,NA,NA,NA,NA
S1_209180955,1,209180955,NA,NA,NA,NA
S5_46946857,5,46946857,NA,NA,NA,NA
S1_28609657,1,28609657,NA,NA,NA,NA
S3_179513093,3,179513093,NA,NA,NA,NA
S7_3891969,7,3891969,NA,NA,NA,NA
S5_33052654,5,33052654,NA,NA,NA,NA
S8_134078364,8,134078364,NA,NA,NA,NA
S8_172227387,8,172227387,NA,NA,NA,NA
S4_67021988,4,67021988,NA,NA,NA,NA
S4_67021992,4,67021992,NA,NA,NA,NA
S9_24469424,9,24469424,NA,NA,NA,NA
S1_29788910,1,29788910,NA,NA,NA,NA
S1_220524553,1,220524553,NA,NA,NA,NA
S7_8467053,7,8467053,NA,NA,NA,NA
S7_8467057,7,8467057,NA,NA,NA,NA
S7_8467060,7,8467060,NA,NA,NA,NA
S8_145214621,8,145214621,NA,NA,NA,NA
S4_169210192,4,169210192,NA,NA,NA,NA
S8_145231417,8,145231417,NA,NA,NA,NA
S10_5588441,10,5588441,NA,NA,NA,NA
S1_87168150,1,87168150,NA,NA,NA,NA
S8_116854303,8,116854303,NA,NA,NA,NA
S1_147979785,1,147979785,NA,NA,NA,NA
S8_152591060,8,152591060,NA,NA,NA,NA
S5_6874385,5,6874385,NA,NA,NA,NA
S10_88269452,10,88269452,NA,NA,NA,NA
S1_269505928,1,269505928,NA,NA,NA,NA
S7_170497840,7,170497840,NA,NA,NA,NA
S5_148700176,5,148700176,NA,NA,NA,NA
S8_90578053,8,90578053,NA,NA,NA,NA
S4_4737332,4,4737332,NA,NA,NA,NA
S9_36038485,9,36038485,NA,NA,NA,NA
S6_113153914,6,113153914,NA,NA,NA,NA
S4_831123,4,831123,NA,NA,NA,NA
S7_170496543,7,170496543,NA,NA,NA,NA
S5_73153224,5,73153224,NA,NA,NA,NA
S5_73153227,5,73153227,NA,NA,NA,NA
S2_1654500,2,1654500,NA,NA,NA,NA
S2_2805524,2,2805524,NA,NA,NA,NA
S6_154319455,6,154319455,NA,NA,NA,NA
S7_164828478,7,164828478,NA,NA,NA,NA
S1_160858354,1,160858354,NA,NA,NA,NA
S10_77104073,10,77104073,NA,NA,NA,NA
S8_111799490,8,111799490,NA,NA,NA,NA
S4_240523259,4,240523259,NA,NA,NA,NA
S3_182127116,3,182127116,NA,NA,NA,NA
S1_192672301,1,192672301,NA,NA,NA,NA
S5_3393830,5,3393830,NA,NA,NA,NA
S5_39416173,5,39416173,NA,NA,NA,NA
S1_216929344,1,216929344,NA,NA,NA,NA
S6_53881561,6,53881561,NA,NA,NA,NA
S4_23950428,4,23950428,NA,NA,NA,NA
S2_186897653,2,186897653,NA,NA,NA,NA
S7_7008386,7,7008386,NA,NA,NA,NA
S6_61315129,6,61315129,NA,NA,NA,NA
S9_23278187,9,23278187,NA,NA,NA,NA
S7_13842398,7,13842398,NA,NA,NA,NA
S7_126522527,7,126522527,NA,NA,NA,NA
S5_211712557,5,211712557,NA,NA,NA,NA
S8_146618169,8,146618169,NA,NA,NA,NA
S8_157687929,8,157687929,NA,NA,NA,NA
S2_229676360,2,229676360,NA,NA,NA,NA
S6_147868497,6,147868497,NA,NA,NA,NA
S5_210057729,5,210057729,NA,NA,NA,NA
S1_11763415,1,11763415,NA,NA,NA,NA
S6_62187944,6,62187944,NA,NA,NA,NA
S9_133150002,9,133150002,NA,NA,NA,NA
S6_161477615,6,161477615,NA,NA,NA,NA
S4_36886627,4,36886627,NA,NA,NA,NA
S4_36886657,4,36886657,NA,NA,NA,NA
S5_175434184,5,175434184,NA,NA,NA,NA
S3_171900691,3,171900691,NA,NA,NA,NA
S2_1040966,2,1040966,NA,NA,NA,NA
S2_9262684,2,9262684,NA,NA,NA,NA
S3_217456860,3,217456860,NA,NA,NA,NA
S4_35576825,4,35576825,NA,NA,NA,NA
S8_111014462,8,111014462,NA,NA,NA,NA
S9_148199441,9,148199441,NA,NA,NA,NA
S7_151490619,7,151490619,NA,NA,NA,NA
S9_143166631,9,143166631,NA,NA,NA,NA
S9_26895432,9,26895432,NA,NA,NA,NA
S9_148911114,9,148911114,NA,NA,NA,NA
S8_171646180,8,171646180,NA,NA,NA,NA
S5_141202791,5,141202791,NA,NA,NA,NA
S8_23889157,8,23889157,NA,NA,NA,NA
S3_4546475,3,4546475,NA,NA,NA,NA
S2_192598937,2,192598937,NA,NA,NA,NA
S4_238740251,4,238740251,NA,NA,NA,NA
S3_140832633,3,140832633,NA,NA,NA,NA
S5_98223550,5,98223550,NA,NA,NA,NA
S4_9741857,4,9741857,NA,NA,NA,NA
S7_172243198,7,172243198,NA,NA,NA,NA
S9_144080684,9,144080684,NA,NA,NA,NA
S7_17479398,7,17479398,NA,NA,NA,NA
S4_41357687,4,41357687,NA,NA,NA,NA
S3_207741358,3,207741358,NA,NA,NA,NA
S6_129841592,6,129841592,NA,NA,NA,NA
S5_3498729,5,3498729,NA,NA,NA,NA
S2_3016186,2,3016186,NA,NA,NA,NA
S2_3016187,2,3016187,NA,NA,NA,NA
S5_57430057,5,57430057,NA,NA,NA,NA
S1_33317992,1,33317992,NA,NA,NA,NA
S6_166886827,6,166886827,NA,NA,NA,NA
S3_177150160,3,177150160,NA,NA,NA,NA
S5_177669223,5,177669223,NA,NA,NA,NA
S3_227937835,3,227937835,NA,NA,NA,NA
S2_12437935,2,12437935,NA,NA,NA,NA
S2_12437945,2,12437945,NA,NA,NA,NA
S5_15800988,5,15800988,NA,NA,NA,NA
S9_97036178,9,97036178,NA,NA,NA,NA
S5_215471973,5,215471973,NA,NA,NA,NA
S3_61341277,3,61341277,NA,NA,NA,NA
S5_55436191,5,55436191,NA,NA,NA,NA
S5_55436199,5,55436199,NA,NA,NA,NA
S8_157959954,8,157959954,NA,NA,NA,NA
S9_88649013,9,88649013,NA,NA,NA,NA
S7_79971047,7,79971047,NA,NA,NA,NA
S1_264224380,1,264224380,NA,NA,NA,NA
S6_144414194,6,144414194,NA,NA,NA,NA
S9_41829105,9,41829105,NA,NA,NA,NA
S9_127294112,9,127294112,NA,NA,NA,NA
S3_150769479,3,150769479,NA,NA,NA,NA
S3_150769482,3,150769482,NA,NA,NA,NA
S3_150769486,3,150769486,NA,NA,NA,NA
S3_150769477,3,150769477,NA,NA,NA,NA
S9_149126635,9,149126635,NA,NA,NA,NA
S1_56220954,1,56220954,NA,NA,NA,NA
S1_6425499,1,6425499,NA,NA,NA,NA
S6_143960493,6,143960493,NA,NA,NA,NA
S3_170110229,3,170110229,NA,NA,NA,NA
S5_20198115,5,20198115,NA,NA,NA,NA
S10_145949386,10,145949386,NA,NA,NA,NA
S2_1726291,2,1726291,NA,NA,NA,NA
S7_158755131,7,158755131,NA,NA,NA,NA
S5_170972079,5,170972079,NA,NA,NA,NA
S8_138647921,8,138647921,NA,NA,NA,NA
S10_149597506,10,149597506,NA,NA,NA,NA
S9_113062292,9,113062292,NA,NA,NA,NA
S9_113062312,9,113062312,NA,NA,NA,NA
S8_143282975,8,143282975,NA,NA,NA,NA
S3_49055068,3,49055068,NA,NA,NA,NA
S8_14932829,8,14932829,NA,NA,NA,NA
S8_14932830,8,14932830,NA,NA,NA,NA
S2_41730814,2,41730814,NA,NA,NA,NA
S3_197416872,3,197416872,NA,NA,NA,NA
S6_165022497,6,165022497,NA,NA,NA,NA
S8_117554061,8,117554061,NA,NA,NA,NA
S7_118522192,7,118522192,NA,NA,NA,NA
S9_6999756,9,6999756,NA,NA,NA,NA
S5_61672558,5,61672558,NA,NA,NA,NA
S2_36464529,2,36464529,NA,NA,NA,NA
S7_68453278,7,68453278,NA,NA,NA,NA
S3_100285913,3,100285913,NA,NA,NA,NA
S1_221369896,1,221369896,NA,NA,NA,NA
S5_8350369,5,8350369,NA,NA,NA,NA
S9_26933100,9,26933100,NA,NA,NA,NA
S1_216472019,1,216472019,NA,NA,NA,NA
S7_2630128,7,2630128,NA,NA,NA,NA
S5_170826263,5,170826263,NA,NA,NA,NA
S1_286524616,1,286524616,NA,NA,NA,NA
S10_99204946,10,99204946,NA,NA,NA,NA
S6_111710935,6,111710935,NA,NA,NA,NA
S5_196250528,5,196250528,NA,NA,NA,NA
S6_129496246,6,129496246,NA,NA,NA,NA
S7_171346745,7,171346745,NA,NA,NA,NA
S3_207765981,3,207765981,NA,NA,NA,NA
S4_183912884,4,183912884,NA,NA,NA,NA
S3_54118250,3,54118250,NA,NA,NA,NA
S9_110495472,9,110495472,NA,NA,NA,NA
S8_152460766,8,152460766,NA,NA,NA,NA
S10_108059553,10,108059553,NA,NA,NA,NA
S2_24388389,2,24388389,NA,NA,NA,NA
S3_193375906,3,193375906,NA,NA,NA,NA
S2_222447192,2,222447192,NA,NA,NA,NA
S1_262999014,1,262999014,NA,NA,NA,NA
S3_180317149,3,180317149,NA,NA,NA,NA
S10_147122467,10,147122467,NA,NA,NA,NA
S5_172920615,5,172920615,NA,NA,NA,NA
S4_38031025,4,38031025,NA,NA,NA,NA
S2_1959270,2,1959270,NA,NA,NA,NA
S3_162180186,3,162180186,NA,NA,NA,NA
S2_204925062,2,204925062,NA,NA,NA,NA
S6_160675841,6,160675841,NA,NA,NA,NA
S10_142280465,10,142280465,NA,NA,NA,NA
S2_102753374,2,102753374,NA,NA,NA,NA
S8_164859744,8,164859744,NA,NA,NA,NA
S1_198651456,1,198651456,NA,NA,NA,NA
S9_131721629,9,131721629,NA,NA,NA,NA
S2_24448873,2,24448873,NA,NA,NA,NA
S1_208595784,1,208595784,NA,NA,NA,NA
S6_86257580,6,86257580,NA,NA,NA,NA
S1_230173969,1,230173969,NA,NA,NA,NA
S1_230174004,1,230174004,NA,NA,NA,NA
S4_234911744,4,234911744,NA,NA,NA,NA
S7_21633839,7,21633839,NA,NA,NA,NA
S4_165974114,4,165974114,NA,NA,NA,NA
S4_165974116,4,165974116,NA,NA,NA,NA
S9_25821055,9,25821055,NA,NA,NA,NA
S6_118147557,6,118147557,NA,NA,NA,NA
S1_14780418,1,14780418,NA,NA,NA,NA
S8_45270250,8,45270250,NA,NA,NA,NA
S10_128862911,10,128862911,NA,NA,NA,NA
S5_10416210,5,10416210,NA,NA,NA,NA
S4_55085053,4,55085053,NA,NA,NA,NA
S5_28086966,5,28086966,NA,NA,NA,NA
S5_209896867,5,209896867,NA,NA,NA,NA
S5_86033024,5,86033024,NA,NA,NA,NA
S1_7968934,1,7968934,NA,NA,NA,NA
S3_148797492,3,148797492,NA,NA,NA,NA
S9_148042936,9,148042936,NA,NA,NA,NA
S8_63008254,8,63008254,NA,NA,NA,NA
S3_176357042,3,176357042,NA,NA,NA,NA
S5_190051286,5,190051286,NA,NA,NA,NA
S8_141912392,8,141912392,NA,NA,NA,NA
S3_190568631,3,190568631,NA,NA,NA,NA
S7_26774691,7,26774691,NA,NA,NA,NA
S3_202834854,3,202834854,NA,NA,NA,NA
S7_3073812,7,3073812,NA,NA,NA,NA
S3_50096382,3,50096382,NA,NA,NA,NA
S5_42303243,5,42303243,NA,NA,NA,NA
S7_117544504,7,117544504,NA,NA,NA,NA
S6_156386877,6,156386877,NA,NA,NA,NA
S2_184537777,2,184537777,NA,NA,NA,NA
S5_29809787,5,29809787,NA,NA,NA,NA
S3_156634936,3,156634936,NA,NA,NA,NA
S1_229186960,1,229186960,NA,NA,NA,NA
S3_206601636,3,206601636,NA,NA,NA,NA
S2_225470940,2,225470940,NA,NA,NA,NA
S2_225470945,2,225470945,NA,NA,NA,NA
S5_6675735,5,6675735,NA,NA,NA,NA
S1_193769380,1,193769380,NA,NA,NA,NA
S4_143379125,4,143379125,NA,NA,NA,NA
S7_131237745,7,131237745,NA,NA,NA,NA
S2_23876328,2,23876328,NA,NA,NA,NA
S1_269505736,1,269505736,NA,NA,NA,NA
S1_290286465,1,290286465,NA,NA,NA,NA
S6_146120566,6,146120566,NA,NA,NA,NA
S4_17830507,4,17830507,NA,NA,NA,NA
S2_164188112,2,164188112,NA,NA,NA,NA
S10_145175416,10,145175416,NA,NA,NA,NA
S3_147971443,3,147971443,NA,NA,NA,NA
S1_288696471,1,288696471,NA,NA,NA,NA
S7_167155248,7,167155248,NA,NA,NA,NA
S5_10857924,5,10857924,NA,NA,NA,NA
S3_172379630,3,172379630,NA,NA,NA,NA
S8_3629473,8,3629473,NA,NA,NA,NA
S7_152177029,7,152177029,NA,NA,NA,NA
S6_82022744,6,82022744,NA,NA,NA,NA
S8_138510320,8,138510320,NA,NA,NA,NA
S8_138510321,8,138510321,NA,NA,NA,NA
S7_130988054,7,130988054,NA,NA,NA,NA
S8_109950078,8,109950078,NA,NA,NA,NA
S5_144312420,5,144312420,NA,NA,NA,NA
S7_169202566,7,169202566,NA,NA,NA,NA
S2_217687508,2,217687508,NA,NA,NA,NA
S6_88583734,6,88583734,NA,NA,NA,NA
S6_88583735,6,88583735,NA,NA,NA,NA
S3_29095681,3,29095681,NA,NA,NA,NA
S3_214309690,3,214309690,NA,NA,NA,NA
S3_214309692,3,214309692,NA,NA,NA,NA
S9_101390224,9,101390224,NA,NA,NA,NA
S8_172705830,8,172705830,NA,NA,NA,NA
S2_192409639,2,192409639,NA,NA,NA,NA
S1_202154997,1,202154997,NA,NA,NA,NA
S7_84559806,7,84559806,NA,NA,NA,NA
S4_26426011,4,26426011,NA,NA,NA,NA
S1_253012132,1,253012132,NA,NA,NA,NA
S1_209355569,1,209355569,NA,NA,NA,NA
S5_3334915,5,3334915,NA,NA,NA,NA
S10_85393772,10,85393772,NA,NA,NA,NA
S10_85393810,10,85393810,NA,NA,NA,NA
S4_14725893,4,14725893,NA,NA,NA,NA
S10_143169846,10,143169846,NA,NA,NA,NA
S10_9539444,10,9539444,NA,NA,NA,NA
S10_9539446,10,9539446,NA,NA,NA,NA
S10_27541115,10,27541115,NA,NA,NA,NA
S4_152628691,4,152628691,NA,NA,NA,NA
S2_206891847,2,206891847,NA,NA,NA,NA
S5_3334495,5,3334495,NA,NA,NA,NA
S3_200760939,3,200760939,NA,NA,NA,NA
S2_184401557,2,184401557,NA,NA,NA,NA
S9_76641319,9,76641319,NA,NA,NA,NA
S3_4140971,3,4140971,NA,NA,NA,NA
S1_273281596,1,273281596,NA,NA,NA,NA
S9_110320234,9,110320234,NA,NA,NA,NA
S1_210666374,1,210666374,NA,NA,NA,NA
S6_116331023,6,116331023,NA,NA,NA,NA
S3_216986418,3,216986418,NA,NA,NA,NA
S5_208198581,5,208198581,NA,NA,NA,NA
S1_218564899,1,218564899,NA,NA,NA,NA
S3_173292843,3,173292843,NA,NA,NA,NA
S9_138147182,9,138147182,NA,NA,NA,NA
S9_145520169,9,145520169,NA,NA,NA,NA
S3_197318616,3,197318616,NA,NA,NA,NA
S8_173081211,8,173081211,NA,NA,NA,NA
S7_82655904,7,82655904,NA,NA,NA,NA
S10_85581875,10,85581875,NA,NA,NA,NA
S1_276327972,1,276327972,NA,NA,NA,NA
S2_193882181,2,193882181,NA,NA,NA,NA
S4_230755381,4,230755381,NA,NA,NA,NA
S9_96774105,9,96774105,NA,NA,NA,NA
S2_44473748,2,44473748,NA,NA,NA,NA
S1_197748941,1,197748941,NA,NA,NA,NA
S6_102226213,6,102226213,NA,NA,NA,NA
S3_84007212,3,84007212,NA,NA,NA,NA
S3_208058094,3,208058094,NA,NA,NA,NA
S9_151426464,9,151426464,NA,NA,NA,NA
S7_158358696,7,158358696,NA,NA,NA,NA
S6_156931308,6,156931308,NA,NA,NA,NA
S5_183518431,5,183518431,NA,NA,NA,NA
S5_160079198,5,160079198,NA,NA,NA,NA
S3_191080289,3,191080289,NA,NA,NA,NA
S1_40418645,1,40418645,NA,NA,NA,NA
S3_18632276,3,18632276,NA,NA,NA,NA
S9_88649644,9,88649644,NA,NA,NA,NA
S4_173562038,4,173562038,NA,NA,NA,NA
S2_50455279,2,50455279,NA,NA,NA,NA
S4_187429648,4,187429648,NA,NA,NA,NA
S1_268956348,1,268956348,NA,NA,NA,NA
S1_268956351,1,268956351,NA,NA,NA,NA
S4_174011053,4,174011053,NA,NA,NA,NA
S9_19527373,9,19527373,NA,NA,NA,NA
S3_36217750,3,36217750,NA,NA,NA,NA
S1_250888032,1,250888032,NA,NA,NA,NA
S2_6597045,2,6597045,NA,NA,NA,NA
S3_159526640,3,159526640,NA,NA,NA,NA
S9_128722915,9,128722915,NA,NA,NA,NA
S8_140236054,8,140236054,NA,NA,NA,NA
S6_160603546,6,160603546,NA,NA,NA,NA
S2_186186514,2,186186514,NA,NA,NA,NA
S1_256286626,1,256286626,NA,NA,NA,NA
S5_204804252,5,204804252,NA,NA,NA,NA
S8_14936057,8,14936057,NA,NA,NA,NA
S9_102934114,9,102934114,NA,NA,NA,NA
S1_73117103,1,73117103,NA,NA,NA,NA
S8_4409021,8,4409021,NA,NA,NA,NA
S1_206424519,1,206424519,NA,NA,NA,NA
S2_171820252,2,171820252,NA,NA,NA,NA
S4_124234031,4,124234031,NA,NA,NA,NA
S4_124234036,4,124234036,NA,NA,NA,NA
S3_150769485,3,150769485,NA,NA,NA,NA
S1_38742069,1,38742069,NA,NA,NA,NA
S5_58606893,5,58606893,NA,NA,NA,NA
S2_210395200,2,210395200,NA,NA,NA,NA
S8_163214712,8,163214712,NA,NA,NA,NA
S1_10960976,1,10960976,NA,NA,NA,NA
S6_129516371,6,129516371,NA,NA,NA,NA
S5_145215779,5,145215779,NA,NA,NA,NA
S6_132237821,6,132237821,NA,NA,NA,NA
S3_2629141,3,2629141,NA,NA,NA,NA
S1_38617603,1,38617603,NA,NA,NA,NA
S8_74661925,8,74661925,NA,NA,NA,NA
S8_74661958,8,74661958,NA,NA,NA,NA
S8_18231723,8,18231723,NA,NA,NA,NA
S7_170251392,7,170251392,NA,NA,NA,NA
S7_172738941,7,172738941,NA,NA,NA,NA
S5_76381799,5,76381799,NA,NA,NA,NA
S4_171674802,4,171674802,NA,NA,NA,NA
S2_31921108,2,31921108,NA,NA,NA,NA
S4_46054868,4,46054868,NA,NA,NA,NA
S4_46054869,4,46054869,NA,NA,NA,NA
S3_1568546,3,1568546,NA,NA,NA,NA
S5_27517152,5,27517152,NA,NA,NA,NA
S1_202299516,1,202299516,NA,NA,NA,NA
S1_240495001,1,240495001,NA,NA,NA,NA
S3_176355997,3,176355997,NA,NA,NA,NA
S8_34454216,8,34454216,NA,NA,NA,NA
S5_177669249,5,177669249,NA,NA,NA,NA
S6_163930331,6,163930331,NA,NA,NA,NA
S6_163930340,6,163930340,NA,NA,NA,NA
S2_209636736,2,209636736,NA,NA,NA,NA
S4_198085720,4,198085720,NA,NA,NA,NA
S10_134399559,10,134399559,NA,NA,NA,NA
S10_144614901,10,144614901,NA,NA,NA,NA
S3_15436712,3,15436712,NA,NA,NA,NA
S3_188536076,3,188536076,NA,NA,NA,NA
S3_232044134,3,232044134,NA,NA,NA,NA
S7_127579116,7,127579116,NA,NA,NA,NA
S2_46156287,2,46156287,NA,NA,NA,NA
S2_46156289,2,46156289,NA,NA,NA,NA
S2_46156295,2,46156295,NA,NA,NA,NA
S1_120848497,1,120848497,NA,NA,NA,NA
S1_121399796,1,121399796,NA,NA,NA,NA
S1_12249944,1,12249944,NA,NA,NA,NA
S1_12249945,1,12249945,NA,NA,NA,NA
S1_12397327,1,12397327,NA,NA,NA,NA
S1_124683111,1,124683111,NA,NA,NA,NA
S1_160858285,1,160858285,NA,NA,NA,NA
S1_160858289,1,160858289,NA,NA,NA,NA
S1_162136467,1,162136467,NA,NA,NA,NA
S1_164369132,1,164369132,NA,NA,NA,NA
S1_166863678,1,166863678,NA,NA,NA,NA
S1_176845573,1,176845573,NA,NA,NA,NA
S1_176941225,1,176941225,NA,NA,NA,NA
S1_177766458,1,177766458,NA,NA,NA,NA
S1_181890153,1,181890153,NA,NA,NA,NA
S1_181890170,1,181890170,NA,NA,NA,NA
S1_182391113,1,182391113,NA,NA,NA,NA
S1_187094745,1,187094745,NA,NA,NA,NA
S1_19234852,1,19234852,NA,NA,NA,NA
S1_203353629,1,203353629,NA,NA,NA,NA
S1_203353636,1,203353636,NA,NA,NA,NA
S1_213230882,1,213230882,NA,NA,NA,NA
S1_221381618,1,221381618,NA,NA,NA,NA
S1_225580781,1,225580781,NA,NA,NA,NA
S1_226217536,1,226217536,NA,NA,NA,NA
S1_228643639,1,228643639,NA,NA,NA,NA
S1_234260975,1,234260975,NA,NA,NA,NA
S1_236574285,1,236574285,NA,NA,NA,NA
S1_237053453,1,237053453,NA,NA,NA,NA
S1_241218355,1,241218355,NA,NA,NA,NA
S1_246464351,1,246464351,NA,NA,NA,NA
S1_249859448,1,249859448,NA,NA,NA,NA
S1_251733447,1,251733447,NA,NA,NA,NA
S1_259301711,1,259301711,NA,NA,NA,NA
S1_259947928,1,259947928,NA,NA,NA,NA
S1_264094095,1,264094095,NA,NA,NA,NA
S1_265451386,1,265451386,NA,NA,NA,NA
S1_265451387,1,265451387,NA,NA,NA,NA
S1_265451392,1,265451392,NA,NA,NA,NA
S1_265451397,1,265451397,NA,NA,NA,NA
S1_265451399,1,265451399,NA,NA,NA,NA
S1_269304682,1,269304682,NA,NA,NA,NA
S1_2693860,1,2693860,NA,NA,NA,NA
S1_274533136,1,274533136,NA,NA,NA,NA
S1_274949541,1,274949541,NA,NA,NA,NA
S1_2753386,1,2753386,NA,NA,NA,NA
S1_2753408,1,2753408,NA,NA,NA,NA
S1_277846455,1,277846455,NA,NA,NA,NA
S1_280578672,1,280578672,NA,NA,NA,NA
S1_282674401,1,282674401,NA,NA,NA,NA
S1_282894521,1,282894521,NA,NA,NA,NA
S1_290127212,1,290127212,NA,NA,NA,NA
S1_295983000,1,295983000,NA,NA,NA,NA
S1_295983018,1,295983018,NA,NA,NA,NA
S1_300740406,1,300740406,NA,NA,NA,NA
S1_31061990,1,31061990,NA,NA,NA,NA
S1_35055235,1,35055235,NA,NA,NA,NA
S1_35055236,1,35055236,NA,NA,NA,NA
S1_35055239,1,35055239,NA,NA,NA,NA
S1_4054184,1,4054184,NA,NA,NA,NA
S1_43506850,1,43506850,NA,NA,NA,NA
S1_44960069,1,44960069,NA,NA,NA,NA
S1_45918987,1,45918987,NA,NA,NA,NA
S1_56220864,1,56220864,NA,NA,NA,NA
S1_57288598,1,57288598,NA,NA,NA,NA
S1_5813154,1,5813154,NA,NA,NA,NA
S1_62700261,1,62700261,NA,NA,NA,NA
S1_6533498,1,6533498,NA,NA,NA,NA
S1_66024217,1,66024217,NA,NA,NA,NA
S1_70428796,1,70428796,NA,NA,NA,NA
S1_7458270,1,7458270,NA,NA,NA,NA
S1_75390453,1,75390453,NA,NA,NA,NA
S1_77259484,1,77259484,NA,NA,NA,NA
S1_80620247,1,80620247,NA,NA,NA,NA
S1_80620250,1,80620250,NA,NA,NA,NA
S1_80620253,1,80620253,NA,NA,NA,NA
S1_80863975,1,80863975,NA,NA,NA,NA
S1_82911937,1,82911937,NA,NA,NA,NA
S1_82911940,1,82911940,NA,NA,NA,NA
S1_82911942,1,82911942,NA,NA,NA,NA
S1_84298538,1,84298538,NA,NA,NA,NA
S1_85018254,1,85018254,NA,NA,NA,NA
S1_9227371,1,9227371,NA,NA,NA,NA
S1_92344790,1,92344790,NA,NA,NA,NA
S1_94820782,1,94820782,NA,NA,NA,NA
S1_98762394,1,98762394,NA,NA,NA,NA
S10_100487471,10,100487471,NA,NA,NA,NA
S10_107759915,10,107759915,NA,NA,NA,NA
S10_107759935,10,107759935,NA,NA,NA,NA
S10_113710691,10,113710691,NA,NA,NA,NA
S10_114811820,10,114811820,NA,NA,NA,NA
S10_125845346,10,125845346,NA,NA,NA,NA
S10_125848260,10,125848260,NA,NA,NA,NA
S10_136017001,10,136017001,NA,NA,NA,NA
S10_140049378,10,140049378,NA,NA,NA,NA
S10_140049379,10,140049379,NA,NA,NA,NA
S10_140049380,10,140049380,NA,NA,NA,NA
S10_142920283,10,142920283,NA,NA,NA,NA
S10_142920284,10,142920284,NA,NA,NA,NA
S10_142920285,10,142920285,NA,NA,NA,NA
S10_143066484,10,143066484,NA,NA,NA,NA
S10_143386975,10,143386975,NA,NA,NA,NA
S10_145178799,10,145178799,NA,NA,NA,NA
S10_147998087,10,147998087,NA,NA,NA,NA
S10_1677638,10,1677638,NA,NA,NA,NA
S10_23071667,10,23071667,NA,NA,NA,NA
S10_23394042,10,23394042,NA,NA,NA,NA
S10_25298495,10,25298495,NA,NA,NA,NA
S10_3182626,10,3182626,NA,NA,NA,NA
S10_4071219,10,4071219,NA,NA,NA,NA
S10_4690356,10,4690356,NA,NA,NA,NA
S10_70920949,10,70920949,NA,NA,NA,NA
S10_71176030,10,71176030,NA,NA,NA,NA
S10_76505872,10,76505872,NA,NA,NA,NA
S10_81181498,10,81181498,NA,NA,NA,NA
S10_81827883,10,81827883,NA,NA,NA,NA
S10_93000312,10,93000312,NA,NA,NA,NA
S2_10471993,2,10471993,NA,NA,NA,NA
S2_136353263,2,136353263,NA,NA,NA,NA
S2_143181344,2,143181344,NA,NA,NA,NA
S2_148723013,2,148723013,NA,NA,NA,NA
S2_16916478,2,16916478,NA,NA,NA,NA
S2_174565276,2,174565276,NA,NA,NA,NA
S2_178382796,2,178382796,NA,NA,NA,NA
S2_183919156,2,183919156,NA,NA,NA,NA
S2_183919173,2,183919173,NA,NA,NA,NA
S2_184456926,2,184456926,NA,NA,NA,NA
S2_186464021,2,186464021,NA,NA,NA,NA
S2_194158192,2,194158192,NA,NA,NA,NA
S2_194158193,2,194158193,NA,NA,NA,NA
S2_194158194,2,194158194,NA,NA,NA,NA
S2_1974363,2,1974363,NA,NA,NA,NA
S2_199563466,2,199563466,NA,NA,NA,NA
S2_20096273,2,20096273,NA,NA,NA,NA
S2_20420038,2,20420038,NA,NA,NA,NA
S2_204326984,2,204326984,NA,NA,NA,NA
S2_204769952,2,204769952,NA,NA,NA,NA
S2_208975215,2,208975215,NA,NA,NA,NA
S2_209126176,2,209126176,NA,NA,NA,NA
S2_213163057,2,213163057,NA,NA,NA,NA
S2_216989142,2,216989142,NA,NA,NA,NA
S2_217011589,2,217011589,NA,NA,NA,NA
S2_222879720,2,222879720,NA,NA,NA,NA
S2_223856529,2,223856529,NA,NA,NA,NA
S2_225651826,2,225651826,NA,NA,NA,NA
S2_23876291,2,23876291,NA,NA,NA,NA
S2_26435949,2,26435949,NA,NA,NA,NA
S2_36453013,2,36453013,NA,NA,NA,NA
S2_38985775,2,38985775,NA,NA,NA,NA
S2_38985779,2,38985779,NA,NA,NA,NA
S2_39743927,2,39743927,NA,NA,NA,NA
S2_41244512,2,41244512,NA,NA,NA,NA
S2_4876525,2,4876525,NA,NA,NA,NA
S2_62740932,2,62740932,NA,NA,NA,NA
S2_6458982,2,6458982,NA,NA,NA,NA
S2_6458983,2,6458983,NA,NA,NA,NA
S2_6458986,2,6458986,NA,NA,NA,NA
S2_6458987,2,6458987,NA,NA,NA,NA
S2_83555638,2,83555638,NA,NA,NA,NA
S2_87656448,2,87656448,NA,NA,NA,NA
S3_10479636,3,10479636,NA,NA,NA,NA
S3_138433134,3,138433134,NA,NA,NA,NA
S3_141282311,3,141282311,NA,NA,NA,NA
S3_153262823,3,153262823,NA,NA,NA,NA
S3_153262825,3,153262825,NA,NA,NA,NA
S3_153262864,3,153262864,NA,NA,NA,NA
S3_153262866,3,153262866,NA,NA,NA,NA
S3_153262867,3,153262867,NA,NA,NA,NA
S3_153262868,3,153262868,NA,NA,NA,NA
S3_153262869,3,153262869,NA,NA,NA,NA
S3_153262870,3,153262870,NA,NA,NA,NA
S3_160933318,3,160933318,NA,NA,NA,NA
S3_160933321,3,160933321,NA,NA,NA,NA
S3_160933324,3,160933324,NA,NA,NA,NA
S3_164391120,3,164391120,NA,NA,NA,NA
S3_164391123,3,164391123,NA,NA,NA,NA
S3_166794064,3,166794064,NA,NA,NA,NA
S3_171437428,3,171437428,NA,NA,NA,NA
S3_172442439,3,172442439,NA,NA,NA,NA
S3_186046250,3,186046250,NA,NA,NA,NA
S3_186046293,3,186046293,NA,NA,NA,NA
S3_186046294,3,186046294,NA,NA,NA,NA
S3_186046295,3,186046295,NA,NA,NA,NA
S3_187431250,3,187431250,NA,NA,NA,NA
S3_193845849,3,193845849,NA,NA,NA,NA
S3_194739617,3,194739617,NA,NA,NA,NA
S3_197364586,3,197364586,NA,NA,NA,NA
S3_204475031,3,204475031,NA,NA,NA,NA
S3_207551089,3,207551089,NA,NA,NA,NA
S3_209543908,3,209543908,NA,NA,NA,NA
S3_209735327,3,209735327,NA,NA,NA,NA
S3_210584407,3,210584407,NA,NA,NA,NA
S3_212446129,3,212446129,NA,NA,NA,NA
S3_212692518,3,212692518,NA,NA,NA,NA
S3_213944376,3,213944376,NA,NA,NA,NA
S3_216246407,3,216246407,NA,NA,NA,NA
S3_216482662,3,216482662,NA,NA,NA,NA
S3_216649189,3,216649189,NA,NA,NA,NA
S3_216794788,3,216794788,NA,NA,NA,NA
S3_216794789,3,216794789,NA,NA,NA,NA
S3_216794799,3,216794799,NA,NA,NA,NA
S3_217008753,3,217008753,NA,NA,NA,NA
S3_217237919,3,217237919,NA,NA,NA,NA
S3_217808494,3,217808494,NA,NA,NA,NA
S3_219293571,3,219293571,NA,NA,NA,NA
S3_219293602,3,219293602,NA,NA,NA,NA
S3_222483897,3,222483897,NA,NA,NA,NA
S3_223682068,3,223682068,NA,NA,NA,NA
S3_228997159,3,228997159,NA,NA,NA,NA
S3_228997160,3,228997160,NA,NA,NA,NA
S3_229310099,3,229310099,NA,NA,NA,NA
S3_229865956,3,229865956,NA,NA,NA,NA
S3_28610599,3,28610599,NA,NA,NA,NA
S3_28610606,3,28610606,NA,NA,NA,NA
S3_32128414,3,32128414,NA,NA,NA,NA
S3_32128416,3,32128416,NA,NA,NA,NA
S3_32128417,3,32128417,NA,NA,NA,NA
S3_36217915,3,36217915,NA,NA,NA,NA
S3_60941693,3,60941693,NA,NA,NA,NA
S4_124927090,4,124927090,NA,NA,NA,NA
S4_124927098,4,124927098,NA,NA,NA,NA
S4_126341917,4,126341917,NA,NA,NA,NA
S4_12778431,4,12778431,NA,NA,NA,NA
S4_150407002,4,150407002,NA,NA,NA,NA
S4_153535006,4,153535006,NA,NA,NA,NA
S4_155837893,4,155837893,NA,NA,NA,NA
S4_156224458,4,156224458,NA,NA,NA,NA
S4_157095128,4,157095128,NA,NA,NA,NA
S4_159640710,4,159640710,NA,NA,NA,NA
S4_159830109,4,159830109,NA,NA,NA,NA
S4_159978520,4,159978520,NA,NA,NA,NA
S4_159978524,4,159978524,NA,NA,NA,NA
S4_165993847,4,165993847,NA,NA,NA,NA
S4_169617253,4,169617253,NA,NA,NA,NA
S4_170410642,4,170410642,NA,NA,NA,NA
S4_170410653,4,170410653,NA,NA,NA,NA
S4_17367002,4,17367002,NA,NA,NA,NA
S4_177375672,4,177375672,NA,NA,NA,NA
S4_177375675,4,177375675,NA,NA,NA,NA
S4_177375678,4,177375678,NA,NA,NA,NA
S4_177375679,4,177375679,NA,NA,NA,NA
S4_179078124,4,179078124,NA,NA,NA,NA
S4_183042802,4,183042802,NA,NA,NA,NA
S4_18370348,4,18370348,NA,NA,NA,NA
S4_183733827,4,183733827,NA,NA,NA,NA
S4_186045110,4,186045110,NA,NA,NA,NA
S4_188487301,4,188487301,NA,NA,NA,NA
S4_199598142,4,199598142,NA,NA,NA,NA
S4_199797535,4,199797535,NA,NA,NA,NA
S4_20409800,4,20409800,NA,NA,NA,NA
S4_223871674,4,223871674,NA,NA,NA,NA
S4_223871677,4,223871677,NA,NA,NA,NA
S4_234916030,4,234916030,NA,NA,NA,NA
S4_236560629,4,236560629,NA,NA,NA,NA
S4_2399385,4,2399385,NA,NA,NA,NA
S4_25071797,4,25071797,NA,NA,NA,NA
S4_3460763,4,3460763,NA,NA,NA,NA
S4_36316891,4,36316891,NA,NA,NA,NA
S4_37098660,4,37098660,NA,NA,NA,NA
S4_38287753,4,38287753,NA,NA,NA,NA
S4_38291019,4,38291019,NA,NA,NA,NA
S4_3889720,4,3889720,NA,NA,NA,NA
S4_39226448,4,39226448,NA,NA,NA,NA
S4_42256895,4,42256895,NA,NA,NA,NA
S4_5010544,4,5010544,NA,NA,NA,NA
S4_50858273,4,50858273,NA,NA,NA,NA
S4_6110002,4,6110002,NA,NA,NA,NA
S4_67071859,4,67071859,NA,NA,NA,NA
S4_72053876,4,72053876,NA,NA,NA,NA
S4_77013265,4,77013265,NA,NA,NA,NA
S4_83572497,4,83572497,NA,NA,NA,NA
S4_83572521,4,83572521,NA,NA,NA,NA
S4_96326681,4,96326681,NA,NA,NA,NA
S5_10276498,5,10276498,NA,NA,NA,NA
S5_134581707,5,134581707,NA,NA,NA,NA
S5_134581713,5,134581713,NA,NA,NA,NA
S5_134581714,5,134581714,NA,NA,NA,NA
S5_134581721,5,134581721,NA,NA,NA,NA
S5_144284748,5,144284748,NA,NA,NA,NA
S5_15800864,5,15800864,NA,NA,NA,NA
S5_159330887,5,159330887,NA,NA,NA,NA
S5_159330894,5,159330894,NA,NA,NA,NA
S5_159330897,5,159330897,NA,NA,NA,NA
S5_167784614,5,167784614,NA,NA,NA,NA
S5_168533223,5,168533223,NA,NA,NA,NA
S5_170814768,5,170814768,NA,NA,NA,NA
S5_171959912,5,171959912,NA,NA,NA,NA
S5_171963647,5,171963647,NA,NA,NA,NA
S5_1726939,5,1726939,NA,NA,NA,NA
S5_174620763,5,174620763,NA,NA,NA,NA
S5_180733003,5,180733003,NA,NA,NA,NA
S5_185650198,5,185650198,NA,NA,NA,NA
S5_193652476,5,193652476,NA,NA,NA,NA
S5_19462242,5,19462242,NA,NA,NA,NA
S5_19887156,5,19887156,NA,NA,NA,NA
S5_212543182,5,212543182,NA,NA,NA,NA
S5_212619446,5,212619446,NA,NA,NA,NA
S5_213279592,5,213279592,NA,NA,NA,NA
S5_213279613,5,213279613,NA,NA,NA,NA
S5_213734397,5,213734397,NA,NA,NA,NA
S5_216206231,5,216206231,NA,NA,NA,NA
S5_22024071,5,22024071,NA,NA,NA,NA
S5_2251289,5,2251289,NA,NA,NA,NA
S5_2582880,5,2582880,NA,NA,NA,NA
S5_32460264,5,32460264,NA,NA,NA,NA
S5_3329283,5,3329283,NA,NA,NA,NA
S5_4672852,5,4672852,NA,NA,NA,NA
S5_4923347,5,4923347,NA,NA,NA,NA
S5_5619563,5,5619563,NA,NA,NA,NA
S5_56369845,5,56369845,NA,NA,NA,NA
S5_56369846,5,56369846,NA,NA,NA,NA
S5_58751994,5,58751994,NA,NA,NA,NA
S5_61003437,5,61003437,NA,NA,NA,NA
S5_812707,5,812707,NA,NA,NA,NA
S5_919962,5,919962,NA,NA,NA,NA
S6_106343221,6,106343221,NA,NA,NA,NA
S6_106343222,6,106343222,NA,NA,NA,NA
S6_111465985,6,111465985,NA,NA,NA,NA
S6_120965360,6,120965360,NA,NA,NA,NA
S6_125370551,6,125370551,NA,NA,NA,NA
S6_125370552,6,125370552,NA,NA,NA,NA
S6_127767355,6,127767355,NA,NA,NA,NA
S6_128062347,6,128062347,NA,NA,NA,NA
S6_129436495,6,129436495,NA,NA,NA,NA
S6_132189805,6,132189805,NA,NA,NA,NA
S6_134656471,6,134656471,NA,NA,NA,NA
S6_137303673,6,137303673,NA,NA,NA,NA
S6_138356164,6,138356164,NA,NA,NA,NA
S6_139199488,6,139199488,NA,NA,NA,NA
S6_139686672,6,139686672,NA,NA,NA,NA
S6_139686685,6,139686685,NA,NA,NA,NA
S6_141145396,6,141145396,NA,NA,NA,NA
S6_150939856,6,150939856,NA,NA,NA,NA
S6_156397957,6,156397957,NA,NA,NA,NA
S6_157495533,6,157495533,NA,NA,NA,NA
S6_159014287,6,159014287,NA,NA,NA,NA
S6_159014288,6,159014288,NA,NA,NA,NA
S6_159633897,6,159633897,NA,NA,NA,NA
S6_162690532,6,162690532,NA,NA,NA,NA
S6_163921502,6,163921502,NA,NA,NA,NA
S6_164869993,6,164869993,NA,NA,NA,NA
S6_164869995,6,164869995,NA,NA,NA,NA
S6_168111178,6,168111178,NA,NA,NA,NA
S6_18647157,6,18647157,NA,NA,NA,NA
S6_21886719,6,21886719,NA,NA,NA,NA
S6_2446204,6,2446204,NA,NA,NA,NA
S6_32455465,6,32455465,NA,NA,NA,NA
S6_37025583,6,37025583,NA,NA,NA,NA
S6_55258640,6,55258640,NA,NA,NA,NA
S6_58441434,6,58441434,NA,NA,NA,NA
S6_58869009,6,58869009,NA,NA,NA,NA
S6_63913485,6,63913485,NA,NA,NA,NA
S6_7173372,6,7173372,NA,NA,NA,NA
S6_87119786,6,87119786,NA,NA,NA,NA
S6_99768863,6,99768863,NA,NA,NA,NA
S7_101818928,7,101818928,NA,NA,NA,NA
S7_105221044,7,105221044,NA,NA,NA,NA
S7_107841695,7,107841695,NA,NA,NA,NA
S7_108481931,7,108481931,NA,NA,NA,NA
S7_110908127,7,110908127,NA,NA,NA,NA
S7_121191947,7,121191947,NA,NA,NA,NA
S7_121191948,7,121191948,NA,NA,NA,NA
S7_121224313,7,121224313,NA,NA,NA,NA
S7_131188250,7,131188250,NA,NA,NA,NA
S7_131188265,7,131188265,NA,NA,NA,NA
S7_132590225,7,132590225,NA,NA,NA,NA
S7_132730477,7,132730477,NA,NA,NA,NA
S7_134013281,7,134013281,NA,NA,NA,NA
S7_135507418,7,135507418,NA,NA,NA,NA
S7_135507425,7,135507425,NA,NA,NA,NA
S7_136180469,7,136180469,NA,NA,NA,NA
S7_157680283,7,157680283,NA,NA,NA,NA
S7_158958755,7,158958755,NA,NA,NA,NA
S7_160152489,7,160152489,NA,NA,NA,NA
S7_16098025,7,16098025,NA,NA,NA,NA
S7_161434886,7,161434886,NA,NA,NA,NA
S7_161438823,7,161438823,NA,NA,NA,NA
S7_161438824,7,161438824,NA,NA,NA,NA
S7_161438825,7,161438825,NA,NA,NA,NA
S7_161438827,7,161438827,NA,NA,NA,NA
S7_161438830,7,161438830,NA,NA,NA,NA
S7_161438834,7,161438834,NA,NA,NA,NA
S7_162959678,7,162959678,NA,NA,NA,NA
S7_164656120,7,164656120,NA,NA,NA,NA
S7_165747067,7,165747067,NA,NA,NA,NA
S7_165946316,7,165946316,NA,NA,NA,NA
S7_165986829,7,165986829,NA,NA,NA,NA
S7_167862938,7,167862938,NA,NA,NA,NA
S7_167862940,7,167862940,NA,NA,NA,NA
S7_167983146,7,167983146,NA,NA,NA,NA
S7_167983170,7,167983170,NA,NA,NA,NA
S7_168108313,7,168108313,NA,NA,NA,NA
S7_168290420,7,168290420,NA,NA,NA,NA
S7_168636163,7,168636163,NA,NA,NA,NA
S7_173818252,7,173818252,NA,NA,NA,NA
S7_18427626,7,18427626,NA,NA,NA,NA
S7_19623808,7,19623808,NA,NA,NA,NA
S7_25091064,7,25091064,NA,NA,NA,NA
S7_25091067,7,25091067,NA,NA,NA,NA
S7_25091082,7,25091082,NA,NA,NA,NA
S7_27418137,7,27418137,NA,NA,NA,NA
S7_3249590,7,3249590,NA,NA,NA,NA
S7_32735141,7,32735141,NA,NA,NA,NA
S7_34636527,7,34636527,NA,NA,NA,NA
S7_39183583,7,39183583,NA,NA,NA,NA
S7_45385221,7,45385221,NA,NA,NA,NA
S7_5128708,7,5128708,NA,NA,NA,NA
S7_6220689,7,6220689,NA,NA,NA,NA
S7_67707566,7,67707566,NA,NA,NA,NA
S7_7460897,7,7460897,NA,NA,NA,NA
S7_93685656,7,93685656,NA,NA,NA,NA
S8_10760930,8,10760930,NA,NA,NA,NA
S8_112625493,8,112625493,NA,NA,NA,NA
S8_119082215,8,119082215,NA,NA,NA,NA
S8_120871026,8,120871026,NA,NA,NA,NA
S8_130100166,8,130100166,NA,NA,NA,NA
S8_131534569,8,131534569,NA,NA,NA,NA
S8_133275925,8,133275925,NA,NA,NA,NA
S8_133948519,8,133948519,NA,NA,NA,NA
S8_137976903,8,137976903,NA,NA,NA,NA
S8_139344556,8,139344556,NA,NA,NA,NA
S8_149996874,8,149996874,NA,NA,NA,NA
S8_152113114,8,152113114,NA,NA,NA,NA
S8_152557115,8,152557115,NA,NA,NA,NA
S8_154383811,8,154383811,NA,NA,NA,NA
S8_156824249,8,156824249,NA,NA,NA,NA
S8_156921421,8,156921421,NA,NA,NA,NA
S8_157722794,8,157722794,NA,NA,NA,NA
S8_160532329,8,160532329,NA,NA,NA,NA
S8_161744700,8,161744700,NA,NA,NA,NA
S8_162786986,8,162786986,NA,NA,NA,NA
S8_162787025,8,162787025,NA,NA,NA,NA
S8_164525716,8,164525716,NA,NA,NA,NA
S8_166782686,8,166782686,NA,NA,NA,NA
S8_168953053,8,168953053,NA,NA,NA,NA
S8_169400649,8,169400649,NA,NA,NA,NA
S8_170221195,8,170221195,NA,NA,NA,NA
S8_174285269,8,174285269,NA,NA,NA,NA
S8_21865362,8,21865362,NA,NA,NA,NA
S8_3482454,8,3482454,NA,NA,NA,NA
S8_3487845,8,3487845,NA,NA,NA,NA
S8_3662642,8,3662642,NA,NA,NA,NA
S8_36689463,8,36689463,NA,NA,NA,NA
S8_401002,8,401002,NA,NA,NA,NA
S8_5330169,8,5330169,NA,NA,NA,NA
S8_6933707,8,6933707,NA,NA,NA,NA
S8_75470852,8,75470852,NA,NA,NA,NA
S9_100103498,9,100103498,NA,NA,NA,NA
S9_111117712,9,111117712,NA,NA,NA,NA
S9_111117716,9,111117716,NA,NA,NA,NA
S9_115327548,9,115327548,NA,NA,NA,NA
S9_116262442,9,116262442,NA,NA,NA,NA
S9_116262444,9,116262444,NA,NA,NA,NA
S9_116262450,9,116262450,NA,NA,NA,NA
S9_119311721,9,119311721,NA,NA,NA,NA
S9_127523787,9,127523787,NA,NA,NA,NA
S9_128103545,9,128103545,NA,NA,NA,NA
S9_135480416,9,135480416,NA,NA,NA,NA
S9_13915566,9,13915566,NA,NA,NA,NA
S9_139700833,9,139700833,NA,NA,NA,NA
S9_139759280,9,139759280,NA,NA,NA,NA
S9_139759286,9,139759286,NA,NA,NA,NA
S9_141539342,9,141539342,NA,NA,NA,NA
S9_142015790,9,142015790,NA,NA,NA,NA
S9_142755874,9,142755874,NA,NA,NA,NA
S9_142919159,9,142919159,NA,NA,NA,NA
S9_143891841,9,143891841,NA,NA,NA,NA
S9_145849364,9,145849364,NA,NA,NA,NA
S9_149456973,9,149456973,NA,NA,NA,NA
S9_150491284,9,150491284,NA,NA,NA,NA
S9_151662859,9,151662859,NA,NA,NA,NA
S9_151662862,9,151662862,NA,NA,NA,NA
S9_152055129,9,152055129,NA,NA,NA,NA
S9_152534606,9,152534606,NA,NA,NA,NA
S9_153187547,9,153187547,NA,NA,NA,NA
S9_153187549,9,153187549,NA,NA,NA,NA
S9_153187554,9,153187554,NA,NA,NA,NA
S9_153188212,9,153188212,NA,NA,NA,NA
S9_153844663,9,153844663,NA,NA,NA,NA
S9_153886804,9,153886804,NA,NA,NA,NA
S9_154367148,9,154367148,NA,NA,NA,NA
S9_17638741,9,17638741,NA,NA,NA,NA
S9_18309299,9,18309299,NA,NA,NA,NA
S9_19015691,9,19015691,NA,NA,NA,NA
S9_19934561,9,19934561,NA,NA,NA,NA
S9_33671364,9,33671364,NA,NA,NA,NA
S9_55511805,9,55511805,NA,NA,NA,NA
S9_73246242,9,73246242,NA,NA,NA,NA
S9_73248116,9,73248116,NA,NA,NA,NA
S9_77152091,9,77152091,NA,NA,NA,NA
S9_86402194,9,86402194,NA,NA,NA,NA
S9_90190097,9,90190097,NA,NA,NA,NA
S9_97036024,9,97036024,NA,NA,NA,NA
S9_97036033,9,97036033,NA,NA,NA,NA
S9_98758681,9,98758681,NA,NA,NA,NA
S6_140030228,6,140030228,NA,NA,NA,NA
S6_165625006,6,165625006,NA,NA,NA,NA
S7_172576951,7,172576951,NA,NA,NA,NA
S6_147225190,6,147225190,NA,NA,NA,NA
S1_174644987,1,174644987,NA,NA,NA,NA
S8_93179661,8,93179661,NA,NA,NA,NA
S8_163448181,8,163448181,NA,NA,NA,NA
S1_73231936,1,73231936,NA,NA,NA,NA
S10_144933710,10,144933710,NA,NA,NA,NA
S6_22310854,6,22310854,NA,NA,NA,NA
S6_85207019,6,85207019,NA,NA,NA,NA
S7_93095268,7,93095268,NA,NA,NA,NA
S1_165404695,1,165404695,NA,NA,NA,NA
S8_167662118,8,167662118,NA,NA,NA,NA
S2_51331889,2,51331889,NA,NA,NA,NA
S9_151147448,9,151147448,NA,NA,NA,NA
S2_10496217,2,10496217,NA,NA,NA,NA
S9_80586651,9,80586651,NA,NA,NA,NA
S1_48777628,1,48777628,NA,NA,NA,NA
S1_6201220,1,6201220,NA,NA,NA,NA
S4_39544169,4,39544169,NA,NA,NA,NA
S1_60161367,1,60161367,NA,NA,NA,NA
S4_173560272,4,173560272,NA,NA,NA,NA
S6_68207704,6,68207704,NA,NA,NA,NA
S7_174538277,7,174538277,NA,NA,NA,NA
S1_256693249,1,256693249,NA,NA,NA,NA
S3_65022686,3,65022686,NA,NA,NA,NA
S2_233740185,2,233740185,NA,NA,NA,NA
S8_13783996,8,13783996,NA,NA,NA,NA
S4_195798203,4,195798203,NA,NA,NA,NA
S2_36936503,2,36936503,NA,NA,NA,NA
S9_27171778,9,27171778,NA,NA,NA,NA
S9_27171783,9,27171783,NA,NA,NA,NA
S3_210986429,3,210986429,NA,NA,NA,NA
S10_99204380,10,99204380,NA,NA,NA,NA
S1_234771016,1,234771016,NA,NA,NA,NA
S9_17632974,9,17632974,NA,NA,NA,NA
S6_155633918,6,155633918,NA,NA,NA,NA
S8_17970345,8,17970345,NA,NA,NA,NA
S1_158004291,1,158004291,NA,NA,NA,NA
S1_193317334,1,193317334,NA,NA,NA,NA
S9_153844386,9,153844386,NA,NA,NA,NA
S9_129278003,9,129278003,NA,NA,NA,NA
S10_57844692,10,57844692,NA,NA,NA,NA
S3_3110331,3,3110331,NA,NA,NA,NA
S3_3110355,3,3110355,NA,NA,NA,NA
S3_10283293,3,10283293,NA,NA,NA,NA
S10_147849342,10,147849342,NA,NA,NA,NA
S4_198131982,4,198131982,NA,NA,NA,NA
S6_156750644,6,156750644,NA,NA,NA,NA
S2_71147330,2,71147330,NA,NA,NA,NA
S2_20959569,2,20959569,NA,NA,NA,NA
S8_171542360,8,171542360,NA,NA,NA,NA
S5_214074624,5,214074624,NA,NA,NA,NA
S2_234264167,2,234264167,NA,NA,NA,NA
S8_114638748,8,114638748,NA,NA,NA,NA
S7_6497993,7,6497993,NA,NA,NA,NA
S7_6498000,7,6498000,NA,NA,NA,NA
S6_151462691,6,151462691,NA,NA,NA,NA
S4_26424928,4,26424928,NA,NA,NA,NA
S4_26424932,4,26424932,NA,NA,NA,NA
S4_26424933,4,26424933,NA,NA,NA,NA
S4_3746497,4,3746497,NA,NA,NA,NA
S4_3746549,4,3746549,NA,NA,NA,NA
S10_120535156,10,120535156,NA,NA,NA,NA
S4_6602015,4,6602015,NA,NA,NA,NA
S1_48553154,1,48553154,NA,NA,NA,NA
S5_197591343,5,197591343,NA,NA,NA,NA
S1_287816087,1,287816087,NA,NA,NA,NA
S5_1533483,5,1533483,NA,NA,NA,NA
S4_191720351,4,191720351,NA,NA,NA,NA
S4_191720352,4,191720352,NA,NA,NA,NA
S6_23727065,6,23727065,NA,NA,NA,NA
S3_166598060,3,166598060,NA,NA,NA,NA
S4_215105918,4,215105918,NA,NA,NA,NA
S4_19858596,4,19858596,NA,NA,NA,NA
S10_140854229,10,140854229,NA,NA,NA,NA
S6_91640986,6,91640986,NA,NA,NA,NA
S2_205926111,2,205926111,NA,NA,NA,NA
S2_183402818,2,183402818,NA,NA,NA,NA
S7_167983179,7,167983179,NA,NA,NA,NA
S5_142711130,5,142711130,NA,NA,NA,NA
S5_214078255,5,214078255,NA,NA,NA,NA
S1_214533845,1,214533845,NA,NA,NA,NA
S3_5886671,3,5886671,NA,NA,NA,NA
S8_83046905,8,83046905,NA,NA,NA,NA
S1_242439068,1,242439068,NA,NA,NA,NA
S1_211263871,1,211263871,NA,NA,NA,NA
S10_65695716,10,65695716,NA,NA,NA,NA
S2_197223382,2,197223382,NA,NA,NA,NA
S3_225170138,3,225170138,NA,NA,NA,NA
S8_102402855,8,102402855,NA,NA,NA,NA
S5_200291823,5,200291823,NA,NA,NA,NA
S2_31200301,2,31200301,NA,NA,NA,NA
S3_19940278,3,19940278,NA,NA,NA,NA
S5_174592488,5,174592488,NA,NA,NA,NA
S10_114852422,10,114852422,NA,NA,NA,NA
S2_225127657,2,225127657,NA,NA,NA,NA
S10_144624134,10,144624134,NA,NA,NA,NA
S8_161526688,8,161526688,NA,NA,NA,NA
S1_32579163,1,32579163,NA,NA,NA,NA
S5_208429258,5,208429258,NA,NA,NA,NA
S1_235975814,1,235975814,NA,NA,NA,NA
S5_143009780,5,143009780,NA,NA,NA,NA
S5_143009794,5,143009794,NA,NA,NA,NA
S4_166926313,4,166926313,NA,NA,NA,NA
S4_166926315,4,166926315,NA,NA,NA,NA
S7_21800930,7,21800930,NA,NA,NA,NA
S3_3558570,3,3558570,NA,NA,NA,NA
S6_143956169,6,143956169,NA,NA,NA,NA
S1_276309363,1,276309363,NA,NA,NA,NA
S1_182627189,1,182627189,NA,NA,NA,NA
S7_7457246,7,7457246,NA,NA,NA,NA
S2_229416437,2,229416437,NA,NA,NA,NA
S2_229416464,2,229416464,NA,NA,NA,NA
S2_229416465,2,229416465,NA,NA,NA,NA
S10_87692165,10,87692165,NA,NA,NA,NA
S1_270982276,1,270982276,NA,NA,NA,NA
S1_206123803,1,206123803,NA,NA,NA,NA
S1_28765254,1,28765254,NA,NA,NA,NA
S2_203522372,2,203522372,NA,NA,NA,NA
S7_168791914,7,168791914,NA,NA,NA,NA
S4_201886969,4,201886969,NA,NA,NA,NA
S1_246219329,1,246219329,NA,NA,NA,NA
S3_200761045,3,200761045,NA,NA,NA,NA
S9_130093195,9,130093195,NA,NA,NA,NA
S3_178136402,3,178136402,NA,NA,NA,NA
S3_204154358,3,204154358,NA,NA,NA,NA
S5_30948291,5,30948291,NA,NA,NA,NA
S5_5028731,5,5028731,NA,NA,NA,NA
S8_175062203,8,175062203,NA,NA,NA,NA
S2_61854575,2,61854575,NA,NA,NA,NA
S7_5108688,7,5108688,NA,NA,NA,NA
S5_9908749,5,9908749,NA,NA,NA,NA
S9_64808141,9,64808141,NA,NA,NA,NA
S9_64808144,9,64808144,NA,NA,NA,NA
S1_194660941,1,194660941,NA,NA,NA,NA
S7_174996322,7,174996322,NA,NA,NA,NA
S1_288805709,1,288805709,NA,NA,NA,NA
S1_287583665,1,287583665,NA,NA,NA,NA
S4_67021950,4,67021950,NA,NA,NA,NA
S5_28109863,5,28109863,NA,NA,NA,NA
S7_125975155,7,125975155,NA,NA,NA,NA
S9_38335871,9,38335871,NA,NA,NA,NA
S7_45430501,7,45430501,NA,NA,NA,NA
S4_212041499,4,212041499,NA,NA,NA,NA
S1_278909292,1,278909292,NA,NA,NA,NA
S8_146606775,8,146606775,NA,NA,NA,NA
S8_137047779,8,137047779,NA,NA,NA,NA
S3_149311960,3,149311960,NA,NA,NA,NA
S1_54617057,1,54617057,NA,NA,NA,NA
S1_43133540,1,43133540,NA,NA,NA,NA
S3_211018215,3,211018215,NA,NA,NA,NA
S9_122950584,9,122950584,NA,NA,NA,NA
S4_188874694,4,188874694,NA,NA,NA,NA
S8_81714967,8,81714967,NA,NA,NA,NA
S9_27433803,9,27433803,NA,NA,NA,NA
S1_18200092,1,18200092,NA,NA,NA,NA
S8_164183143,8,164183143,NA,NA,NA,NA
S1_271750227,1,271750227,NA,NA,NA,NA
S2_22947959,2,22947959,NA,NA,NA,NA
S2_14804907,2,14804907,NA,NA,NA,NA
S2_10056,2,10056,NA,NA,NA,NA
S8_157619717,8,157619717,NA,NA,NA,NA
S1_100825144,1,100825144,NA,NA,NA,NA
S9_122956594,9,122956594,NA,NA,NA,NA
S1_35581699,1,35581699,NA,NA,NA,NA
S5_2251344,5,2251344,NA,NA,NA,NA
S10_4697515,10,4697515,NA,NA,NA,NA
S5_100701772,5,100701772,NA,NA,NA,NA
S6_7150143,6,7150143,NA,NA,NA,NA
S3_179994896,3,179994896,NA,NA,NA,NA
S8_154033833,8,154033833,NA,NA,NA,NA
S8_154033836,8,154033836,NA,NA,NA,NA
S8_154033837,8,154033837,NA,NA,NA,NA
S6_142828074,6,142828074,NA,NA,NA,NA
S1_148451802,1,148451802,NA,NA,NA,NA
S5_14609315,5,14609315,NA,NA,NA,NA
S5_10416234,5,10416234,NA,NA,NA,NA
S5_19590459,5,19590459,NA,NA,NA,NA
S3_216472287,3,216472287,NA,NA,NA,NA
S6_153228230,6,153228230,NA,NA,NA,NA
S7_89712081,7,89712081,NA,NA,NA,NA
S1_289787904,1,289787904,NA,NA,NA,NA
S10_142413161,10,142413161,NA,NA,NA,NA
S6_163022399,6,163022399,NA,NA,NA,NA
S4_202074502,4,202074502,NA,NA,NA,NA
S8_161526684,8,161526684,NA,NA,NA,NA
S8_161526685,8,161526685,NA,NA,NA,NA
S8_161526686,8,161526686,NA,NA,NA,NA
S8_161526687,8,161526687,NA,NA,NA,NA
S8_161526690,8,161526690,NA,NA,NA,NA
S8_161526691,8,161526691,NA,NA,NA,NA
S1_170578403,1,170578403,NA,NA,NA,NA
S4_198132002,4,198132002,NA,NA,NA,NA
S4_170652291,4,170652291,NA,NA,NA,NA
S2_36831409,2,36831409,NA,NA,NA,NA
S6_36622493,6,36622493,NA,NA,NA,NA
S3_84007157,3,84007157,NA,NA,NA,NA
S7_140572339,7,140572339,NA,NA,NA,NA
S6_143956170,6,143956170,NA,NA,NA,NA
S6_143956180,6,143956180,NA,NA,NA,NA
S7_164201257,7,164201257,NA,NA,NA,NA
S7_164201310,7,164201310,NA,NA,NA,NA
S9_50763000,9,50763000,NA,NA,NA,NA
S1_56307167,1,56307167,NA,NA,NA,NA
S1_56307196,1,56307196,NA,NA,NA,NA
S1_213232316,1,213232316,NA,NA,NA,NA
S1_124126862,1,124126862,NA,NA,NA,NA
S1_199640867,1,199640867,NA,NA,NA,NA
S1_199640912,1,199640912,NA,NA,NA,NA
S4_168757685,4,168757685,NA,NA,NA,NA
S8_122950904,8,122950904,NA,NA,NA,NA
S2_139644276,2,139644276,NA,NA,NA,NA
S4_38030990,4,38030990,NA,NA,NA,NA
S1_150866680,1,150866680,NA,NA,NA,NA
S1_200912837,1,200912837,NA,NA,NA,NA
S2_110898877,2,110898877,NA,NA,NA,NA
S5_5187912,5,5187912,NA,NA,NA,NA
S3_228374207,3,228374207,NA,NA,NA,NA
S3_228374247,3,228374247,NA,NA,NA,NA
S1_7861258,1,7861258,NA,NA,NA,NA
S4_224036940,4,224036940,NA,NA,NA,NA
S8_14848380,8,14848380,NA,NA,NA,NA
S8_112149525,8,112149525,NA,NA,NA,NA
S4_177329119,4,177329119,NA,NA,NA,NA
S6_53881562,6,53881562,NA,NA,NA,NA
S1_60153734,1,60153734,NA,NA,NA,NA
S8_71715119,8,71715119,NA,NA,NA,NA
S5_207121462,5,207121462,NA,NA,NA,NA
S4_216608148,4,216608148,NA,NA,NA,NA
S9_41673096,9,41673096,NA,NA,NA,NA
S2_204243097,2,204243097,NA,NA,NA,NA
S1_229206221,1,229206221,NA,NA,NA,NA
S10_130449647,10,130449647,NA,NA,NA,NA
S3_92263046,3,92263046,NA,NA,NA,NA
S3_6685036,3,6685036,NA,NA,NA,NA
S5_200939444,5,200939444,NA,NA,NA,NA
S2_184267157,2,184267157,NA,NA,NA,NA
S7_103880052,7,103880052,NA,NA,NA,NA
S1_258447900,1,258447900,NA,NA,NA,NA
S5_179588094,5,179588094,NA,NA,NA,NA
S5_3054104,5,3054104,NA,NA,NA,NA
S3_151970672,3,151970672,NA,NA,NA,NA
S5_172920542,5,172920542,NA,NA,NA,NA
S10_147589695,10,147589695,NA,NA,NA,NA
S10_147589703,10,147589703,NA,NA,NA,NA
S5_30599613,5,30599613,NA,NA,NA,NA
S9_155585508,9,155585508,NA,NA,NA,NA
S7_174229210,7,174229210,NA,NA,NA,NA
S3_3989167,3,3989167,NA,NA,NA,NA
S3_3989169,3,3989169,NA,NA,NA,NA
S2_59729559,2,59729559,NA,NA,NA,NA
S2_59729573,2,59729573,NA,NA,NA,NA
S2_59729575,2,59729575,NA,NA,NA,NA
S2_185440885,2,185440885,NA,NA,NA,NA
S3_136907115,3,136907115,NA,NA,NA,NA
S7_5108516,7,5108516,NA,NA,NA,NA
S5_56361146,5,56361146,NA,NA,NA,NA
S6_161418755,6,161418755,NA,NA,NA,NA
S5_89156735,5,89156735,NA,NA,NA,NA
S1_235909625,1,235909625,NA,NA,NA,NA
S4_236648566,4,236648566,NA,NA,NA,NA
S8_67681162,8,67681162,NA,NA,NA,NA
S3_5777572,3,5777572,NA,NA,NA,NA
S8_169491676,8,169491676,NA,NA,NA,NA
S7_131393817,7,131393817,NA,NA,NA,NA
S6_165987627,6,165987627,NA,NA,NA,NA
S5_190051287,5,190051287,NA,NA,NA,NA
S8_156049114,8,156049114,NA,NA,NA,NA
S6_93323514,6,93323514,NA,NA,NA,NA
S2_208131312,2,208131312,NA,NA,NA,NA
S5_170813845,5,170813845,NA,NA,NA,NA
S1_295762691,1,295762691,NA,NA,NA,NA
S1_61138920,1,61138920,NA,NA,NA,NA
S1_206424512,1,206424512,NA,NA,NA,NA
S1_164504521,1,164504521,NA,NA,NA,NA
S9_151306354,9,151306354,NA,NA,NA,NA
S1_40645185,1,40645185,NA,NA,NA,NA
S2_209130792,2,209130792,NA,NA,NA,NA
S4_182611991,4,182611991,NA,NA,NA,NA
S9_153675080,9,153675080,NA,NA,NA,NA
S5_217019178,5,217019178,NA,NA,NA,NA
S5_217019179,5,217019179,NA,NA,NA,NA
S5_217019197,5,217019197,NA,NA,NA,NA
S9_130883359,9,130883359,NA,NA,NA,NA
S6_128053547,6,128053547,NA,NA,NA,NA
S4_185871344,4,185871344,NA,NA,NA,NA
S8_1450250,8,1450250,NA,NA,NA,NA
S4_28923113,4,28923113,NA,NA,NA,NA
S3_57477951,3,57477951,NA,NA,NA,NA
S7_6305282,7,6305282,NA,NA,NA,NA
S7_172768568,7,172768568,NA,NA,NA,NA
S10_147151500,10,147151500,NA,NA,NA,NA
S8_128555687,8,128555687,NA,NA,NA,NA
S3_2720113,3,2720113,NA,NA,NA,NA
S5_18540511,5,18540511,NA,NA,NA,NA
S5_206603702,5,206603702,NA,NA,NA,NA
S7_82942945,7,82942945,NA,NA,NA,NA
S1_184651530,1,184651530,NA,NA,NA,NA
S2_27000010,2,27000010,NA,NA,NA,NA
S2_27000009,2,27000009,NA,NA,NA,NA
S3_93312427,3,93312427,NA,NA,NA,NA
S5_170421125,5,170421125,NA,NA,NA,NA
S10_61493394,10,61493394,NA,NA,NA,NA
S5_59045191,5,59045191,NA,NA,NA,NA
S3_25921591,3,25921591,NA,NA,NA,NA
S10_142413163,10,142413163,NA,NA,NA,NA
S1_14449375,1,14449375,NA,NA,NA,NA
S1_14449382,1,14449382,NA,NA,NA,NA
S2_6176334,2,6176334,NA,NA,NA,NA
S6_142894183,6,142894183,NA,NA,NA,NA
S1_57561816,1,57561816,NA,NA,NA,NA
S7_100035067,7,100035067,NA,NA,NA,NA
S7_100035071,7,100035071,NA,NA,NA,NA
S10_76642752,10,76642752,NA,NA,NA,NA
S4_21584505,4,21584505,NA,NA,NA,NA
S1_196213093,1,196213093,NA,NA,NA,NA
S6_67258555,6,67258555,NA,NA,NA,NA
S6_67258558,6,67258558,NA,NA,NA,NA
S1_5953175,1,5953175,NA,NA,NA,NA
S1_5719700,1,5719700,NA,NA,NA,NA
S3_182127058,3,182127058,NA,NA,NA,NA
S10_26561591,10,26561591,NA,NA,NA,NA
S7_157758546,7,157758546,NA,NA,NA,NA
S6_151462914,6,151462914,NA,NA,NA,NA
S3_177494020,3,177494020,NA,NA,NA,NA
S4_46621109,4,46621109,NA,NA,NA,NA
S9_126935906,9,126935906,NA,NA,NA,NA
S9_25711998,9,25711998,NA,NA,NA,NA
S3_215471267,3,215471267,NA,NA,NA,NA
S2_36844767,2,36844767,NA,NA,NA,NA
S7_122985705,7,122985705,NA,NA,NA,NA
S3_190458887,3,190458887,NA,NA,NA,NA
S4_36418456,4,36418456,NA,NA,NA,NA
S7_142782608,7,142782608,NA,NA,NA,NA
S7_33099338,7,33099338,NA,NA,NA,NA
S9_65961766,9,65961766,NA,NA,NA,NA
S1_200637462,1,200637462,NA,NA,NA,NA
S8_172756797,8,172756797,NA,NA,NA,NA
S6_66349375,6,66349375,NA,NA,NA,NA
S3_197398786,3,197398786,NA,NA,NA,NA
S4_764558,4,764558,NA,NA,NA,NA
S6_156533053,6,156533053,NA,NA,NA,NA
S2_197529075,2,197529075,NA,NA,NA,NA
S2_10512032,2,10512032,NA,NA,NA,NA
S1_110638429,1,110638429,NA,NA,NA,NA
S4_2115968,4,2115968,NA,NA,NA,NA
S10_69107054,10,69107054,NA,NA,NA,NA
S10_69107057,10,69107057,NA,NA,NA,NA
S8_103704003,8,103704003,NA,NA,NA,NA
S3_32236699,3,32236699,NA,NA,NA,NA
S9_74666054,9,74666054,NA,NA,NA,NA
S6_113720129,6,113720129,NA,NA,NA,NA
S1_56290760,1,56290760,NA,NA,NA,NA
S3_19785066,3,19785066,NA,NA,NA,NA
S4_226618135,4,226618135,NA,NA,NA,NA
S5_19590869,5,19590869,NA,NA,NA,NA
S1_5010035,1,5010035,NA,NA,NA,NA
S4_152628665,4,152628665,NA,NA,NA,NA
S5_214707531,5,214707531,NA,NA,NA,NA
S2_234265013,2,234265013,NA,NA,NA,NA
S1_296769048,1,296769048,NA,NA,NA,NA
S9_151661482,9,151661482,NA,NA,NA,NA
S1_294045079,1,294045079,NA,NA,NA,NA
S4_218667323,4,218667323,NA,NA,NA,NA
S4_218667324,4,218667324,NA,NA,NA,NA
S9_151482354,9,151482354,NA,NA,NA,NA
S6_109250491,6,109250491,NA,NA,NA,NA
S3_114875147,3,114875147,NA,NA,NA,NA
S2_213205733,2,213205733,NA,NA,NA,NA
S1_286440350,1,286440350,NA,NA,NA,NA
S7_170033615,7,170033615,NA,NA,NA,NA
S3_178136423,3,178136423,NA,NA,NA,NA
S10_107901408,10,107901408,NA,NA,NA,NA
S3_26309182,3,26309182,NA,NA,NA,NA
S8_170138806,8,170138806,NA,NA,NA,NA
S3_197318609,3,197318609,NA,NA,NA,NA
S3_5791597,3,5791597,NA,NA,NA,NA
S3_117590772,3,117590772,NA,NA,NA,NA
S2_196520992,2,196520992,NA,NA,NA,NA
S5_213916080,5,213916080,NA,NA,NA,NA
S5_182759876,5,182759876,NA,NA,NA,NA
S6_130529363,6,130529363,NA,NA,NA,NA
S7_167981159,7,167981159,NA,NA,NA,NA
S6_132189781,6,132189781,NA,NA,NA,NA
S6_155632000,6,155632000,NA,NA,NA,NA
S7_165800698,7,165800698,NA,NA,NA,NA
S7_165800699,7,165800699,NA,NA,NA,NA
S5_204866145,5,204866145,NA,NA,NA,NA
S3_159942761,3,159942761,NA,NA,NA,NA
S6_55594971,6,55594971,NA,NA,NA,NA
S5_33048932,5,33048932,NA,NA,NA,NA
S3_175689092,3,175689092,NA,NA,NA,NA
S1_237087628,1,237087628,NA,NA,NA,NA
S10_138086486,10,138086486,NA,NA,NA,NA
S4_81792296,4,81792296,NA,NA,NA,NA
S2_179439754,2,179439754,NA,NA,NA,NA
S3_194254890,3,194254890,NA,NA,NA,NA
S7_129228762,7,129228762,NA,NA,NA,NA
S8_147093354,8,147093354,NA,NA,NA,NA
S3_217561379,3,217561379,NA,NA,NA,NA
S7_157758597,7,157758597,NA,NA,NA,NA
S6_93497330,6,93497330,NA,NA,NA,NA
S3_171437454,3,171437454,NA,NA,NA,NA
S8_161543731,8,161543731,NA,NA,NA,NA
S9_26656820,9,26656820,NA,NA,NA,NA
S10_132620512,10,132620512,NA,NA,NA,NA
S10_5588457,10,5588457,NA,NA,NA,NA
S3_28610645,3,28610645,NA,NA,NA,NA
S1_66580361,1,66580361,NA,NA,NA,NA
S1_210652400,1,210652400,NA,NA,NA,NA
S8_145619836,8,145619836,NA,NA,NA,NA
S2_192598957,2,192598957,NA,NA,NA,NA
S9_16109341,9,16109341,NA,NA,NA,NA
S1_105232146,1,105232146,NA,NA,NA,NA
S3_137520296,3,137520296,NA,NA,NA,NA
S3_146090640,3,146090640,NA,NA,NA,NA
S7_132629868,7,132629868,NA,NA,NA,NA
S7_16191904,7,16191904,NA,NA,NA,NA
S3_161959511,3,161959511,NA,NA,NA,NA
S3_190458461,3,190458461,NA,NA,NA,NA
S8_157959920,8,157959920,NA,NA,NA,NA
S1_211002104,1,211002104,NA,NA,NA,NA
S1_217210483,1,217210483,NA,NA,NA,NA
S3_28610570,3,28610570,NA,NA,NA,NA
S5_204897171,5,204897171,NA,NA,NA,NA
S5_27226510,5,27226510,NA,NA,NA,NA
S5_27226516,5,27226516,NA,NA,NA,NA
S1_182655084,1,182655084,NA,NA,NA,NA
S9_64411557,9,64411557,NA,NA,NA,NA
S3_201948034,3,201948034,NA,NA,NA,NA
S5_136567236,5,136567236,NA,NA,NA,NA
S3_60251747,3,60251747,NA,NA,NA,NA
S1_36973190,1,36973190,NA,NA,NA,NA
S7_6297583,7,6297583,NA,NA,NA,NA
S3_181559602,3,181559602,NA,NA,NA,NA
S6_149679764,6,149679764,NA,NA,NA,NA
S3_28336595,3,28336595,NA,NA,NA,NA
S7_111662594,7,111662594,NA,NA,NA,NA
S7_111662608,7,111662608,NA,NA,NA,NA
S6_84672049,6,84672049,NA,NA,NA,NA
S4_218570239,4,218570239,NA,NA,NA,NA
S2_187789880,2,187789880,NA,NA,NA,NA
S7_9334938,7,9334938,NA,NA,NA,NA
S8_35002902,8,35002902,NA,NA,NA,NA
S7_115184690,7,115184690,NA,NA,NA,NA
S6_168794605,6,168794605,NA,NA,NA,NA
S5_185650197,5,185650197,NA,NA,NA,NA
S1_44956538,1,44956538,NA,NA,NA,NA
S2_31944732,2,31944732,NA,NA,NA,NA
S5_198823111,5,198823111,NA,NA,NA,NA
S4_26403363,4,26403363,NA,NA,NA,NA
S10_69031501,10,69031501,NA,NA,NA,NA
S5_209716877,5,209716877,NA,NA,NA,NA
S5_123840040,5,123840040,NA,NA,NA,NA
S7_100511598,7,100511598,NA,NA,NA,NA
S10_57998827,10,57998827,NA,NA,NA,NA
S10_57998833,10,57998833,NA,NA,NA,NA
S5_178352264,5,178352264,NA,NA,NA,NA
S10_135677625,10,135677625,NA,NA,NA,NA
S7_9528004,7,9528004,NA,NA,NA,NA
S1_88969303,1,88969303,NA,NA,NA,NA
S1_88969306,1,88969306,NA,NA,NA,NA
S7_134083497,7,134083497,NA,NA,NA,NA
S6_31035375,6,31035375,NA,NA,NA,NA
S6_31035380,6,31035380,NA,NA,NA,NA
S10_142406944,10,142406944,NA,NA,NA,NA
S1_6234661,1,6234661,NA,NA,NA,NA
S3_216472370,3,216472370,NA,NA,NA,NA
S6_164891887,6,164891887,NA,NA,NA,NA
S2_21601489,2,21601489,NA,NA,NA,NA
S3_29613749,3,29613749,NA,NA,NA,NA
S2_36566181,2,36566181,NA,NA,NA,NA
S6_165104393,6,165104393,NA,NA,NA,NA
S6_128736209,6,128736209,NA,NA,NA,NA
S1_202160238,1,202160238,NA,NA,NA,NA
S8_138225408,8,138225408,NA,NA,NA,NA
S9_15307137,9,15307137,NA,NA,NA,NA
S5_167585842,5,167585842,NA,NA,NA,NA
S1_5337037,1,5337037,NA,NA,NA,NA
S2_6597036,2,6597036,NA,NA,NA,NA
S8_131573616,8,131573616,NA,NA,NA,NA
S7_3665176,7,3665176,NA,NA,NA,NA
S3_142895725,3,142895725,NA,NA,NA,NA
S8_19968863,8,19968863,NA,NA,NA,NA
S3_85663002,3,85663002,NA,NA,NA,NA
S7_160480899,7,160480899,NA,NA,NA,NA
S8_68309271,8,68309271,NA,NA,NA,NA
S9_136888508,9,136888508,NA,NA,NA,NA
S8_171958389,8,171958389,NA,NA,NA,NA
S2_21595647,2,21595647,NA,NA,NA,NA
S3_172522580,3,172522580,NA,NA,NA,NA
S8_160094779,8,160094779,NA,NA,NA,NA
S8_160094787,8,160094787,NA,NA,NA,NA
S4_131752910,4,131752910,NA,NA,NA,NA
S1_33267606,1,33267606,NA,NA,NA,NA
S7_166698620,7,166698620,NA,NA,NA,NA
S3_175964436,3,175964436,NA,NA,NA,NA
S2_187817714,2,187817714,NA,NA,NA,NA
S3_217637698,3,217637698,NA,NA,NA,NA
S3_217637710,3,217637710,NA,NA,NA,NA
S1_112142384,1,112142384,NA,NA,NA,NA
S1_19560393,1,19560393,NA,NA,NA,NA
S7_124155668,7,124155668,NA,NA,NA,NA
S3_179638406,3,179638406,NA,NA,NA,NA
S3_129046083,3,129046083,NA,NA,NA,NA
S4_153403806,4,153403806,NA,NA,NA,NA
S10_99944089,10,99944089,NA,NA,NA,NA
S4_186481112,4,186481112,NA,NA,NA,NA
S4_186481116,4,186481116,NA,NA,NA,NA
S9_100789154,9,100789154,NA,NA,NA,NA
S3_164392975,3,164392975,NA,NA,NA,NA
S3_164392976,3,164392976,NA,NA,NA,NA
S1_39857335,1,39857335,NA,NA,NA,NA
S8_119829451,8,119829451,NA,NA,NA,NA
S8_119829463,8,119829463,NA,NA,NA,NA
S8_119829466,8,119829466,NA,NA,NA,NA
S4_201791880,4,201791880,NA,NA,NA,NA
S8_133291001,8,133291001,NA,NA,NA,NA
S5_204866581,5,204866581,NA,NA,NA,NA
S7_80259453,7,80259453,NA,NA,NA,NA
S9_155687413,9,155687413,NA,NA,NA,NA
S5_214287732,5,214287732,NA,NA,NA,NA
S2_59711344,2,59711344,NA,NA,NA,NA
S4_37732129,4,37732129,NA,NA,NA,NA
S1_200075537,1,200075537,NA,NA,NA,NA
S1_200075548,1,200075548,NA,NA,NA,NA
S1_248744038,1,248744038,NA,NA,NA,NA
S1_19560399,1,19560399,NA,NA,NA,NA
S10_19480269,10,19480269,NA,NA,NA,NA
S3_3479797,3,3479797,NA,NA,NA,NA
S3_3479799,3,3479799,NA,NA,NA,NA
S1_38130468,1,38130468,NA,NA,NA,NA
S2_54204716,2,54204716,NA,NA,NA,NA
S2_9277761,2,9277761,NA,NA,NA,NA
S10_144854298,10,144854298,NA,NA,NA,NA
S8_167189227,8,167189227,NA,NA,NA,NA
S8_167189254,8,167189254,NA,NA,NA,NA
S9_12331851,9,12331851,NA,NA,NA,NA
S9_60085716,9,60085716,NA,NA,NA,NA
S2_220003554,2,220003554,NA,NA,NA,NA
S4_197775208,4,197775208,NA,NA,NA,NA
S2_160785025,2,160785025,NA,NA,NA,NA
S4_34996945,4,34996945,NA,NA,NA,NA
S5_43147454,5,43147454,NA,NA,NA,NA
S6_108306709,6,108306709,NA,NA,NA,NA
S2_174345463,2,174345463,NA,NA,NA,NA
S2_174345465,2,174345465,NA,NA,NA,NA
S5_3145170,5,3145170,NA,NA,NA,NA
S9_44486362,9,44486362,NA,NA,NA,NA
S9_44486368,9,44486368,NA,NA,NA,NA
S3_212771115,3,212771115,NA,NA,NA,NA
S1_164516400,1,164516400,NA,NA,NA,NA
S10_70921408,10,70921408,NA,NA,NA,NA
S6_86182657,6,86182657,NA,NA,NA,NA
S3_206691111,3,206691111,NA,NA,NA,NA
S3_190589805,3,190589805,NA,NA,NA,NA
S10_2793509,10,2793509,NA,NA,NA,NA
S9_134044199,9,134044199,NA,NA,NA,NA
S10_115123587,10,115123587,NA,NA,NA,NA
S5_20199265,5,20199265,NA,NA,NA,NA
S8_45275731,8,45275731,NA,NA,NA,NA
S3_211018203,3,211018203,NA,NA,NA,NA
S3_18003371,3,18003371,NA,NA,NA,NA
S3_18003391,3,18003391,NA,NA,NA,NA
S3_201295925,3,201295925,NA,NA,NA,NA
S3_9039085,3,9039085,NA,NA,NA,NA
S1_293055741,1,293055741,NA,NA,NA,NA
S5_141252096,5,141252096,NA,NA,NA,NA
S4_179662618,4,179662618,NA,NA,NA,NA
S3_164173690,3,164173690,NA,NA,NA,NA
S3_164173699,3,164173699,NA,NA,NA,NA
S3_30138582,3,30138582,NA,NA,NA,NA
S4_5267959,4,5267959,NA,NA,NA,NA
S2_129307459,2,129307459,NA,NA,NA,NA
S8_172754764,8,172754764,NA,NA,NA,NA
S8_172754767,8,172754767,NA,NA,NA,NA
S5_54173081,5,54173081,NA,NA,NA,NA
S5_191470982,5,191470982,NA,NA,NA,NA
S4_234501811,4,234501811,NA,NA,NA,NA
S1_264989536,1,264989536,NA,NA,NA,NA
S9_153188122,9,153188122,NA,NA,NA,NA
S1_197748542,1,197748542,NA,NA,NA,NA
S3_172672714,3,172672714,NA,NA,NA,NA
S3_196150583,3,196150583,NA,NA,NA,NA
S8_156870887,8,156870887,NA,NA,NA,NA
S7_9099081,7,9099081,NA,NA,NA,NA
S1_212522546,1,212522546,NA,NA,NA,NA
S8_138306559,8,138306559,NA,NA,NA,NA
S8_138306565,8,138306565,NA,NA,NA,NA
S8_138306605,8,138306605,NA,NA,NA,NA
S3_5778001,3,5778001,NA,NA,NA,NA
S1_288397813,1,288397813,NA,NA,NA,NA
S9_105518579,9,105518579,NA,NA,NA,NA
S8_166531796,8,166531796,NA,NA,NA,NA
S10_128560070,10,128560070,NA,NA,NA,NA
S5_192131879,5,192131879,NA,NA,NA,NA
S8_162518700,8,162518700,NA,NA,NA,NA
S3_216472449,3,216472449,NA,NA,NA,NA
S6_118141350,6,118141350,NA,NA,NA,NA
S1_11761595,1,11761595,NA,NA,NA,NA
S6_63563450,6,63563450,NA,NA,NA,NA
S4_173176953,4,173176953,NA,NA,NA,NA
S5_177669243,5,177669243,NA,NA,NA,NA
S2_9001154,2,9001154,NA,NA,NA,NA
S3_65831134,3,65831134,NA,NA,NA,NA
S3_65831139,3,65831139,NA,NA,NA,NA
S5_8541536,5,8541536,NA,NA,NA,NA
S5_8266828,5,8266828,NA,NA,NA,NA
S3_204998729,3,204998729,NA,NA,NA,NA
S2_144800305,2,144800305,NA,NA,NA,NA
S1_48777609,1,48777609,NA,NA,NA,NA
S1_290201021,1,290201021,NA,NA,NA,NA
S8_170287438,8,170287438,NA,NA,NA,NA
S4_167033573,4,167033573,NA,NA,NA,NA
S8_101123963,8,101123963,NA,NA,NA,NA
S7_129967249,7,129967249,NA,NA,NA,NA
S1_212843946,1,212843946,NA,NA,NA,NA
S9_132045378,9,132045378,NA,NA,NA,NA
S9_101429092,9,101429092,NA,NA,NA,NA
S9_145890595,9,145890595,NA,NA,NA,NA
S7_43705796,7,43705796,NA,NA,NA,NA
S1_210096665,1,210096665,NA,NA,NA,NA
S1_37128887,1,37128887,NA,NA,NA,NA
S6_80645789,6,80645789,NA,NA,NA,NA
S7_115193008,7,115193008,NA,NA,NA,NA
S1_27100446,1,27100446,NA,NA,NA,NA
S9_7177188,9,7177188,NA,NA,NA,NA
S4_123667161,4,123667161,NA,NA,NA,NA
S2_173642495,2,173642495,NA,NA,NA,NA
S9_26578113,9,26578113,NA,NA,NA,NA
S8_26349722,8,26349722,NA,NA,NA,NA
S2_187053202,2,187053202,NA,NA,NA,NA
S1_287727313,1,287727313,NA,NA,NA,NA
S7_158367575,7,158367575,NA,NA,NA,NA
S2_10388538,2,10388538,NA,NA,NA,NA
S1_16371799,1,16371799,NA,NA,NA,NA
S6_111018571,6,111018571,NA,NA,NA,NA
S7_17180746,7,17180746,NA,NA,NA,NA
S3_191080393,3,191080393,NA,NA,NA,NA
S5_152566875,5,152566875,NA,NA,NA,NA
S1_265451389,1,265451389,NA,NA,NA,NA
S1_265451395,1,265451395,NA,NA,NA,NA
S6_134565824,6,134565824,NA,NA,NA,NA
S6_154165681,6,154165681,NA,NA,NA,NA
S8_16353816,8,16353816,NA,NA,NA,NA
S3_205599415,3,205599415,NA,NA,NA,NA
S5_147167564,5,147167564,NA,NA,NA,NA
S5_147167567,5,147167567,NA,NA,NA,NA
S5_147167573,5,147167573,NA,NA,NA,NA
S5_147167574,5,147167574,NA,NA,NA,NA
S5_210057725,5,210057725,NA,NA,NA,NA
S9_115770429,9,115770429,NA,NA,NA,NA
S5_23877595,5,23877595,NA,NA,NA,NA
S6_62445194,6,62445194,NA,NA,NA,NA
S6_62445195,6,62445195,NA,NA,NA,NA
S6_62445196,6,62445196,NA,NA,NA,NA
S6_62445199,6,62445199,NA,NA,NA,NA
S6_62445202,6,62445202,NA,NA,NA,NA
S2_17477037,2,17477037,NA,NA,NA,NA
S8_119829467,8,119829467,NA,NA,NA,NA
S4_200874509,4,200874509,NA,NA,NA,NA
S4_1473040,4,1473040,NA,NA,NA,NA
S4_1473042,4,1473042,NA,NA,NA,NA
S5_40952182,5,40952182,NA,NA,NA,NA
S2_185440967,2,185440967,NA,NA,NA,NA
S3_166597996,3,166597996,NA,NA,NA,NA
S5_68395805,5,68395805,NA,NA,NA,NA
S2_235063780,2,235063780,NA,NA,NA,NA
S2_235063815,2,235063815,NA,NA,NA,NA
S2_235063833,2,235063833,NA,NA,NA,NA
S4_166926310,4,166926310,NA,NA,NA,NA
S7_127970539,7,127970539,NA,NA,NA,NA
S6_159014555,6,159014555,NA,NA,NA,NA
S1_161302898,1,161302898,NA,NA,NA,NA
S9_134919722,9,134919722,NA,NA,NA,NA
S10_14728752,10,14728752,NA,NA,NA,NA
S8_163214768,8,163214768,NA,NA,NA,NA
S1_31249633,1,31249633,NA,NA,NA,NA
S3_4718883,3,4718883,NA,NA,NA,NA
S9_133788111,9,133788111,NA,NA,NA,NA
S2_63372899,2,63372899,NA,NA,NA,NA
S1_42851158,1,42851158,NA,NA,NA,NA
S7_167811264,7,167811264,NA,NA,NA,NA
S7_131188291,7,131188291,NA,NA,NA,NA
S3_193795900,3,193795900,NA,NA,NA,NA
S7_145718052,7,145718052,NA,NA,NA,NA
S7_145718054,7,145718054,NA,NA,NA,NA
S7_10300524,7,10300524,NA,NA,NA,NA
S1_18128939,1,18128939,NA,NA,NA,NA
S2_176239010,2,176239010,NA,NA,NA,NA
S8_155931935,8,155931935,NA,NA,NA,NA
S2_36772691,2,36772691,NA,NA,NA,NA
S4_219603060,4,219603060,NA,NA,NA,NA
S7_174881431,7,174881431,NA,NA,NA,NA
S2_26614948,2,26614948,NA,NA,NA,NA
S6_88911239,6,88911239,NA,NA,NA,NA
S5_212613332,5,212613332,NA,NA,NA,NA
S3_136909622,3,136909622,NA,NA,NA,NA
S6_148958572,6,148958572,NA,NA,NA,NA
S8_16353810,8,16353810,NA,NA,NA,NA
S5_17342934,5,17342934,NA,NA,NA,NA
S9_151285760,9,151285760,NA,NA,NA,NA
S2_221894583,2,221894583,NA,NA,NA,NA
S5_87114016,5,87114016,NA,NA,NA,NA
S1_206160430,1,206160430,NA,NA,NA,NA
S1_206160441,1,206160441,NA,NA,NA,NA
S1_202444685,1,202444685,NA,NA,NA,NA
S1_54189891,1,54189891,NA,NA,NA,NA
S5_25272215,5,25272215,NA,NA,NA,NA
S8_14844281,8,14844281,NA,NA,NA,NA
S1_173417144,1,173417144,NA,NA,NA,NA
S9_13664937,9,13664937,NA,NA,NA,NA
S10_144684808,10,144684808,NA,NA,NA,NA
S10_144684827,10,144684827,NA,NA,NA,NA
S9_58451027,9,58451027,NA,NA,NA,NA
S5_3289159,5,3289159,NA,NA,NA,NA
S3_125690287,3,125690287,NA,NA,NA,NA
S6_62449922,6,62449922,NA,NA,NA,NA
S3_205365622,3,205365622,NA,NA,NA,NA
S3_205365624,3,205365624,NA,NA,NA,NA
S4_187886919,4,187886919,NA,NA,NA,NA
S7_99090128,7,99090128,NA,NA,NA,NA
S7_99090132,7,99090132,NA,NA,NA,NA
S7_99090133,7,99090133,NA,NA,NA,NA
S1_235975904,1,235975904,NA,NA,NA,NA
S1_55445259,1,55445259,NA,NA,NA,NA
S4_235381679,4,235381679,NA,NA,NA,NA
S5_19528275,5,19528275,NA,NA,NA,NA
S1_180693189,1,180693189,NA,NA,NA,NA
S4_198378348,4,198378348,NA,NA,NA,NA
S8_165858645,8,165858645,NA,NA,NA,NA
S8_165858685,8,165858685,NA,NA,NA,NA
S5_11782895,5,11782895,NA,NA,NA,NA
S10_136018798,10,136018798,NA,NA,NA,NA
S5_214126960,5,214126960,NA,NA,NA,NA
S3_41736682,3,41736682,NA,NA,NA,NA
S10_118151394,10,118151394,NA,NA,NA,NA
S5_193730914,5,193730914,NA,NA,NA,NA
S8_15484349,8,15484349,NA,NA,NA,NA
S2_61098350,2,61098350,NA,NA,NA,NA
S1_67250676,1,67250676,NA,NA,NA,NA
S4_152944733,4,152944733,NA,NA,NA,NA
S2_6473362,2,6473362,NA,NA,NA,NA
S5_183704581,5,183704581,NA,NA,NA,NA
S7_164201907,7,164201907,NA,NA,NA,NA
S2_163445442,2,163445442,NA,NA,NA,NA
S8_146152767,8,146152767,NA,NA,NA,NA
S7_152181414,7,152181414,NA,NA,NA,NA
S3_201584853,3,201584853,NA,NA,NA,NA
S5_174359296,5,174359296,NA,NA,NA,NA
S5_174359302,5,174359302,NA,NA,NA,NA
S5_76627791,5,76627791,NA,NA,NA,NA
S4_185871422,4,185871422,NA,NA,NA,NA
S7_4543419,7,4543419,NA,NA,NA,NA
S1_16783629,1,16783629,NA,NA,NA,NA
S5_204324106,5,204324106,NA,NA,NA,NA
S8_142477167,8,142477167,NA,NA,NA,NA
S5_62109979,5,62109979,NA,NA,NA,NA
S1_176941250,1,176941250,NA,NA,NA,NA
S3_38103054,3,38103054,NA,NA,NA,NA
S8_161789022,8,161789022,NA,NA,NA,NA
S1_71599137,1,71599137,NA,NA,NA,NA
S4_38571699,4,38571699,NA,NA,NA,NA
S5_14608933,5,14608933,NA,NA,NA,NA
S6_1960822,6,1960822,NA,NA,NA,NA
S2_205926126,2,205926126,NA,NA,NA,NA
S4_28116936,4,28116936,NA,NA,NA,NA
S5_131040473,5,131040473,NA,NA,NA,NA
S7_170642924,7,170642924,NA,NA,NA,NA
S8_155533157,8,155533157,NA,NA,NA,NA
S4_89865935,4,89865935,NA,NA,NA,NA
S4_157107715,4,157107715,NA,NA,NA,NA
S1_280088982,1,280088982,NA,NA,NA,NA
S9_140949763,9,140949763,NA,NA,NA,NA
S1_80167847,1,80167847,NA,NA,NA,NA
S6_44006950,6,44006950,NA,NA,NA,NA
S6_44006962,6,44006962,NA,NA,NA,NA
S7_108699417,7,108699417,NA,NA,NA,NA
S7_155026317,7,155026317,NA,NA,NA,NA
S4_191115445,4,191115445,NA,NA,NA,NA
S6_154236432,6,154236432,NA,NA,NA,NA
S8_29731423,8,29731423,NA,NA,NA,NA
S6_106468426,6,106468426,NA,NA,NA,NA
S5_207657122,5,207657122,NA,NA,NA,NA
S7_173251800,7,173251800,NA,NA,NA,NA
S6_57598818,6,57598818,NA,NA,NA,NA
S6_60193188,6,60193188,NA,NA,NA,NA
S5_192846684,5,192846684,NA,NA,NA,NA
S5_159164330,5,159164330,NA,NA,NA,NA
S3_125690238,3,125690238,NA,NA,NA,NA
S8_145141086,8,145141086,NA,NA,NA,NA
S9_100789038,9,100789038,NA,NA,NA,NA
S9_100789048,9,100789048,NA,NA,NA,NA
S7_140007969,7,140007969,NA,NA,NA,NA
S9_57012030,9,57012030,NA,NA,NA,NA
S2_164980731,2,164980731,NA,NA,NA,NA
S1_79132355,1,79132355,NA,NA,NA,NA
S1_228020005,1,228020005,NA,NA,NA,NA
S1_139463261,1,139463261,NA,NA,NA,NA
S7_4705705,7,4705705,NA,NA,NA,NA
S1_199117325,1,199117325,NA,NA,NA,NA
S3_2611171,3,2611171,NA,NA,NA,NA
S10_148581075,10,148581075,NA,NA,NA,NA
S1_46413146,1,46413146,NA,NA,NA,NA
S5_78384689,5,78384689,NA,NA,NA,NA
S2_198896636,2,198896636,NA,NA,NA,NA
S2_6628463,2,6628463,NA,NA,NA,NA
S1_227833142,1,227833142,NA,NA,NA,NA
S4_231902839,4,231902839,NA,NA,NA,NA
S5_191630808,5,191630808,NA,NA,NA,NA
S9_12428230,9,12428230,NA,NA,NA,NA
S9_153452943,9,153452943,NA,NA,NA,NA
S3_128092987,3,128092987,NA,NA,NA,NA
S2_211722507,2,211722507,NA,NA,NA,NA
S2_211722508,2,211722508,NA,NA,NA,NA
S2_211722511,2,211722511,NA,NA,NA,NA
S2_211722512,2,211722512,NA,NA,NA,NA
S2_211722513,2,211722513,NA,NA,NA,NA
S1_4187113,1,4187113,NA,NA,NA,NA
S9_12795814,9,12795814,NA,NA,NA,NA
S2_36838965,2,36838965,NA,NA,NA,NA
S8_145769144,8,145769144,NA,NA,NA,NA
S1_206197858,1,206197858,NA,NA,NA,NA
S1_296563130,1,296563130,NA,NA,NA,NA
S3_170423205,3,170423205,NA,NA,NA,NA
S4_57011544,4,57011544,NA,NA,NA,NA
S4_57011582,4,57011582,NA,NA,NA,NA
S1_288395725,1,288395725,NA,NA,NA,NA
S6_143981331,6,143981331,NA,NA,NA,NA
S6_143981335,6,143981335,NA,NA,NA,NA
S6_143981336,6,143981336,NA,NA,NA,NA
S6_143981337,6,143981337,NA,NA,NA,NA
S6_143981343,6,143981343,NA,NA,NA,NA
S6_143981344,6,143981344,NA,NA,NA,NA
S6_143981346,6,143981346,NA,NA,NA,NA
S9_26831698,9,26831698,NA,NA,NA,NA
S8_11570632,8,11570632,NA,NA,NA,NA
S10_142365045,10,142365045,NA,NA,NA,NA
S2_214207795,2,214207795,NA,NA,NA,NA
S2_214207805,2,214207805,NA,NA,NA,NA
S9_42840864,9,42840864,NA,NA,NA,NA
S4_233339605,4,233339605,NA,NA,NA,NA
S9_122956596,9,122956596,NA,NA,NA,NA
S6_162609385,6,162609385,NA,NA,NA,NA
S2_208617113,2,208617113,NA,NA,NA,NA
S4_178887805,4,178887805,NA,NA,NA,NA
S3_114259628,3,114259628,NA,NA,NA,NA
S5_205562793,5,205562793,NA,NA,NA,NA
S3_16424583,3,16424583,NA,NA,NA,NA
S3_136907113,3,136907113,NA,NA,NA,NA
S3_136907116,3,136907116,NA,NA,NA,NA
S1_98325832,1,98325832,NA,NA,NA,NA
S5_145867854,5,145867854,NA,NA,NA,NA
S5_200108477,5,200108477,NA,NA,NA,NA
S2_16342312,2,16342312,NA,NA,NA,NA
S1_52774955,1,52774955,NA,NA,NA,NA
S3_22375766,3,22375766,NA,NA,NA,NA
S5_144887473,5,144887473,NA,NA,NA,NA
S2_117313217,2,117313217,NA,NA,NA,NA
S8_6855181,8,6855181,NA,NA,NA,NA
S4_37110257,4,37110257,NA,NA,NA,NA
S3_170120272,3,170120272,NA,NA,NA,NA
S2_10342486,2,10342486,NA,NA,NA,NA
S3_170907262,3,170907262,NA,NA,NA,NA
S6_155634309,6,155634309,NA,NA,NA,NA
S8_144017301,8,144017301,NA,NA,NA,NA
S5_213178675,5,213178675,NA,NA,NA,NA
S9_2213817,9,2213817,NA,NA,NA,NA
S9_2213838,9,2213838,NA,NA,NA,NA
S9_2213839,9,2213839,NA,NA,NA,NA
S8_356599,8,356599,NA,NA,NA,NA
S10_106248373,10,106248373,NA,NA,NA,NA
S7_139724331,7,139724331,NA,NA,NA,NA
S2_17477039,2,17477039,NA,NA,NA,NA
S7_2962331,7,2962331,NA,NA,NA,NA
S7_173442079,7,173442079,NA,NA,NA,NA
S4_195058904,4,195058904,NA,NA,NA,NA
S6_160609340,6,160609340,NA,NA,NA,NA
S10_85319831,10,85319831,NA,NA,NA,NA
S2_175085392,2,175085392,NA,NA,NA,NA
S8_68298453,8,68298453,NA,NA,NA,NA
S2_189831370,2,189831370,NA,NA,NA,NA
S3_132384135,3,132384135,NA,NA,NA,NA
S6_7046631,6,7046631,NA,NA,NA,NA
S3_156788803,3,156788803,NA,NA,NA,NA
S10_137649848,10,137649848,NA,NA,NA,NA
S2_199175459,2,199175459,NA,NA,NA,NA
S2_199175466,2,199175466,NA,NA,NA,NA
S6_162745366,6,162745366,NA,NA,NA,NA
S9_147168186,9,147168186,NA,NA,NA,NA
S9_147168195,9,147168195,NA,NA,NA,NA
S2_21904814,2,21904814,NA,NA,NA,NA
S6_156397934,6,156397934,NA,NA,NA,NA
S7_172936371,7,172936371,NA,NA,NA,NA
S9_116263700,9,116263700,NA,NA,NA,NA
S9_11779896,9,11779896,NA,NA,NA,NA
S5_14925737,5,14925737,NA,NA,NA,NA
S10_144686539,10,144686539,NA,NA,NA,NA
S10_144686546,10,144686546,NA,NA,NA,NA
S7_80810364,7,80810364,NA,NA,NA,NA
S1_63540715,1,63540715,NA,NA,NA,NA
S4_212142894,4,212142894,NA,NA,NA,NA
S2_143383603,2,143383603,NA,NA,NA,NA
S7_172108247,7,172108247,NA,NA,NA,NA
S7_152807084,7,152807084,NA,NA,NA,NA
S4_163397051,4,163397051,NA,NA,NA,NA
S4_198085567,4,198085567,NA,NA,NA,NA
S8_164752009,8,164752009,NA,NA,NA,NA
S4_765250,4,765250,NA,NA,NA,NA
S6_166887771,6,166887771,NA,NA,NA,NA
S9_119312032,9,119312032,NA,NA,NA,NA
S1_3409322,1,3409322,NA,NA,NA,NA
S5_69308640,5,69308640,NA,NA,NA,NA
S5_69308681,5,69308681,NA,NA,NA,NA
S1_29933175,1,29933175,NA,NA,NA,NA
S1_29933198,1,29933198,NA,NA,NA,NA
S10_57844698,10,57844698,NA,NA,NA,NA
S7_130784233,7,130784233,NA,NA,NA,NA
S2_214665167,2,214665167,NA,NA,NA,NA
S2_214665168,2,214665168,NA,NA,NA,NA
S6_163626853,6,163626853,NA,NA,NA,NA
S3_56812815,3,56812815,NA,NA,NA,NA
S3_38175345,3,38175345,NA,NA,NA,NA
S6_168111739,6,168111739,NA,NA,NA,NA
S2_55560527,2,55560527,NA,NA,NA,NA
S3_3116592,3,3116592,NA,NA,NA,NA
S6_150939851,6,150939851,NA,NA,NA,NA
S7_107233873,7,107233873,NA,NA,NA,NA
S4_3256722,4,3256722,NA,NA,NA,NA
S4_130024301,4,130024301,NA,NA,NA,NA
S4_72055932,4,72055932,NA,NA,NA,NA
S8_161734268,8,161734268,NA,NA,NA,NA
S8_152256112,8,152256112,NA,NA,NA,NA
S5_20988120,5,20988120,NA,NA,NA,NA
S5_213035404,5,213035404,NA,NA,NA,NA
S1_27777562,1,27777562,NA,NA,NA,NA
S1_27777568,1,27777568,NA,NA,NA,NA
S10_69087666,10,69087666,NA,NA,NA,NA
S7_162984928,7,162984928,NA,NA,NA,NA
S6_3570122,6,3570122,NA,NA,NA,NA
S8_161563175,8,161563175,NA,NA,NA,NA
S9_133792763,9,133792763,NA,NA,NA,NA
S8_103462258,8,103462258,NA,NA,NA,NA
S3_13541472,3,13541472,NA,NA,NA,NA
S3_9070311,3,9070311,NA,NA,NA,NA
S7_170877587,7,170877587,NA,NA,NA,NA
S4_188875873,4,188875873,NA,NA,NA,NA
S6_147346056,6,147346056,NA,NA,NA,NA
S1_296204589,1,296204589,NA,NA,NA,NA
S10_3191136,10,3191136,NA,NA,NA,NA
S10_91959538,10,91959538,NA,NA,NA,NA
S3_38175268,3,38175268,NA,NA,NA,NA
S9_152417480,9,152417480,NA,NA,NA,NA
S10_118963323,10,118963323,NA,NA,NA,NA
S10_23805688,10,23805688,NA,NA,NA,NA
S8_101670845,8,101670845,NA,NA,NA,NA
S4_197072391,4,197072391,NA,NA,NA,NA
S1_281334077,1,281334077,NA,NA,NA,NA
S9_95742001,9,95742001,NA,NA,NA,NA
S3_16573366,3,16573366,NA,NA,NA,NA
S5_212203611,5,212203611,NA,NA,NA,NA
S7_103305143,7,103305143,NA,NA,NA,NA
S2_109106804,2,109106804,NA,NA,NA,NA
S6_168794659,6,168794659,NA,NA,NA,NA
S8_107231702,8,107231702,NA,NA,NA,NA
S1_146507379,1,146507379,NA,NA,NA,NA
S3_93988878,3,93988878,NA,NA,NA,NA
S3_93988882,3,93988882,NA,NA,NA,NA
S1_158632896,1,158632896,NA,NA,NA,NA
S5_178829469,5,178829469,NA,NA,NA,NA
S8_101177485,8,101177485,NA,NA,NA,NA
S7_124758106,7,124758106,NA,NA,NA,NA
S8_142013223,8,142013223,NA,NA,NA,NA
S8_142013224,8,142013224,NA,NA,NA,NA
S1_286453908,1,286453908,NA,NA,NA,NA
S1_286453917,1,286453917,NA,NA,NA,NA
S1_286453920,1,286453920,NA,NA,NA,NA
S7_172108459,7,172108459,NA,NA,NA,NA
S4_231135282,4,231135282,NA,NA,NA,NA
S4_5886202,4,5886202,NA,NA,NA,NA
S3_147969625,3,147969625,NA,NA,NA,NA
S9_149246064,9,149246064,NA,NA,NA,NA
S6_153785577,6,153785577,NA,NA,NA,NA
S1_287488838,1,287488838,NA,NA,NA,NA
S10_135047986,10,135047986,NA,NA,NA,NA
S8_138938940,8,138938940,NA,NA,NA,NA
S2_36464527,2,36464527,NA,NA,NA,NA
S2_36464528,2,36464528,NA,NA,NA,NA
S2_36464531,2,36464531,NA,NA,NA,NA
S2_36464532,2,36464532,NA,NA,NA,NA
S2_36464533,2,36464533,NA,NA,NA,NA
S2_36464535,2,36464535,NA,NA,NA,NA
S2_36464538,2,36464538,NA,NA,NA,NA
S9_86398131,9,86398131,NA,NA,NA,NA
S7_120721188,7,120721188,NA,NA,NA,NA
S6_165536827,6,165536827,NA,NA,NA,NA
S3_166793800,3,166793800,NA,NA,NA,NA
S3_175690764,3,175690764,NA,NA,NA,NA
S10_146058281,10,146058281,NA,NA,NA,NA
S1_212522555,1,212522555,NA,NA,NA,NA
S1_232648668,1,232648668,NA,NA,NA,NA
S2_144479730,2,144479730,NA,NA,NA,NA
S5_21702517,5,21702517,NA,NA,NA,NA
S2_153150031,2,153150031,NA,NA,NA,NA
S3_60259828,3,60259828,NA,NA,NA,NA
S7_156916623,7,156916623,NA,NA,NA,NA
S6_63563464,6,63563464,NA,NA,NA,NA
S5_183317541,5,183317541,NA,NA,NA,NA
S5_20602300,5,20602300,NA,NA,NA,NA
S10_115518672,10,115518672,NA,NA,NA,NA
S1_218287070,1,218287070,NA,NA,NA,NA
S4_170468016,4,170468016,NA,NA,NA,NA
S10_10669561,10,10669561,NA,NA,NA,NA
S2_209491734,2,209491734,NA,NA,NA,NA
S4_183040597,4,183040597,NA,NA,NA,NA
S5_206249601,5,206249601,NA,NA,NA,NA
S1_40093195,1,40093195,NA,NA,NA,NA
S8_137048624,8,137048624,NA,NA,NA,NA
S10_132883281,10,132883281,NA,NA,NA,NA
S10_132883282,10,132883282,NA,NA,NA,NA
S1_202921283,1,202921283,NA,NA,NA,NA
S5_59974794,5,59974794,NA,NA,NA,NA
S3_227586232,3,227586232,NA,NA,NA,NA
S10_106474078,10,106474078,NA,NA,NA,NA
S4_237146110,4,237146110,NA,NA,NA,NA
S8_152725896,8,152725896,NA,NA,NA,NA
S10_145728030,10,145728030,NA,NA,NA,NA
S3_141487775,3,141487775,NA,NA,NA,NA
S3_199984317,3,199984317,NA,NA,NA,NA
S1_16435576,1,16435576,NA,NA,NA,NA
S3_196478633,3,196478633,NA,NA,NA,NA
S2_15282936,2,15282936,NA,NA,NA,NA
S7_159231766,7,159231766,NA,NA,NA,NA
S7_159231782,7,159231782,NA,NA,NA,NA
S10_81442797,10,81442797,NA,NA,NA,NA
S2_14467293,2,14467293,NA,NA,NA,NA
S5_5199176,5,5199176,NA,NA,NA,NA
S6_163629442,6,163629442,NA,NA,NA,NA
S8_152769811,8,152769811,NA,NA,NA,NA
S3_41737148,3,41737148,NA,NA,NA,NA
S7_147061014,7,147061014,NA,NA,NA,NA
S6_17426420,6,17426420,NA,NA,NA,NA
S1_23609916,1,23609916,NA,NA,NA,NA
S7_129899119,7,129899119,NA,NA,NA,NA
S8_145768860,8,145768860,NA,NA,NA,NA
S1_32869640,1,32869640,NA,NA,NA,NA
S3_156800033,3,156800033,NA,NA,NA,NA
S3_156800034,3,156800034,NA,NA,NA,NA
S9_102493627,9,102493627,NA,NA,NA,NA
S9_102493631,9,102493631,NA,NA,NA,NA
S6_104109940,6,104109940,NA,NA,NA,NA
S10_125545601,10,125545601,NA,NA,NA,NA
S3_185272026,3,185272026,NA,NA,NA,NA
S8_120875803,8,120875803,NA,NA,NA,NA
S7_171207897,7,171207897,NA,NA,NA,NA
S4_131765743,4,131765743,NA,NA,NA,NA
S1_254689027,1,254689027,NA,NA,NA,NA
S1_254689030,1,254689030,NA,NA,NA,NA
S1_254689047,1,254689047,NA,NA,NA,NA
S1_254689048,1,254689048,NA,NA,NA,NA
S8_36689466,8,36689466,NA,NA,NA,NA
S6_62180696,6,62180696,NA,NA,NA,NA
S4_137983223,4,137983223,NA,NA,NA,NA
S2_188872686,2,188872686,NA,NA,NA,NA
S2_217344097,2,217344097,NA,NA,NA,NA
S1_112444368,1,112444368,NA,NA,NA,NA
S8_12848608,8,12848608,NA,NA,NA,NA
S7_157902937,7,157902937,NA,NA,NA,NA
S4_1295387,4,1295387,NA,NA,NA,NA
S3_85659716,3,85659716,NA,NA,NA,NA
S3_2920271,3,2920271,NA,NA,NA,NA
S2_219258126,2,219258126,NA,NA,NA,NA
S3_212502290,3,212502290,NA,NA,NA,NA
S10_141592591,10,141592591,NA,NA,NA,NA
S2_209130810,2,209130810,NA,NA,NA,NA
S1_18190122,1,18190122,NA,NA,NA,NA
S3_88864032,3,88864032,NA,NA,NA,NA
S10_61493346,10,61493346,NA,NA,NA,NA
S8_68693681,8,68693681,NA,NA,NA,NA
S1_4996249,1,4996249,NA,NA,NA,NA
S5_7603691,5,7603691,NA,NA,NA,NA
S8_14728619,8,14728619,NA,NA,NA,NA
S10_121751087,10,121751087,NA,NA,NA,NA
S4_201747409,4,201747409,NA,NA,NA,NA
S8_26349743,8,26349743,NA,NA,NA,NA
S1_167890169,1,167890169,NA,NA,NA,NA
S6_3198189,6,3198189,NA,NA,NA,NA
S8_119829447,8,119829447,NA,NA,NA,NA
S9_30446617,9,30446617,NA,NA,NA,NA
S9_30446658,9,30446658,NA,NA,NA,NA
S9_154641236,9,154641236,NA,NA,NA,NA
S2_222693304,2,222693304,NA,NA,NA,NA
S2_10014023,2,10014023,NA,NA,NA,NA
S9_42840828,9,42840828,NA,NA,NA,NA
S6_96675083,6,96675083,NA,NA,NA,NA
S2_22949101,2,22949101,NA,NA,NA,NA
S6_151485784,6,151485784,NA,NA,NA,NA
S8_105674181,8,105674181,NA,NA,NA,NA
S2_184646154,2,184646154,NA,NA,NA,NA
S1_98164120,1,98164120,NA,NA,NA,NA
S3_224125654,3,224125654,NA,NA,NA,NA
S2_177751186,2,177751186,NA,NA,NA,NA
S1_287720125,1,287720125,NA,NA,NA,NA
S7_136142533,7,136142533,NA,NA,NA,NA
S8_17063648,8,17063648,NA,NA,NA,NA
S6_158276819,6,158276819,NA,NA,NA,NA
S1_41425844,1,41425844,NA,NA,NA,NA
S9_96718167,9,96718167,NA,NA,NA,NA
S5_215513015,5,215513015,NA,NA,NA,NA
S1_287716054,1,287716054,NA,NA,NA,NA
S1_294625901,1,294625901,NA,NA,NA,NA
S3_143812195,3,143812195,NA,NA,NA,NA
S3_117076735,3,117076735,NA,NA,NA,NA
S8_646008,8,646008,NA,NA,NA,NA
S4_228626317,4,228626317,NA,NA,NA,NA
S9_151979625,9,151979625,NA,NA,NA,NA
S5_8493470,5,8493470,NA,NA,NA,NA
S8_130855328,8,130855328,NA,NA,NA,NA
S10_145949572,10,145949572,NA,NA,NA,NA
S1_77968892,1,77968892,NA,NA,NA,NA
S5_10100216,5,10100216,NA,NA,NA,NA
S5_10100232,5,10100232,NA,NA,NA,NA
S5_181208218,5,181208218,NA,NA,NA,NA
S8_84784858,8,84784858,NA,NA,NA,NA
S10_19578379,10,19578379,NA,NA,NA,NA
S3_217293055,3,217293055,NA,NA,NA,NA
S3_217293057,3,217293057,NA,NA,NA,NA
S5_211160662,5,211160662,NA,NA,NA,NA
S5_213268553,5,213268553,NA,NA,NA,NA
S5_213268554,5,213268554,NA,NA,NA,NA
S4_173209575,4,173209575,NA,NA,NA,NA
S7_40413622,7,40413622,NA,NA,NA,NA
S2_180176710,2,180176710,NA,NA,NA,NA
S5_20921911,5,20921911,NA,NA,NA,NA
S3_172372708,3,172372708,NA,NA,NA,NA
S1_44162003,1,44162003,NA,NA,NA,NA
S9_126936097,9,126936097,NA,NA,NA,NA
S3_20417559,3,20417559,NA,NA,NA,NA
S4_234118740,4,234118740,NA,NA,NA,NA
S2_235930849,2,235930849,NA,NA,NA,NA
S2_17219867,2,17219867,NA,NA,NA,NA
S2_17219868,2,17219868,NA,NA,NA,NA
S2_17219869,2,17219869,NA,NA,NA,NA
S2_17219874,2,17219874,NA,NA,NA,NA
S5_196546320,5,196546320,NA,NA,NA,NA
S1_200479302,1,200479302,NA,NA,NA,NA
S3_65286182,3,65286182,NA,NA,NA,NA
S6_135705379,6,135705379,NA,NA,NA,NA
S2_22967982,2,22967982,NA,NA,NA,NA
S10_147890728,10,147890728,NA,NA,NA,NA
S6_37900348,6,37900348,NA,NA,NA,NA
S2_9009204,2,9009204,NA,NA,NA,NA
S3_189691561,3,189691561,NA,NA,NA,NA
S5_183517062,5,183517062,NA,NA,NA,NA
S3_187471397,3,187471397,NA,NA,NA,NA
S9_153610032,9,153610032,NA,NA,NA,NA
S4_169969785,4,169969785,NA,NA,NA,NA
S8_157453407,8,157453407,NA,NA,NA,NA
S8_157453408,8,157453408,NA,NA,NA,NA
S5_5780551,5,5780551,NA,NA,NA,NA
S5_5780552,5,5780552,NA,NA,NA,NA
S5_23573879,5,23573879,NA,NA,NA,NA
S3_86356026,3,86356026,NA,NA,NA,NA
S3_86356027,3,86356027,NA,NA,NA,NA
S3_86356043,3,86356043,NA,NA,NA,NA
S2_16940324,2,16940324,NA,NA,NA,NA
S10_147811484,10,147811484,NA,NA,NA,NA
S4_152695704,4,152695704,NA,NA,NA,NA
S5_19675795,5,19675795,NA,NA,NA,NA
S9_150809993,9,150809993,NA,NA,NA,NA
S1_237958150,1,237958150,NA,NA,NA,NA
S8_16743428,8,16743428,NA,NA,NA,NA
S3_59504250,3,59504250,NA,NA,NA,NA
S3_216876076,3,216876076,NA,NA,NA,NA
S10_144933682,10,144933682,NA,NA,NA,NA
S1_7824871,1,7824871,NA,NA,NA,NA
S4_183929558,4,183929558,NA,NA,NA,NA
S4_182280080,4,182280080,NA,NA,NA,NA
S4_3515229,4,3515229,NA,NA,NA,NA
S1_206158423,1,206158423,NA,NA,NA,NA
S9_150819833,9,150819833,NA,NA,NA,NA
S3_67169648,3,67169648,NA,NA,NA,NA
S5_170501910,5,170501910,NA,NA,NA,NA
S2_143428594,2,143428594,NA,NA,NA,NA
S1_209234778,1,209234778,NA,NA,NA,NA
S8_118694132,8,118694132,NA,NA,NA,NA
S7_165384599,7,165384599,NA,NA,NA,NA
S1_254689029,1,254689029,NA,NA,NA,NA
S5_178826745,5,178826745,NA,NA,NA,NA
S4_18687135,4,18687135,NA,NA,NA,NA
S1_24740007,1,24740007,NA,NA,NA,NA
S6_63265887,6,63265887,NA,NA,NA,NA
S2_30546413,2,30546413,NA,NA,NA,NA
S1_235667303,1,235667303,NA,NA,NA,NA
S1_221788050,1,221788050,NA,NA,NA,NA
S1_291902695,1,291902695,NA,NA,NA,NA
S1_214725632,1,214725632,NA,NA,NA,NA
S8_134116942,8,134116942,NA,NA,NA,NA
S5_203614842,5,203614842,NA,NA,NA,NA
S4_193764449,4,193764449,NA,NA,NA,NA
S3_24745567,3,24745567,NA,NA,NA,NA
S1_288013448,1,288013448,NA,NA,NA,NA
S1_299468209,1,299468209,NA,NA,NA,NA
S5_214111261,5,214111261,NA,NA,NA,NA
S2_203759667,2,203759667,NA,NA,NA,NA
S1_37133013,1,37133013,NA,NA,NA,NA
S7_19254855,7,19254855,NA,NA,NA,NA
S1_280685915,1,280685915,NA,NA,NA,NA
S3_10674682,3,10674682,NA,NA,NA,NA
S6_166886951,6,166886951,NA,NA,NA,NA
S2_57065631,2,57065631,NA,NA,NA,NA
S1_258441440,1,258441440,NA,NA,NA,NA
S5_1101063,5,1101063,NA,NA,NA,NA
S3_157085711,3,157085711,NA,NA,NA,NA
S3_42864927,3,42864927,NA,NA,NA,NA
S4_32229922,4,32229922,NA,NA,NA,NA
S4_240046979,4,240046979,NA,NA,NA,NA
S10_147727033,10,147727033,NA,NA,NA,NA
S6_112602388,6,112602388,NA,NA,NA,NA
S6_155456334,6,155456334,NA,NA,NA,NA
S2_26007026,2,26007026,NA,NA,NA,NA
S9_153673687,9,153673687,NA,NA,NA,NA
S1_256519363,1,256519363,NA,NA,NA,NA
S5_201580363,5,201580363,NA,NA,NA,NA
S5_19528263,5,19528263,NA,NA,NA,NA
S1_74770969,1,74770969,NA,NA,NA,NA
S2_222220076,2,222220076,NA,NA,NA,NA
S2_160962925,2,160962925,NA,NA,NA,NA
S1_151258044,1,151258044,NA,NA,NA,NA
S3_43360573,3,43360573,NA,NA,NA,NA
S7_140710709,7,140710709,NA,NA,NA,NA
S1_235569939,1,235569939,NA,NA,NA,NA
S2_33803312,2,33803312,NA,NA,NA,NA
S1_222955810,1,222955810,NA,NA,NA,NA
S1_236903080,1,236903080,NA,NA,NA,NA
S6_113885438,6,113885438,NA,NA,NA,NA
S6_98257250,6,98257250,NA,NA,NA,NA
S1_232509824,1,232509824,NA,NA,NA,NA
S1_8975812,1,8975812,NA,NA,NA,NA
S10_145125892,10,145125892,NA,NA,NA,NA
S5_207127684,5,207127684,NA,NA,NA,NA
S8_158563022,8,158563022,NA,NA,NA,NA
S1_241001627,1,241001627,NA,NA,NA,NA
S3_110188065,3,110188065,NA,NA,NA,NA
S1_6199324,1,6199324,NA,NA,NA,NA
S10_125850485,10,125850485,NA,NA,NA,NA
S7_172108256,7,172108256,NA,NA,NA,NA
S7_172108258,7,172108258,NA,NA,NA,NA
S7_135468694,7,135468694,NA,NA,NA,NA
S4_10216314,4,10216314,NA,NA,NA,NA
S2_219021132,2,219021132,NA,NA,NA,NA
S3_213798194,3,213798194,NA,NA,NA,NA
S9_140341987,9,140341987,NA,NA,NA,NA
S9_77316859,9,77316859,NA,NA,NA,NA
S8_1831375,8,1831375,NA,NA,NA,NA
S8_125181689,8,125181689,NA,NA,NA,NA
S8_125181701,8,125181701,NA,NA,NA,NA
S7_171207899,7,171207899,NA,NA,NA,NA
S1_253607742,1,253607742,NA,NA,NA,NA
S10_9213200,10,9213200,NA,NA,NA,NA
S1_257791616,1,257791616,NA,NA,NA,NA
S8_110478911,8,110478911,NA,NA,NA,NA
S5_73124239,5,73124239,NA,NA,NA,NA
S7_124212537,7,124212537,NA,NA,NA,NA
S3_60571193,3,60571193,NA,NA,NA,NA
S3_175999788,3,175999788,NA,NA,NA,NA
S1_16783659,1,16783659,NA,NA,NA,NA
S5_1728060,5,1728060,NA,NA,NA,NA
S3_37674480,3,37674480,NA,NA,NA,NA
S9_20609096,9,20609096,NA,NA,NA,NA
S10_14522425,10,14522425,NA,NA,NA,NA
S8_128555679,8,128555679,NA,NA,NA,NA
S2_206420963,2,206420963,NA,NA,NA,NA
S2_206420964,2,206420964,NA,NA,NA,NA
S2_206420967,2,206420967,NA,NA,NA,NA
S2_206420976,2,206420976,NA,NA,NA,NA
S1_220008660,1,220008660,NA,NA,NA,NA
S3_145178668,3,145178668,NA,NA,NA,NA
S2_37867680,2,37867680,NA,NA,NA,NA
S1_262998998,1,262998998,NA,NA,NA,NA
S1_254981688,1,254981688,NA,NA,NA,NA
S5_170419991,5,170419991,NA,NA,NA,NA
S6_91641481,6,91641481,NA,NA,NA,NA
S7_163928738,7,163928738,NA,NA,NA,NA
S7_9199250,7,9199250,NA,NA,NA,NA
S1_25415184,1,25415184,NA,NA,NA,NA
S3_2062130,3,2062130,NA,NA,NA,NA
S7_157459651,7,157459651,NA,NA,NA,NA
S7_157459663,7,157459663,NA,NA,NA,NA
S7_157459672,7,157459672,NA,NA,NA,NA
S2_158507849,2,158507849,NA,NA,NA,NA
S6_102547906,6,102547906,NA,NA,NA,NA
S8_37807702,8,37807702,NA,NA,NA,NA
S1_86608355,1,86608355,NA,NA,NA,NA
S5_213364798,5,213364798,NA,NA,NA,NA
S10_60535777,10,60535777,NA,NA,NA,NA
S10_60535779,10,60535779,NA,NA,NA,NA
S10_113395153,10,113395153,NA,NA,NA,NA
S10_95894707,10,95894707,NA,NA,NA,NA
S7_33149217,7,33149217,NA,NA,NA,NA
S1_121493120,1,121493120,NA,NA,NA,NA
S9_112333121,9,112333121,NA,NA,NA,NA
S6_150740543,6,150740543,NA,NA,NA,NA
S10_94589738,10,94589738,NA,NA,NA,NA
S4_188300005,4,188300005,NA,NA,NA,NA
S5_188779687,5,188779687,NA,NA,NA,NA
S5_5254200,5,5254200,NA,NA,NA,NA
S4_21658221,4,21658221,NA,NA,NA,NA
S8_153015453,8,153015453,NA,NA,NA,NA
S8_153015454,8,153015454,NA,NA,NA,NA
S3_58905483,3,58905483,NA,NA,NA,NA
S7_160234673,7,160234673,NA,NA,NA,NA
S2_184000804,2,184000804,NA,NA,NA,NA
S1_82154876,1,82154876,NA,NA,NA,NA
S1_203634752,1,203634752,NA,NA,NA,NA
S5_24714711,5,24714711,NA,NA,NA,NA
S3_199023103,3,199023103,NA,NA,NA,NA
S7_155342315,7,155342315,NA,NA,NA,NA
S7_155342338,7,155342338,NA,NA,NA,NA
S4_120988860,4,120988860,NA,NA,NA,NA
S5_28125398,5,28125398,NA,NA,NA,NA
S5_28125408,5,28125408,NA,NA,NA,NA
S6_86346256,6,86346256,NA,NA,NA,NA
S5_211750141,5,211750141,NA,NA,NA,NA
S3_219891220,3,219891220,NA,NA,NA,NA
S9_142643689,9,142643689,NA,NA,NA,NA
S4_197154657,4,197154657,NA,NA,NA,NA
S7_13842393,7,13842393,NA,NA,NA,NA
S4_6603046,4,6603046,NA,NA,NA,NA
S8_69054782,8,69054782,NA,NA,NA,NA
S2_175086262,2,175086262,NA,NA,NA,NA
S6_71449515,6,71449515,NA,NA,NA,NA
S4_201184122,4,201184122,NA,NA,NA,NA
S8_161526334,8,161526334,NA,NA,NA,NA
S8_161526335,8,161526335,NA,NA,NA,NA
S8_161526338,8,161526338,NA,NA,NA,NA
S9_100788051,9,100788051,NA,NA,NA,NA
S7_165197539,7,165197539,NA,NA,NA,NA
S1_12209994,1,12209994,NA,NA,NA,NA
S9_20909248,9,20909248,NA,NA,NA,NA
S2_53616545,2,53616545,NA,NA,NA,NA
S2_53616578,2,53616578,NA,NA,NA,NA
S5_210748710,5,210748710,NA,NA,NA,NA
S2_166446409,2,166446409,NA,NA,NA,NA
S4_239423928,4,239423928,NA,NA,NA,NA
S2_208611937,2,208611937,NA,NA,NA,NA
S1_287981898,1,287981898,NA,NA,NA,NA
S8_118419292,8,118419292,NA,NA,NA,NA
S8_118419293,8,118419293,NA,NA,NA,NA
S8_118419310,8,118419310,NA,NA,NA,NA
S8_118419339,8,118419339,NA,NA,NA,NA
S7_136180084,7,136180084,NA,NA,NA,NA
S5_76728206,5,76728206,NA,NA,NA,NA
S4_192103902,4,192103902,NA,NA,NA,NA
S5_56842844,5,56842844,NA,NA,NA,NA
S8_12781318,8,12781318,NA,NA,NA,NA
S5_193730819,5,193730819,NA,NA,NA,NA
S2_81637926,2,81637926,NA,NA,NA,NA
S2_81637928,2,81637928,NA,NA,NA,NA
S10_143169787,10,143169787,NA,NA,NA,NA
S1_45930691,1,45930691,NA,NA,NA,NA
S5_143164341,5,143164341,NA,NA,NA,NA
S4_225872138,4,225872138,NA,NA,NA,NA
S2_217011747,2,217011747,NA,NA,NA,NA
S7_152810029,7,152810029,NA,NA,NA,NA
S7_4545520,7,4545520,NA,NA,NA,NA
S6_7044840,6,7044840,NA,NA,NA,NA
S2_86793297,2,86793297,NA,NA,NA,NA
S2_26979845,2,26979845,NA,NA,NA,NA
S6_39563424,6,39563424,NA,NA,NA,NA
S6_39563445,6,39563445,NA,NA,NA,NA
S1_225039370,1,225039370,NA,NA,NA,NA
S5_212687920,5,212687920,NA,NA,NA,NA
S6_152251662,6,152251662,NA,NA,NA,NA
S6_152251699,6,152251699,NA,NA,NA,NA
S5_212619482,5,212619482,NA,NA,NA,NA
S1_213232323,1,213232323,NA,NA,NA,NA
S6_150736747,6,150736747,NA,NA,NA,NA
S3_204285512,3,204285512,NA,NA,NA,NA
S6_124661129,6,124661129,NA,NA,NA,NA
S4_239492272,4,239492272,NA,NA,NA,NA
S8_162551997,8,162551997,NA,NA,NA,NA
S4_169554456,4,169554456,NA,NA,NA,NA
S6_163402589,6,163402589,NA,NA,NA,NA
S6_163402602,6,163402602,NA,NA,NA,NA
S8_171149572,8,171149572,NA,NA,NA,NA
S8_171149580,8,171149580,NA,NA,NA,NA
S3_57991505,3,57991505,NA,NA,NA,NA
S4_4867002,4,4867002,NA,NA,NA,NA
S4_4867006,4,4867006,NA,NA,NA,NA
S6_155632003,6,155632003,NA,NA,NA,NA
S1_12595466,1,12595466,NA,NA,NA,NA
S2_197381852,2,197381852,NA,NA,NA,NA
S5_187017567,5,187017567,NA,NA,NA,NA
S6_70293216,6,70293216,NA,NA,NA,NA
S2_176452504,2,176452504,NA,NA,NA,NA
S1_19560401,1,19560401,NA,NA,NA,NA
S7_10047253,7,10047253,NA,NA,NA,NA
S10_145095736,10,145095736,NA,NA,NA,NA
S1_296848727,1,296848727,NA,NA,NA,NA
S3_191060833,3,191060833,NA,NA,NA,NA
S1_61938424,1,61938424,NA,NA,NA,NA
S7_35162728,7,35162728,NA,NA,NA,NA
S5_111341090,5,111341090,NA,NA,NA,NA
S6_94992054,6,94992054,NA,NA,NA,NA
S6_124667681,6,124667681,NA,NA,NA,NA
S2_177751196,2,177751196,NA,NA,NA,NA
S1_280826332,1,280826332,NA,NA,NA,NA
S5_188854755,5,188854755,NA,NA,NA,NA
S5_188854767,5,188854767,NA,NA,NA,NA
S5_60995809,5,60995809,NA,NA,NA,NA
S5_12381624,5,12381624,NA,NA,NA,NA
S7_7573559,7,7573559,NA,NA,NA,NA
S1_15779598,1,15779598,NA,NA,NA,NA
S1_223822361,1,223822361,NA,NA,NA,NA
S1_223822363,1,223822363,NA,NA,NA,NA
S1_223822364,1,223822364,NA,NA,NA,NA
S5_173805505,5,173805505,NA,NA,NA,NA
S6_152489778,6,152489778,NA,NA,NA,NA
S6_6546629,6,6546629,NA,NA,NA,NA
S2_58765045,2,58765045,NA,NA,NA,NA
S9_113423881,9,113423881,NA,NA,NA,NA
S1_198416812,1,198416812,NA,NA,NA,NA
S2_17862395,2,17862395,NA,NA,NA,NA
S1_248286801,1,248286801,NA,NA,NA,NA
S7_165369618,7,165369618,NA,NA,NA,NA
S9_151819842,9,151819842,NA,NA,NA,NA
S8_75600243,8,75600243,NA,NA,NA,NA
S9_7180746,9,7180746,NA,NA,NA,NA
S4_161909216,4,161909216,NA,NA,NA,NA
S1_226921025,1,226921025,NA,NA,NA,NA
S2_69177032,2,69177032,NA,NA,NA,NA
S1_231186162,1,231186162,NA,NA,NA,NA
S10_122267264,10,122267264,NA,NA,NA,NA
S2_185399139,2,185399139,NA,NA,NA,NA
S4_21430868,4,21430868,NA,NA,NA,NA
S7_135572343,7,135572343,NA,NA,NA,NA
S8_63553514,8,63553514,NA,NA,NA,NA
S2_209262842,2,209262842,NA,NA,NA,NA
S1_56562197,1,56562197,NA,NA,NA,NA
S7_13842397,7,13842397,NA,NA,NA,NA
S4_158561435,4,158561435,NA,NA,NA,NA
S1_215611510,1,215611510,NA,NA,NA,NA
S1_215611512,1,215611512,NA,NA,NA,NA
S1_215611513,1,215611513,NA,NA,NA,NA
S7_133374509,7,133374509,NA,NA,NA,NA
S1_208827547,1,208827547,NA,NA,NA,NA
S4_196469547,4,196469547,NA,NA,NA,NA
S8_153015284,8,153015284,NA,NA,NA,NA
S1_286453937,1,286453937,NA,NA,NA,NA
S2_181538967,2,181538967,NA,NA,NA,NA
S1_92870744,1,92870744,NA,NA,NA,NA
S7_163047406,7,163047406,NA,NA,NA,NA
S9_133793818,9,133793818,NA,NA,NA,NA
S5_183517060,5,183517060,NA,NA,NA,NA
S2_176614487,2,176614487,NA,NA,NA,NA
S8_68933064,8,68933064,NA,NA,NA,NA
S2_38342123,2,38342123,NA,NA,NA,NA
S8_159954539,8,159954539,NA,NA,NA,NA
S3_136380544,3,136380544,NA,NA,NA,NA
S7_10559670,7,10559670,NA,NA,NA,NA
S4_16843814,4,16843814,NA,NA,NA,NA
S9_64295871,9,64295871,NA,NA,NA,NA
S1_293141943,1,293141943,NA,NA,NA,NA
S9_151368606,9,151368606,NA,NA,NA,NA
S2_13864396,2,13864396,NA,NA,NA,NA
S5_139765952,5,139765952,NA,NA,NA,NA
S2_193730386,2,193730386,NA,NA,NA,NA
S1_211257805,1,211257805,NA,NA,NA,NA
S5_185646221,5,185646221,NA,NA,NA,NA
S9_101393257,9,101393257,NA,NA,NA,NA
S7_174537709,7,174537709,NA,NA,NA,NA
S1_29361670,1,29361670,NA,NA,NA,NA
S6_67259314,6,67259314,NA,NA,NA,NA
S7_85706936,7,85706936,NA,NA,NA,NA
S10_141252293,10,141252293,NA,NA,NA,NA
S1_196534684,1,196534684,NA,NA,NA,NA
S5_194093072,5,194093072,NA,NA,NA,NA
S7_158155254,7,158155254,NA,NA,NA,NA
S1_18199313,1,18199313,NA,NA,NA,NA
S2_229417754,2,229417754,NA,NA,NA,NA
S2_193621874,2,193621874,NA,NA,NA,NA
S1_236232377,1,236232377,NA,NA,NA,NA
S1_6200681,1,6200681,NA,NA,NA,NA
S1_6200715,1,6200715,NA,NA,NA,NA
S4_230347472,4,230347472,NA,NA,NA,NA
S2_148561871,2,148561871,NA,NA,NA,NA
S2_19259124,2,19259124,NA,NA,NA,NA
S4_25464380,4,25464380,NA,NA,NA,NA
S1_290820556,1,290820556,NA,NA,NA,NA
S8_90669319,8,90669319,NA,NA,NA,NA
S3_87781149,3,87781149,NA,NA,NA,NA
S5_180877547,5,180877547,NA,NA,NA,NA
S4_157616830,4,157616830,NA,NA,NA,NA
S5_178243978,5,178243978,NA,NA,NA,NA
S8_124646626,8,124646626,NA,NA,NA,NA
S10_149597102,10,149597102,NA,NA,NA,NA
S9_90190096,9,90190096,NA,NA,NA,NA
S5_187805869,5,187805869,NA,NA,NA,NA
S8_165876496,8,165876496,NA,NA,NA,NA
S2_33506541,2,33506541,NA,NA,NA,NA
S4_2693734,4,2693734,NA,NA,NA,NA
S5_162759697,5,162759697,NA,NA,NA,NA
S1_292517531,1,292517531,NA,NA,NA,NA
S10_81957512,10,81957512,NA,NA,NA,NA
S9_124957914,9,124957914,NA,NA,NA,NA
S1_42184745,1,42184745,NA,NA,NA,NA
S7_151845939,7,151845939,NA,NA,NA,NA
S1_4187083,1,4187083,NA,NA,NA,NA
S5_56368630,5,56368630,NA,NA,NA,NA
S5_3091482,5,3091482,NA,NA,NA,NA
S9_153918177,9,153918177,NA,NA,NA,NA
S1_30802772,1,30802772,NA,NA,NA,NA
S3_190458338,3,190458338,NA,NA,NA,NA
S3_52248898,3,52248898,NA,NA,NA,NA
S6_90549238,6,90549238,NA,NA,NA,NA
S5_158893631,5,158893631,NA,NA,NA,NA
S2_44199877,2,44199877,NA,NA,NA,NA
S1_60755739,1,60755739,NA,NA,NA,NA
S1_60755740,1,60755740,NA,NA,NA,NA
S1_60755749,1,60755749,NA,NA,NA,NA
S6_161010798,6,161010798,NA,NA,NA,NA
S7_7257532,7,7257532,NA,NA,NA,NA
S9_24547584,9,24547584,NA,NA,NA,NA
S2_202644119,2,202644119,NA,NA,NA,NA
S6_155634282,6,155634282,NA,NA,NA,NA
S9_122035012,9,122035012,NA,NA,NA,NA
S1_264102249,1,264102249,NA,NA,NA,NA
S5_4946449,5,4946449,NA,NA,NA,NA
S4_211295915,4,211295915,NA,NA,NA,NA
S3_230968321,3,230968321,NA,NA,NA,NA
S2_3184600,2,3184600,NA,NA,NA,NA
S10_23402403,10,23402403,NA,NA,NA,NA
S5_190959836,5,190959836,NA,NA,NA,NA
S1_281952874,1,281952874,NA,NA,NA,NA
S8_8887299,8,8887299,NA,NA,NA,NA
S5_41362076,5,41362076,NA,NA,NA,NA
S3_196090843,3,196090843,NA,NA,NA,NA
S7_91517068,7,91517068,NA,NA,NA,NA
S9_128311755,9,128311755,NA,NA,NA,NA
S4_188874274,4,188874274,NA,NA,NA,NA
S4_2763778,4,2763778,NA,NA,NA,NA
S3_41243748,3,41243748,NA,NA,NA,NA
S9_128094624,9,128094624,NA,NA,NA,NA
S1_183098445,1,183098445,NA,NA,NA,NA
S1_35770949,1,35770949,NA,NA,NA,NA
S5_197957403,5,197957403,NA,NA,NA,NA
S5_4909900,5,4909900,NA,NA,NA,NA
S5_4909919,5,4909919,NA,NA,NA,NA
S1_275629512,1,275629512,NA,NA,NA,NA
S9_44486594,9,44486594,NA,NA,NA,NA
S4_180544607,4,180544607,NA,NA,NA,NA
S6_4888987,6,4888987,NA,NA,NA,NA
S6_118095480,6,118095480,NA,NA,NA,NA
S3_218188254,3,218188254,NA,NA,NA,NA
S2_182254173,2,182254173,NA,NA,NA,NA
S7_117848089,7,117848089,NA,NA,NA,NA
S5_2276571,5,2276571,NA,NA,NA,NA
S3_187339692,3,187339692,NA,NA,NA,NA
S5_19462261,5,19462261,NA,NA,NA,NA
S2_36618228,2,36618228,NA,NA,NA,NA
S1_267160320,1,267160320,NA,NA,NA,NA
S8_12794572,8,12794572,NA,NA,NA,NA
S10_135610496,10,135610496,NA,NA,NA,NA
S8_107014698,8,107014698,NA,NA,NA,NA
S6_162187836,6,162187836,NA,NA,NA,NA
S8_130100579,8,130100579,NA,NA,NA,NA
S6_161835408,6,161835408,NA,NA,NA,NA
S1_250888483,1,250888483,NA,NA,NA,NA
S2_222815113,2,222815113,NA,NA,NA,NA
S3_3989171,3,3989171,NA,NA,NA,NA
S9_119428826,9,119428826,NA,NA,NA,NA
S9_20113949,9,20113949,NA,NA,NA,NA
S10_2255784,10,2255784,NA,NA,NA,NA
S6_161724609,6,161724609,NA,NA,NA,NA
S3_1633355,3,1633355,NA,NA,NA,NA
S5_181213050,5,181213050,NA,NA,NA,NA
S5_181213065,5,181213065,NA,NA,NA,NA
S9_11749699,9,11749699,NA,NA,NA,NA
S2_10015903,2,10015903,NA,NA,NA,NA
S2_35320092,2,35320092,NA,NA,NA,NA
S1_12256391,1,12256391,NA,NA,NA,NA
S8_8122936,8,8122936,NA,NA,NA,NA
S4_161551639,4,161551639,NA,NA,NA,NA
S5_204207614,5,204207614,NA,NA,NA,NA
S9_111117705,9,111117705,NA,NA,NA,NA
S3_154724213,3,154724213,NA,NA,NA,NA
S3_1975926,3,1975926,NA,NA,NA,NA
S3_180824908,3,180824908,NA,NA,NA,NA
S1_288856054,1,288856054,NA,NA,NA,NA
S3_202609121,3,202609121,NA,NA,NA,NA
S3_56015461,3,56015461,NA,NA,NA,NA
S10_29535932,10,29535932,NA,NA,NA,NA
S5_8350133,5,8350133,NA,NA,NA,NA
S5_8350145,5,8350145,NA,NA,NA,NA
S9_156422039,9,156422039,NA,NA,NA,NA
S1_35936704,1,35936704,NA,NA,NA,NA
S8_15271461,8,15271461,NA,NA,NA,NA
S2_136684709,2,136684709,NA,NA,NA,NA
S1_287727328,1,287727328,NA,NA,NA,NA
S1_12338386,1,12338386,NA,NA,NA,NA
S1_21757761,1,21757761,NA,NA,NA,NA
S8_135716537,8,135716537,NA,NA,NA,NA
S7_2630562,7,2630562,NA,NA,NA,NA
S8_161711258,8,161711258,NA,NA,NA,NA
S8_161711284,8,161711284,NA,NA,NA,NA
S4_2051071,4,2051071,NA,NA,NA,NA
S2_1455548,2,1455548,NA,NA,NA,NA
S9_145906374,9,145906374,NA,NA,NA,NA
S6_9496350,6,9496350,NA,NA,NA,NA
S4_131770232,4,131770232,NA,NA,NA,NA
S1_44346011,1,44346011,NA,NA,NA,NA
S6_5510466,6,5510466,NA,NA,NA,NA
S6_5510503,6,5510503,NA,NA,NA,NA
S6_5510506,6,5510506,NA,NA,NA,NA
S6_133807677,6,133807677,NA,NA,NA,NA
S2_6597126,2,6597126,NA,NA,NA,NA
S1_253776947,1,253776947,NA,NA,NA,NA
S4_126473591,4,126473591,NA,NA,NA,NA
S4_127852191,4,127852191,NA,NA,NA,NA
S4_127852195,4,127852195,NA,NA,NA,NA
S5_178894671,5,178894671,NA,NA,NA,NA
S8_119646326,8,119646326,NA,NA,NA,NA
S8_119646327,8,119646327,NA,NA,NA,NA
S2_9445794,2,9445794,NA,NA,NA,NA
S2_9445800,2,9445800,NA,NA,NA,NA
S4_166862502,4,166862502,NA,NA,NA,NA
S7_150042450,7,150042450,NA,NA,NA,NA
S7_150042451,7,150042451,NA,NA,NA,NA
S10_147856389,10,147856389,NA,NA,NA,NA
S1_237960024,1,237960024,NA,NA,NA,NA
S3_39217617,3,39217617,NA,NA,NA,NA
S1_293793732,1,293793732,NA,NA,NA,NA
S10_18400216,10,18400216,NA,NA,NA,NA
S6_161724625,6,161724625,NA,NA,NA,NA
S4_3256755,4,3256755,NA,NA,NA,NA
S7_3073808,7,3073808,NA,NA,NA,NA
S4_184857626,4,184857626,NA,NA,NA,NA
S3_216528161,3,216528161,NA,NA,NA,NA
S8_118854017,8,118854017,NA,NA,NA,NA
S10_129283477,10,129283477,NA,NA,NA,NA
S1_228019995,1,228019995,NA,NA,NA,NA
S5_151715816,5,151715816,NA,NA,NA,NA
S4_173563159,4,173563159,NA,NA,NA,NA
S3_59430837,3,59430837,NA,NA,NA,NA
S9_23531033,9,23531033,NA,NA,NA,NA
S7_161434966,7,161434966,NA,NA,NA,NA
S7_161434972,7,161434972,NA,NA,NA,NA
S2_9442957,2,9442957,NA,NA,NA,NA
S5_156593426,5,156593426,NA,NA,NA,NA
S1_293944910,1,293944910,NA,NA,NA,NA
S2_223284711,2,223284711,NA,NA,NA,NA
S6_76683226,6,76683226,NA,NA,NA,NA
S6_150687782,6,150687782,NA,NA,NA,NA
S4_144532043,4,144532043,NA,NA,NA,NA
S1_4290135,1,4290135,NA,NA,NA,NA
S5_208961596,5,208961596,NA,NA,NA,NA
S10_36047112,10,36047112,NA,NA,NA,NA
S3_176301674,3,176301674,NA,NA,NA,NA
S2_21904852,2,21904852,NA,NA,NA,NA
S3_165023796,3,165023796,NA,NA,NA,NA
S2_22947865,2,22947865,NA,NA,NA,NA
S2_22947869,2,22947869,NA,NA,NA,NA
S5_200771156,5,200771156,NA,NA,NA,NA
S1_207709396,1,207709396,NA,NA,NA,NA
S4_230347477,4,230347477,NA,NA,NA,NA
S8_71632027,8,71632027,NA,NA,NA,NA
S4_32604124,4,32604124,NA,NA,NA,NA
S8_112834655,8,112834655,NA,NA,NA,NA
S9_112333136,9,112333136,NA,NA,NA,NA
S5_51355420,5,51355420,NA,NA,NA,NA
S3_154592792,3,154592792,NA,NA,NA,NA
S3_154592795,3,154592795,NA,NA,NA,NA
S5_56369893,5,56369893,NA,NA,NA,NA
S3_2720088,3,2720088,NA,NA,NA,NA
S3_185753955,3,185753955,NA,NA,NA,NA
S7_18426804,7,18426804,NA,NA,NA,NA
S8_161625360,8,161625360,NA,NA,NA,NA
S7_125975187,7,125975187,NA,NA,NA,NA
S5_74615063,5,74615063,NA,NA,NA,NA
S7_168201419,7,168201419,NA,NA,NA,NA
S3_86197565,3,86197565,NA,NA,NA,NA
S2_14890388,2,14890388,NA,NA,NA,NA
S3_38633732,3,38633732,NA,NA,NA,NA
S8_170610699,8,170610699,NA,NA,NA,NA
S2_127443236,2,127443236,NA,NA,NA,NA
S10_130722433,10,130722433,NA,NA,NA,NA
S7_82658066,7,82658066,NA,NA,NA,NA
S9_124758564,9,124758564,NA,NA,NA,NA
S10_8805522,10,8805522,NA,NA,NA,NA
S10_8805538,10,8805538,NA,NA,NA,NA
S10_146336123,10,146336123,NA,NA,NA,NA
S5_62757068,5,62757068,NA,NA,NA,NA
S1_206424101,1,206424101,NA,NA,NA,NA
S8_161109333,8,161109333,NA,NA,NA,NA
S6_94852551,6,94852551,NA,NA,NA,NA
S1_288856092,1,288856092,NA,NA,NA,NA
S9_148199435,9,148199435,NA,NA,NA,NA
S6_132626531,6,132626531,NA,NA,NA,NA
S3_197718858,3,197718858,NA,NA,NA,NA
S3_207251978,3,207251978,NA,NA,NA,NA
S2_229287205,2,229287205,NA,NA,NA,NA
S1_30256482,1,30256482,NA,NA,NA,NA
S6_150736328,6,150736328,NA,NA,NA,NA
S2_6190868,2,6190868,NA,NA,NA,NA
S5_2924068,5,2924068,NA,NA,NA,NA
S4_235826771,4,235826771,NA,NA,NA,NA
S5_190677248,5,190677248,NA,NA,NA,NA
S6_155656065,6,155656065,NA,NA,NA,NA
S2_27592229,2,27592229,NA,NA,NA,NA
S4_18687221,4,18687221,NA,NA,NA,NA
S9_65502683,9,65502683,NA,NA,NA,NA
S2_58765092,2,58765092,NA,NA,NA,NA
S1_273696170,1,273696170,NA,NA,NA,NA
S1_180306993,1,180306993,NA,NA,NA,NA
S5_47579896,5,47579896,NA,NA,NA,NA
S5_205730658,5,205730658,NA,NA,NA,NA
S3_186844188,3,186844188,NA,NA,NA,NA
S2_148667526,2,148667526,NA,NA,NA,NA
S3_196209928,3,196209928,NA,NA,NA,NA
S3_169734032,3,169734032,NA,NA,NA,NA
S4_193521552,4,193521552,NA,NA,NA,NA
S1_293627784,1,293627784,NA,NA,NA,NA
S4_234342408,4,234342408,NA,NA,NA,NA
S2_203257325,2,203257325,NA,NA,NA,NA
S9_147657774,9,147657774,NA,NA,NA,NA
S10_130302321,10,130302321,NA,NA,NA,NA
S4_200034050,4,200034050,NA,NA,NA,NA
S9_57186516,9,57186516,NA,NA,NA,NA
S6_4674235,6,4674235,NA,NA,NA,NA
S4_234501904,4,234501904,NA,NA,NA,NA
S7_160752863,7,160752863,NA,NA,NA,NA
S4_237682172,4,237682172,NA,NA,NA,NA
S1_16122871,1,16122871,NA,NA,NA,NA
S9_152761376,9,152761376,NA,NA,NA,NA
S2_47606849,2,47606849,NA,NA,NA,NA
S4_126083785,4,126083785,NA,NA,NA,NA
S9_37539625,9,37539625,NA,NA,NA,NA
S9_103352989,9,103352989,NA,NA,NA,NA
S4_3514635,4,3514635,NA,NA,NA,NA
S1_210740933,1,210740933,NA,NA,NA,NA
S1_299199060,1,299199060,NA,NA,NA,NA
S1_299199062,1,299199062,NA,NA,NA,NA
S6_151037083,6,151037083,NA,NA,NA,NA
S5_201392548,5,201392548,NA,NA,NA,NA
S1_85830181,1,85830181,NA,NA,NA,NA
S3_229303247,3,229303247,NA,NA,NA,NA
S3_145489649,3,145489649,NA,NA,NA,NA
S5_174937227,5,174937227,NA,NA,NA,NA
S5_20923420,5,20923420,NA,NA,NA,NA
S1_272839625,1,272839625,NA,NA,NA,NA
S7_4583737,7,4583737,NA,NA,NA,NA
S5_200688862,5,200688862,NA,NA,NA,NA
S10_86706882,10,86706882,NA,NA,NA,NA
S5_163229838,5,163229838,NA,NA,NA,NA
S8_157453793,8,157453793,NA,NA,NA,NA
S2_204559578,2,204559578,NA,NA,NA,NA
S9_154454376,9,154454376,NA,NA,NA,NA
S7_15827648,7,15827648,NA,NA,NA,NA
S3_57372373,3,57372373,NA,NA,NA,NA
S1_119698160,1,119698160,NA,NA,NA,NA
S2_27807977,2,27807977,NA,NA,NA,NA
S8_107219800,8,107219800,NA,NA,NA,NA
S2_5424264,2,5424264,NA,NA,NA,NA
S4_130024379,4,130024379,NA,NA,NA,NA
S2_16640163,2,16640163,NA,NA,NA,NA
S1_60755746,1,60755746,NA,NA,NA,NA
S9_137288860,9,137288860,NA,NA,NA,NA
S8_131533090,8,131533090,NA,NA,NA,NA
S7_105366045,7,105366045,NA,NA,NA,NA
S1_202160385,1,202160385,NA,NA,NA,NA
S9_147139432,9,147139432,NA,NA,NA,NA
S7_4796107,7,4796107,NA,NA,NA,NA
S1_179925407,1,179925407,NA,NA,NA,NA
S5_6805416,5,6805416,NA,NA,NA,NA
S7_76650157,7,76650157,NA,NA,NA,NA
S5_179933254,5,179933254,NA,NA,NA,NA
S5_204802238,5,204802238,NA,NA,NA,NA
S6_66896210,6,66896210,NA,NA,NA,NA
S6_66896244,6,66896244,NA,NA,NA,NA
S2_225537922,2,225537922,NA,NA,NA,NA
S5_214115925,5,214115925,NA,NA,NA,NA
S1_9216242,1,9216242,NA,NA,NA,NA
S3_169877131,3,169877131,NA,NA,NA,NA
S3_169877132,3,169877132,NA,NA,NA,NA
S7_5106621,7,5106621,NA,NA,NA,NA
S1_295997419,1,295997419,NA,NA,NA,NA
S3_6685031,3,6685031,NA,NA,NA,NA
S10_85394451,10,85394451,NA,NA,NA,NA
S8_140991047,8,140991047,NA,NA,NA,NA
S8_140991057,8,140991057,NA,NA,NA,NA
S5_86824027,5,86824027,NA,NA,NA,NA
S6_37900307,6,37900307,NA,NA,NA,NA
S7_115193011,7,115193011,NA,NA,NA,NA
S10_140737865,10,140737865,NA,NA,NA,NA
S7_142398271,7,142398271,NA,NA,NA,NA
S2_191863469,2,191863469,NA,NA,NA,NA
S3_181687994,3,181687994,NA,NA,NA,NA
S4_5406961,4,5406961,NA,NA,NA,NA
S5_211750108,5,211750108,NA,NA,NA,NA
S5_211750109,5,211750109,NA,NA,NA,NA
S5_211750166,5,211750166,NA,NA,NA,NA
S5_212203295,5,212203295,NA,NA,NA,NA
S1_17494046,1,17494046,NA,NA,NA,NA
S3_124730507,3,124730507,NA,NA,NA,NA
S2_38986084,2,38986084,NA,NA,NA,NA
S4_83572875,4,83572875,NA,NA,NA,NA
S5_1340714,5,1340714,NA,NA,NA,NA
S7_17534460,7,17534460,NA,NA,NA,NA
S4_11467435,4,11467435,NA,NA,NA,NA
S9_149245665,9,149245665,NA,NA,NA,NA
S8_159988964,8,159988964,NA,NA,NA,NA
S2_43204572,2,43204572,NA,NA,NA,NA
S4_23529299,4,23529299,NA,NA,NA,NA
S8_171875674,8,171875674,NA,NA,NA,NA
S7_167907677,7,167907677,NA,NA,NA,NA
S8_71792352,8,71792352,NA,NA,NA,NA
S5_21877521,5,21877521,NA,NA,NA,NA
S5_169680620,5,169680620,NA,NA,NA,NA
S5_169680648,5,169680648,NA,NA,NA,NA
S7_171695299,7,171695299,NA,NA,NA,NA
S3_4843209,3,4843209,NA,NA,NA,NA
S2_7196295,2,7196295,NA,NA,NA,NA
S7_168791879,7,168791879,NA,NA,NA,NA
S7_162799297,7,162799297,NA,NA,NA,NA
S5_191372695,5,191372695,NA,NA,NA,NA
S7_44029748,7,44029748,NA,NA,NA,NA
S2_224236853,2,224236853,NA,NA,NA,NA
S1_187977553,1,187977553,NA,NA,NA,NA
S3_126634692,3,126634692,NA,NA,NA,NA
S1_196213701,1,196213701,NA,NA,NA,NA
S1_196213707,1,196213707,NA,NA,NA,NA
S5_208091944,5,208091944,NA,NA,NA,NA
S7_115704961,7,115704961,NA,NA,NA,NA
S1_212983760,1,212983760,NA,NA,NA,NA
S2_17256820,2,17256820,NA,NA,NA,NA
S8_118769526,8,118769526,NA,NA,NA,NA
S2_22194541,2,22194541,NA,NA,NA,NA
S2_22194542,2,22194542,NA,NA,NA,NA
S4_238316668,4,238316668,NA,NA,NA,NA
S2_222415842,2,222415842,NA,NA,NA,NA
S8_161750750,8,161750750,NA,NA,NA,NA
S8_8474219,8,8474219,NA,NA,NA,NA
S9_149456966,9,149456966,NA,NA,NA,NA
S2_233740235,2,233740235,NA,NA,NA,NA
S1_11951944,1,11951944,NA,NA,NA,NA
S9_94248174,9,94248174,NA,NA,NA,NA
S10_2230519,10,2230519,NA,NA,NA,NA
S5_16321335,5,16321335,NA,NA,NA,NA
S8_1516954,8,1516954,NA,NA,NA,NA
S1_33884428,1,33884428,NA,NA,NA,NA
S3_199664584,3,199664584,NA,NA,NA,NA
S9_8243561,9,8243561,NA,NA,NA,NA
S9_149457524,9,149457524,NA,NA,NA,NA
S9_144161301,9,144161301,NA,NA,NA,NA
S8_138938983,8,138938983,NA,NA,NA,NA
S1_71607329,1,71607329,NA,NA,NA,NA
S8_171958399,8,171958399,NA,NA,NA,NA
S8_171958400,8,171958400,NA,NA,NA,NA
S2_234441021,2,234441021,NA,NA,NA,NA
S5_19590863,5,19590863,NA,NA,NA,NA
S6_163974515,6,163974515,NA,NA,NA,NA
S2_4046476,2,4046476,NA,NA,NA,NA
S5_212378330,5,212378330,NA,NA,NA,NA
S8_165286106,8,165286106,NA,NA,NA,NA
S2_111583215,2,111583215,NA,NA,NA,NA
S10_5880397,10,5880397,NA,NA,NA,NA
S3_6294268,3,6294268,NA,NA,NA,NA
S8_118769497,8,118769497,NA,NA,NA,NA
S5_22637440,5,22637440,NA,NA,NA,NA
S2_39429409,2,39429409,NA,NA,NA,NA
S8_152725897,8,152725897,NA,NA,NA,NA
S8_14095330,8,14095330,NA,NA,NA,NA
S3_132611455,3,132611455,NA,NA,NA,NA
S2_107850540,2,107850540,NA,NA,NA,NA
S5_189198580,5,189198580,NA,NA,NA,NA
S4_223051455,4,223051455,NA,NA,NA,NA
S2_8809708,2,8809708,NA,NA,NA,NA
S1_224811726,1,224811726,NA,NA,NA,NA
S1_162428292,1,162428292,NA,NA,NA,NA
S8_160532961,8,160532961,NA,NA,NA,NA
S2_109104162,2,109104162,NA,NA,NA,NA
S7_175206686,7,175206686,NA,NA,NA,NA
S5_2704434,5,2704434,NA,NA,NA,NA
S2_53844571,2,53844571,NA,NA,NA,NA
S4_20546642,4,20546642,NA,NA,NA,NA
S3_195964332,3,195964332,NA,NA,NA,NA
S4_237390228,4,237390228,NA,NA,NA,NA
S3_181696211,3,181696211,NA,NA,NA,NA
S4_236948906,4,236948906,NA,NA,NA,NA
S4_236948934,4,236948934,NA,NA,NA,NA
S2_180824309,2,180824309,NA,NA,NA,NA
S10_137649837,10,137649837,NA,NA,NA,NA
S7_8056098,7,8056098,NA,NA,NA,NA
S1_39733145,1,39733145,NA,NA,NA,NA
S7_133372493,7,133372493,NA,NA,NA,NA
S6_36622354,6,36622354,NA,NA,NA,NA
S2_24169670,2,24169670,NA,NA,NA,NA
S3_133074234,3,133074234,NA,NA,NA,NA
S1_82509310,1,82509310,NA,NA,NA,NA
S4_240613767,4,240613767,NA,NA,NA,NA
S1_172899094,1,172899094,NA,NA,NA,NA
S2_25828691,2,25828691,NA,NA,NA,NA
S1_14449070,1,14449070,NA,NA,NA,NA
S2_196870852,2,196870852,NA,NA,NA,NA
S2_186202015,2,186202015,NA,NA,NA,NA
S4_179793351,4,179793351,NA,NA,NA,NA
S3_219064285,3,219064285,NA,NA,NA,NA
S7_144744200,7,144744200,NA,NA,NA,NA
S7_158938968,7,158938968,NA,NA,NA,NA
S7_158938971,7,158938971,NA,NA,NA,NA
S7_158938972,7,158938972,NA,NA,NA,NA
S7_158938975,7,158938975,NA,NA,NA,NA
S1_259174049,1,259174049,NA,NA,NA,NA
S3_222768865,3,222768865,NA,NA,NA,NA
S4_130033487,4,130033487,NA,NA,NA,NA
S1_107364757,1,107364757,NA,NA,NA,NA
S6_132195277,6,132195277,NA,NA,NA,NA
S6_118302337,6,118302337,NA,NA,NA,NA
S2_9023180,2,9023180,NA,NA,NA,NA
S6_115192277,6,115192277,NA,NA,NA,NA
S1_3199533,1,3199533,NA,NA,NA,NA
S6_118602592,6,118602592,NA,NA,NA,NA
S7_127717084,7,127717084,NA,NA,NA,NA
S4_238994602,4,238994602,NA,NA,NA,NA
S1_229205880,1,229205880,NA,NA,NA,NA
S2_22608696,2,22608696,NA,NA,NA,NA
S2_222807883,2,222807883,NA,NA,NA,NA
S2_24361473,2,24361473,NA,NA,NA,NA
S5_4770060,5,4770060,NA,NA,NA,NA
S5_4770061,5,4770061,NA,NA,NA,NA
S1_35936654,1,35936654,NA,NA,NA,NA
S10_71051046,10,71051046,NA,NA,NA,NA
S4_23426277,4,23426277,NA,NA,NA,NA
S9_149246068,9,149246068,NA,NA,NA,NA
S2_210046818,2,210046818,NA,NA,NA,NA
S4_514033,4,514033,NA,NA,NA,NA
S9_91250434,9,91250434,NA,NA,NA,NA
S10_135678209,10,135678209,NA,NA,NA,NA
S3_191993052,3,191993052,NA,NA,NA,NA
S5_59600229,5,59600229,NA,NA,NA,NA
S9_96074776,9,96074776,NA,NA,NA,NA
S5_167587895,5,167587895,NA,NA,NA,NA
S6_166823021,6,166823021,NA,NA,NA,NA
S9_98436907,9,98436907,NA,NA,NA,NA
S8_44399372,8,44399372,NA,NA,NA,NA
S2_59281849,2,59281849,NA,NA,NA,NA
S7_136142499,7,136142499,NA,NA,NA,NA
S6_61315099,6,61315099,NA,NA,NA,NA
S5_181213094,5,181213094,NA,NA,NA,NA
S6_119863823,6,119863823,NA,NA,NA,NA
S6_150753517,6,150753517,NA,NA,NA,NA
S3_185406506,3,185406506,NA,NA,NA,NA
S9_17236222,9,17236222,NA,NA,NA,NA
S5_214115919,5,214115919,NA,NA,NA,NA
S4_187278040,4,187278040,NA,NA,NA,NA
S3_215471266,3,215471266,NA,NA,NA,NA
S2_120131775,2,120131775,NA,NA,NA,NA
S1_17494066,1,17494066,NA,NA,NA,NA
S2_15475273,2,15475273,NA,NA,NA,NA
S4_23950942,4,23950942,NA,NA,NA,NA
S3_127501036,3,127501036,NA,NA,NA,NA
S8_101179072,8,101179072,NA,NA,NA,NA
S10_7132865,10,7132865,NA,NA,NA,NA
S2_1919761,2,1919761,NA,NA,NA,NA
S6_120076670,6,120076670,NA,NA,NA,NA
S4_233762304,4,233762304,NA,NA,NA,NA
S4_233762305,4,233762305,NA,NA,NA,NA
S3_54472156,3,54472156,NA,NA,NA,NA
S9_37539091,9,37539091,NA,NA,NA,NA
S3_7081859,3,7081859,NA,NA,NA,NA
S8_152970185,8,152970185,NA,NA,NA,NA
S9_134769957,9,134769957,NA,NA,NA,NA
S4_188055813,4,188055813,NA,NA,NA,NA
S2_209010456,2,209010456,NA,NA,NA,NA
S2_164722342,2,164722342,NA,NA,NA,NA
S8_157464621,8,157464621,NA,NA,NA,NA
S4_237390237,4,237390237,NA,NA,NA,NA
S9_7180682,9,7180682,NA,NA,NA,NA
S5_2263141,5,2263141,NA,NA,NA,NA
S6_165530251,6,165530251,NA,NA,NA,NA
S1_228664991,1,228664991,NA,NA,NA,NA
S5_69303038,5,69303038,NA,NA,NA,NA
S8_170138810,8,170138810,NA,NA,NA,NA
S8_165733024,8,165733024,NA,NA,NA,NA
S1_20908683,1,20908683,NA,NA,NA,NA
S10_114852959,10,114852959,NA,NA,NA,NA
S1_5089381,1,5089381,NA,NA,NA,NA
S5_12383779,5,12383779,NA,NA,NA,NA
S10_148239058,10,148239058,NA,NA,NA,NA
S9_21721919,9,21721919,NA,NA,NA,NA
S9_21721935,9,21721935,NA,NA,NA,NA
S9_21721936,9,21721936,NA,NA,NA,NA
S9_21721938,9,21721938,NA,NA,NA,NA
S2_6466953,2,6466953,NA,NA,NA,NA
S1_286439897,1,286439897,NA,NA,NA,NA
S4_9406759,4,9406759,NA,NA,NA,NA
S10_128560078,10,128560078,NA,NA,NA,NA
S1_196534726,1,196534726,NA,NA,NA,NA
S7_40570627,7,40570627,NA,NA,NA,NA
S4_214783269,4,214783269,NA,NA,NA,NA
S1_296961157,1,296961157,NA,NA,NA,NA
S1_296961207,1,296961207,NA,NA,NA,NA
S9_12870644,9,12870644,NA,NA,NA,NA
S8_134741602,8,134741602,NA,NA,NA,NA
S4_12975154,4,12975154,NA,NA,NA,NA
S1_38617608,1,38617608,NA,NA,NA,NA
S7_126748138,7,126748138,NA,NA,NA,NA
S7_126748150,7,126748150,NA,NA,NA,NA
S7_124568146,7,124568146,NA,NA,NA,NA
S8_119050712,8,119050712,NA,NA,NA,NA
S7_45385946,7,45385946,NA,NA,NA,NA
S7_141813132,7,141813132,NA,NA,NA,NA
S5_26774083,5,26774083,NA,NA,NA,NA
S5_26774109,5,26774109,NA,NA,NA,NA
S2_104511943,2,104511943,NA,NA,NA,NA
S6_158274994,6,158274994,NA,NA,NA,NA
S1_61948994,1,61948994,NA,NA,NA,NA
S1_154081957,1,154081957,NA,NA,NA,NA
S3_132904835,3,132904835,NA,NA,NA,NA
S8_139878166,8,139878166,NA,NA,NA,NA
S10_144854313,10,144854313,NA,NA,NA,NA
S5_90346065,5,90346065,NA,NA,NA,NA
S6_164802240,6,164802240,NA,NA,NA,NA
S4_170027537,4,170027537,NA,NA,NA,NA
S5_6577975,5,6577975,NA,NA,NA,NA
S6_34565533,6,34565533,NA,NA,NA,NA
S1_199837703,1,199837703,NA,NA,NA,NA
S1_290395327,1,290395327,NA,NA,NA,NA
S3_121025664,3,121025664,NA,NA,NA,NA
S8_149424977,8,149424977,NA,NA,NA,NA
S5_175459479,5,175459479,NA,NA,NA,NA
S2_170867474,2,170867474,NA,NA,NA,NA
S2_12268170,2,12268170,NA,NA,NA,NA
S6_156927947,6,156927947,NA,NA,NA,NA
S6_156927955,6,156927955,NA,NA,NA,NA
S5_176122246,5,176122246,NA,NA,NA,NA
S1_278042747,1,278042747,NA,NA,NA,NA
S3_23844845,3,23844845,NA,NA,NA,NA
S9_87360457,9,87360457,NA,NA,NA,NA
S5_46538166,5,46538166,NA,NA,NA,NA
S10_95917035,10,95917035,NA,NA,NA,NA
S8_39469864,8,39469864,NA,NA,NA,NA
S8_145619943,8,145619943,NA,NA,NA,NA
S10_22095817,10,22095817,NA,NA,NA,NA
S7_13843345,7,13843345,NA,NA,NA,NA
S3_198988605,3,198988605,NA,NA,NA,NA
S9_65961707,9,65961707,NA,NA,NA,NA
S9_65961736,9,65961736,NA,NA,NA,NA
S2_220756113,2,220756113,NA,NA,NA,NA
S2_194504009,2,194504009,NA,NA,NA,NA
S3_199867127,3,199867127,NA,NA,NA,NA
S2_184456937,2,184456937,NA,NA,NA,NA
S8_2511937,8,2511937,NA,NA,NA,NA
S7_135516898,7,135516898,NA,NA,NA,NA
S7_135516901,7,135516901,NA,NA,NA,NA
S6_110437277,6,110437277,NA,NA,NA,NA
S5_84232209,5,84232209,NA,NA,NA,NA
S7_169106676,7,169106676,NA,NA,NA,NA
S5_141166310,5,141166310,NA,NA,NA,NA
S8_159988925,8,159988925,NA,NA,NA,NA
S1_51895057,1,51895057,NA,NA,NA,NA
S7_146607105,7,146607105,NA,NA,NA,NA
S7_146607145,7,146607145,NA,NA,NA,NA
S5_12151733,5,12151733,NA,NA,NA,NA
S9_108293552,9,108293552,NA,NA,NA,NA
S9_142918905,9,142918905,NA,NA,NA,NA
S1_226922951,1,226922951,NA,NA,NA,NA
S1_146507378,1,146507378,NA,NA,NA,NA
S9_24063664,9,24063664,NA,NA,NA,NA
S6_164994116,6,164994116,NA,NA,NA,NA
S2_3114749,2,3114749,NA,NA,NA,NA
S10_87084265,10,87084265,NA,NA,NA,NA
S7_167223955,7,167223955,NA,NA,NA,NA
S1_158004075,1,158004075,NA,NA,NA,NA
S1_291902719,1,291902719,NA,NA,NA,NA
S2_41775124,2,41775124,NA,NA,NA,NA
S7_161064085,7,161064085,NA,NA,NA,NA
S1_290521375,1,290521375,NA,NA,NA,NA
S6_159016831,6,159016831,NA,NA,NA,NA
S1_70425028,1,70425028,NA,NA,NA,NA
S8_157756240,8,157756240,NA,NA,NA,NA
S4_227041458,4,227041458,NA,NA,NA,NA
S4_227041471,4,227041471,NA,NA,NA,NA
S1_215610681,1,215610681,NA,NA,NA,NA
S7_132631881,7,132631881,NA,NA,NA,NA
S4_31587,4,31587,NA,NA,NA,NA
S1_69889501,1,69889501,NA,NA,NA,NA
S10_80048215,10,80048215,NA,NA,NA,NA
S8_170628174,8,170628174,NA,NA,NA,NA
S4_206355330,4,206355330,NA,NA,NA,NA
S5_89156774,5,89156774,NA,NA,NA,NA
S10_132539027,10,132539027,NA,NA,NA,NA
S1_23047983,1,23047983,NA,NA,NA,NA
S2_206490166,2,206490166,NA,NA,NA,NA
S10_39961467,10,39961467,NA,NA,NA,NA
S4_123667985,4,123667985,NA,NA,NA,NA
S1_2467319,1,2467319,NA,NA,NA,NA
S1_2467320,1,2467320,NA,NA,NA,NA
S6_23875707,6,23875707,NA,NA,NA,NA
S3_175937354,3,175937354,NA,NA,NA,NA
S3_225038503,3,225038503,NA,NA,NA,NA
S5_211925164,5,211925164,NA,NA,NA,NA
S9_26940420,9,26940420,NA,NA,NA,NA
S3_129429262,3,129429262,NA,NA,NA,NA
S8_38699253,8,38699253,NA,NA,NA,NA
S7_172340097,7,172340097,NA,NA,NA,NA
S3_57990320,3,57990320,NA,NA,NA,NA
S3_13689004,3,13689004,NA,NA,NA,NA
S10_127936529,10,127936529,NA,NA,NA,NA
S9_92921093,9,92921093,NA,NA,NA,NA
S1_250863776,1,250863776,NA,NA,NA,NA
S3_227087108,3,227087108,NA,NA,NA,NA
S6_154771900,6,154771900,NA,NA,NA,NA
S7_22261328,7,22261328,NA,NA,NA,NA
S7_22261337,7,22261337,NA,NA,NA,NA
S1_196371801,1,196371801,NA,NA,NA,NA
S7_95696126,7,95696126,NA,NA,NA,NA
S10_106435609,10,106435609,NA,NA,NA,NA
S7_10554617,7,10554617,NA,NA,NA,NA
S7_10554663,7,10554663,NA,NA,NA,NA
S6_142646990,6,142646990,NA,NA,NA,NA
S10_80042305,10,80042305,NA,NA,NA,NA
S2_234033933,2,234033933,NA,NA,NA,NA
S1_81549744,1,81549744,NA,NA,NA,NA
S10_5642103,10,5642103,NA,NA,NA,NA
S6_138434662,6,138434662,NA,NA,NA,NA
S5_78384817,5,78384817,NA,NA,NA,NA
S10_3191126,10,3191126,NA,NA,NA,NA
S8_25879047,8,25879047,NA,NA,NA,NA
S7_174220091,7,174220091,NA,NA,NA,NA
S4_5406529,4,5406529,NA,NA,NA,NA
S10_11903476,10,11903476,NA,NA,NA,NA
S5_68511008,5,68511008,NA,NA,NA,NA
S9_114552666,9,114552666,NA,NA,NA,NA
S1_245697887,1,245697887,NA,NA,NA,NA
S1_196534725,1,196534725,NA,NA,NA,NA
S2_23837287,2,23837287,NA,NA,NA,NA
S5_2327084,5,2327084,NA,NA,NA,NA
S3_23102195,3,23102195,NA,NA,NA,NA
S10_104891334,10,104891334,NA,NA,NA,NA
S1_281908434,1,281908434,NA,NA,NA,NA
S6_102548221,6,102548221,NA,NA,NA,NA
S5_2924083,5,2924083,NA,NA,NA,NA
S5_69456396,5,69456396,NA,NA,NA,NA
S1_116225165,1,116225165,NA,NA,NA,NA
S5_16303688,5,16303688,NA,NA,NA,NA
S10_142406047,10,142406047,NA,NA,NA,NA
S4_31674099,4,31674099,NA,NA,NA,NA
S2_179980378,2,179980378,NA,NA,NA,NA
S3_227937844,3,227937844,NA,NA,NA,NA
S10_83456231,10,83456231,NA,NA,NA,NA
S1_170848735,1,170848735,NA,NA,NA,NA
S5_199646916,5,199646916,NA,NA,NA,NA
S1_25876183,1,25876183,NA,NA,NA,NA
S9_133585763,9,133585763,NA,NA,NA,NA
S1_212522524,1,212522524,NA,NA,NA,NA
S1_212522549,1,212522549,NA,NA,NA,NA
S2_21595641,2,21595641,NA,NA,NA,NA
S7_170496540,7,170496540,NA,NA,NA,NA
S9_133920539,9,133920539,NA,NA,NA,NA
S3_183142119,3,183142119,NA,NA,NA,NA
S4_175583965,4,175583965,NA,NA,NA,NA
S4_175583985,4,175583985,NA,NA,NA,NA
S4_175583991,4,175583991,NA,NA,NA,NA
S1_257972946,1,257972946,NA,NA,NA,NA
S1_282684968,1,282684968,NA,NA,NA,NA
S8_87543603,8,87543603,NA,NA,NA,NA
S8_87543610,8,87543610,NA,NA,NA,NA
S3_217237862,3,217237862,NA,NA,NA,NA
S3_217237870,3,217237870,NA,NA,NA,NA
S3_121025631,3,121025631,NA,NA,NA,NA
S6_118752660,6,118752660,NA,NA,NA,NA
S6_118752661,6,118752661,NA,NA,NA,NA
S7_167623253,7,167623253,NA,NA,NA,NA
S6_166177535,6,166177535,NA,NA,NA,NA
S8_74135092,8,74135092,NA,NA,NA,NA
S8_74135093,8,74135093,NA,NA,NA,NA
S8_74135094,8,74135094,NA,NA,NA,NA
S8_164559359,8,164559359,NA,NA,NA,NA
S8_164559363,8,164559363,NA,NA,NA,NA
S9_30979509,9,30979509,NA,NA,NA,NA
S1_23047822,1,23047822,NA,NA,NA,NA
S7_10551600,7,10551600,NA,NA,NA,NA
S5_189884391,5,189884391,NA,NA,NA,NA
S4_24907732,4,24907732,NA,NA,NA,NA
S8_142532532,8,142532532,NA,NA,NA,NA
S1_294710300,1,294710300,NA,NA,NA,NA
S3_179512532,3,179512532,NA,NA,NA,NA
S6_157568432,6,157568432,NA,NA,NA,NA
S2_113810684,2,113810684,NA,NA,NA,NA
S1_217935754,1,217935754,NA,NA,NA,NA
S4_148596518,4,148596518,NA,NA,NA,NA
S6_105408499,6,105408499,NA,NA,NA,NA
S2_225157541,2,225157541,NA,NA,NA,NA
S3_2211197,3,2211197,NA,NA,NA,NA
S8_139345503,8,139345503,NA,NA,NA,NA
S9_81160732,9,81160732,NA,NA,NA,NA
S6_166052042,6,166052042,NA,NA,NA,NA
S5_11882869,5,11882869,NA,NA,NA,NA
S7_10554620,7,10554620,NA,NA,NA,NA
S7_144325565,7,144325565,NA,NA,NA,NA
S1_223822337,1,223822337,NA,NA,NA,NA
S3_133179729,3,133179729,NA,NA,NA,NA
S3_225343074,3,225343074,NA,NA,NA,NA
S3_153934050,3,153934050,NA,NA,NA,NA
S5_13274556,5,13274556,NA,NA,NA,NA
S5_13274561,5,13274561,NA,NA,NA,NA
S7_171692414,7,171692414,NA,NA,NA,NA
S7_163575553,7,163575553,NA,NA,NA,NA
S1_164493427,1,164493427,NA,NA,NA,NA
S9_63126772,9,63126772,NA,NA,NA,NA
S2_144722129,2,144722129,NA,NA,NA,NA
S6_148777005,6,148777005,NA,NA,NA,NA
S2_936208,2,936208,NA,NA,NA,NA
S1_54278114,1,54278114,NA,NA,NA,NA
S3_153924648,3,153924648,NA,NA,NA,NA
S2_121583834,2,121583834,NA,NA,NA,NA
S4_161549420,4,161549420,NA,NA,NA,NA
S9_133920542,9,133920542,NA,NA,NA,NA
S2_141596516,2,141596516,NA,NA,NA,NA
S3_162318060,3,162318060,NA,NA,NA,NA
S1_34595657,1,34595657,NA,NA,NA,NA
S7_174515515,7,174515515,NA,NA,NA,NA
S1_191581451,1,191581451,NA,NA,NA,NA
S3_36217969,3,36217969,NA,NA,NA,NA
S9_4833298,9,4833298,NA,NA,NA,NA
S1_19252698,1,19252698,NA,NA,NA,NA
S7_133374455,7,133374455,NA,NA,NA,NA
S2_15282982,2,15282982,NA,NA,NA,NA
S2_165618032,2,165618032,NA,NA,NA,NA
S10_135610577,10,135610577,NA,NA,NA,NA
S3_19784177,3,19784177,NA,NA,NA,NA
S4_18694475,4,18694475,NA,NA,NA,NA
S8_170709566,8,170709566,NA,NA,NA,NA
S10_2255079,10,2255079,NA,NA,NA,NA
S10_2255082,10,2255082,NA,NA,NA,NA
S10_2255084,10,2255084,NA,NA,NA,NA
S8_14848374,8,14848374,NA,NA,NA,NA
S6_111677590,6,111677590,NA,NA,NA,NA
S5_46779358,5,46779358,NA,NA,NA,NA
S8_19122989,8,19122989,NA,NA,NA,NA
S6_108064931,6,108064931,NA,NA,NA,NA
S7_173149123,7,173149123,NA,NA,NA,NA
S7_171629327,7,171629327,NA,NA,NA,NA
S3_6294296,3,6294296,NA,NA,NA,NA
S6_146568523,6,146568523,NA,NA,NA,NA
S8_152752215,8,152752215,NA,NA,NA,NA
S1_24304578,1,24304578,NA,NA,NA,NA
S5_214425104,5,214425104,NA,NA,NA,NA
S7_170944406,7,170944406,NA,NA,NA,NA
S1_40229589,1,40229589,NA,NA,NA,NA
S8_103369547,8,103369547,NA,NA,NA,NA
S5_213342087,5,213342087,NA,NA,NA,NA
S8_54543113,8,54543113,NA,NA,NA,NA
S8_35814877,8,35814877,NA,NA,NA,NA
S8_122751754,8,122751754,NA,NA,NA,NA
S3_178847593,3,178847593,NA,NA,NA,NA
S8_115638158,8,115638158,NA,NA,NA,NA
S9_140219941,9,140219941,NA,NA,NA,NA
S2_8809760,2,8809760,NA,NA,NA,NA
S10_109378812,10,109378812,NA,NA,NA,NA
S10_4750037,10,4750037,NA,NA,NA,NA
S3_205363931,3,205363931,NA,NA,NA,NA
S10_66633749,10,66633749,NA,NA,NA,NA
S3_124181417,3,124181417,NA,NA,NA,NA
S10_2255736,10,2255736,NA,NA,NA,NA
S7_121604393,7,121604393,NA,NA,NA,NA
S1_250863408,1,250863408,NA,NA,NA,NA
S1_23563913,1,23563913,NA,NA,NA,NA
S6_150807024,6,150807024,NA,NA,NA,NA
S4_189157910,4,189157910,NA,NA,NA,NA
S7_165343316,7,165343316,NA,NA,NA,NA
S1_14165917,1,14165917,NA,NA,NA,NA
S1_239208697,1,239208697,NA,NA,NA,NA
S8_164741114,8,164741114,NA,NA,NA,NA
S8_2902011,8,2902011,NA,NA,NA,NA
S1_179646485,1,179646485,NA,NA,NA,NA
S2_169147128,2,169147128,NA,NA,NA,NA
S9_49377710,9,49377710,NA,NA,NA,NA
S5_6314061,5,6314061,NA,NA,NA,NA
S8_141377616,8,141377616,NA,NA,NA,NA
S2_233793998,2,233793998,NA,NA,NA,NA
S9_91250889,9,91250889,NA,NA,NA,NA
S5_66833411,5,66833411,NA,NA,NA,NA
S6_31600955,6,31600955,NA,NA,NA,NA
S3_56990301,3,56990301,NA,NA,NA,NA
S6_36622498,6,36622498,NA,NA,NA,NA
S7_130880553,7,130880553,NA,NA,NA,NA
S6_135792883,6,135792883,NA,NA,NA,NA
S2_53844543,2,53844543,NA,NA,NA,NA
S2_53844554,2,53844554,NA,NA,NA,NA
S9_146696738,9,146696738,NA,NA,NA,NA
S1_16122877,1,16122877,NA,NA,NA,NA
S2_211792433,2,211792433,NA,NA,NA,NA
S9_100788072,9,100788072,NA,NA,NA,NA
S3_175987946,3,175987946,NA,NA,NA,NA
S3_57477910,3,57477910,NA,NA,NA,NA
S7_69328506,7,69328506,NA,NA,NA,NA
S2_216614487,2,216614487,NA,NA,NA,NA
S5_205427838,5,205427838,NA,NA,NA,NA
S1_14385598,1,14385598,NA,NA,NA,NA
S7_13980582,7,13980582,NA,NA,NA,NA
S7_8257920,7,8257920,NA,NA,NA,NA
S7_168785908,7,168785908,NA,NA,NA,NA
S2_841582,2,841582,NA,NA,NA,NA
S1_170848478,1,170848478,NA,NA,NA,NA
S1_33111471,1,33111471,NA,NA,NA,NA
S10_1415344,10,1415344,NA,NA,NA,NA
S7_156667848,7,156667848,NA,NA,NA,NA
S2_86793303,2,86793303,NA,NA,NA,NA
S9_153188421,9,153188421,NA,NA,NA,NA
S9_140015359,9,140015359,NA,NA,NA,NA
S1_43769455,1,43769455,NA,NA,NA,NA
S4_180238598,4,180238598,NA,NA,NA,NA
S3_54118238,3,54118238,NA,NA,NA,NA
S3_54118239,3,54118239,NA,NA,NA,NA
S3_56282956,3,56282956,NA,NA,NA,NA
S10_138087187,10,138087187,NA,NA,NA,NA
S5_147109701,5,147109701,NA,NA,NA,NA
S1_4544628,1,4544628,NA,NA,NA,NA
S1_4544630,1,4544630,NA,NA,NA,NA
S1_4544634,1,4544634,NA,NA,NA,NA
S1_72224110,1,72224110,NA,NA,NA,NA
S2_14229936,2,14229936,NA,NA,NA,NA
S5_19668926,5,19668926,NA,NA,NA,NA
S5_19668938,5,19668938,NA,NA,NA,NA
S3_214794763,3,214794763,NA,NA,NA,NA
S3_214794764,3,214794764,NA,NA,NA,NA
S5_176588467,5,176588467,NA,NA,NA,NA
S5_201265087,5,201265087,NA,NA,NA,NA
S8_101176755,8,101176755,NA,NA,NA,NA
S6_57750773,6,57750773,NA,NA,NA,NA
S2_109577771,2,109577771,NA,NA,NA,NA
S6_138161642,6,138161642,NA,NA,NA,NA
S2_188414006,2,188414006,NA,NA,NA,NA
S7_128116967,7,128116967,NA,NA,NA,NA
S9_139695487,9,139695487,NA,NA,NA,NA
S8_156122711,8,156122711,NA,NA,NA,NA
S3_12529961,3,12529961,NA,NA,NA,NA
S7_40571152,7,40571152,NA,NA,NA,NA
S10_10447024,10,10447024,NA,NA,NA,NA
S9_45849928,9,45849928,NA,NA,NA,NA
S10_87083948,10,87083948,NA,NA,NA,NA
S1_182626857,1,182626857,NA,NA,NA,NA
S4_78612840,4,78612840,NA,NA,NA,NA
S2_8809620,2,8809620,NA,NA,NA,NA
S1_195558387,1,195558387,NA,NA,NA,NA
S2_20564482,2,20564482,NA,NA,NA,NA
S2_20564495,2,20564495,NA,NA,NA,NA
S6_97382331,6,97382331,NA,NA,NA,NA
S9_137764245,9,137764245,NA,NA,NA,NA
S5_3052731,5,3052731,NA,NA,NA,NA
S4_35551962,4,35551962,NA,NA,NA,NA
S2_3735564,2,3735564,NA,NA,NA,NA
S1_271970014,1,271970014,NA,NA,NA,NA
S8_74251568,8,74251568,NA,NA,NA,NA
S4_195790518,4,195790518,NA,NA,NA,NA
S1_182090445,1,182090445,NA,NA,NA,NA
S2_185024760,2,185024760,NA,NA,NA,NA
S9_148367048,9,148367048,NA,NA,NA,NA
S1_288013229,1,288013229,NA,NA,NA,NA
S2_6983805,2,6983805,NA,NA,NA,NA
S5_15734709,5,15734709,NA,NA,NA,NA
S4_189035560,4,189035560,NA,NA,NA,NA
S9_152445031,9,152445031,NA,NA,NA,NA
S8_154033835,8,154033835,NA,NA,NA,NA
S2_225537891,2,225537891,NA,NA,NA,NA
S1_194763024,1,194763024,NA,NA,NA,NA
S1_194993075,1,194993075,NA,NA,NA,NA
S2_167994888,2,167994888,NA,NA,NA,NA
S5_6675717,5,6675717,NA,NA,NA,NA
S10_92033795,10,92033795,NA,NA,NA,NA
S5_9622026,5,9622026,NA,NA,NA,NA
S7_95431662,7,95431662,NA,NA,NA,NA
S2_2271587,2,2271587,NA,NA,NA,NA
S8_128555688,8,128555688,NA,NA,NA,NA
S4_3746542,4,3746542,NA,NA,NA,NA
S9_124643103,9,124643103,NA,NA,NA,NA
S4_83568806,4,83568806,NA,NA,NA,NA
S1_96239937,1,96239937,NA,NA,NA,NA
S2_223169169,2,223169169,NA,NA,NA,NA
S1_241553453,1,241553453,NA,NA,NA,NA
S10_149428418,10,149428418,NA,NA,NA,NA
S1_195338246,1,195338246,NA,NA,NA,NA
S2_2548422,2,2548422,NA,NA,NA,NA
S2_2548423,2,2548423,NA,NA,NA,NA
S9_12980360,9,12980360,NA,NA,NA,NA
S7_39873341,7,39873341,NA,NA,NA,NA
S7_169257010,7,169257010,NA,NA,NA,NA
S1_3889317,1,3889317,NA,NA,NA,NA
S3_196090908,3,196090908,NA,NA,NA,NA
S3_185256814,3,185256814,NA,NA,NA,NA
S5_209467973,5,209467973,NA,NA,NA,NA
S2_183919137,2,183919137,NA,NA,NA,NA
S6_132160978,6,132160978,NA,NA,NA,NA
S1_19234836,1,19234836,NA,NA,NA,NA
S3_229586717,3,229586717,NA,NA,NA,NA
S8_163617920,8,163617920,NA,NA,NA,NA
S3_133487985,3,133487985,NA,NA,NA,NA
S3_180509473,3,180509473,NA,NA,NA,NA
S3_189936771,3,189936771,NA,NA,NA,NA
S6_159891173,6,159891173,NA,NA,NA,NA
S10_7437387,10,7437387,NA,NA,NA,NA
S2_146049780,2,146049780,NA,NA,NA,NA
S2_157236289,2,157236289,NA,NA,NA,NA
S5_210690433,5,210690433,NA,NA,NA,NA
S2_186642463,2,186642463,NA,NA,NA,NA
S3_223310278,3,223310278,NA,NA,NA,NA
S10_129511683,10,129511683,NA,NA,NA,NA
S1_211540875,1,211540875,NA,NA,NA,NA
S3_225759839,3,225759839,NA,NA,NA,NA
S1_8884807,1,8884807,NA,NA,NA,NA
S9_130489316,9,130489316,NA,NA,NA,NA
S7_118583995,7,118583995,NA,NA,NA,NA
S2_196870822,2,196870822,NA,NA,NA,NA
S2_195530356,2,195530356,NA,NA,NA,NA
S1_31062008,1,31062008,NA,NA,NA,NA
S4_108503149,4,108503149,NA,NA,NA,NA
S2_51814733,2,51814733,NA,NA,NA,NA
S2_187379778,2,187379778,NA,NA,NA,NA
S9_149457688,9,149457688,NA,NA,NA,NA
S2_203257676,2,203257676,NA,NA,NA,NA
S1_31249632,1,31249632,NA,NA,NA,NA
S6_160330876,6,160330876,NA,NA,NA,NA
S3_185033979,3,185033979,NA,NA,NA,NA
S7_168082029,7,168082029,NA,NA,NA,NA
S4_216940221,4,216940221,NA,NA,NA,NA
S1_199613415,1,199613415,NA,NA,NA,NA
S1_202167950,1,202167950,NA,NA,NA,NA
S4_204276005,4,204276005,NA,NA,NA,NA
S3_33061756,3,33061756,NA,NA,NA,NA
S1_265451498,1,265451498,NA,NA,NA,NA
S2_110070299,2,110070299,NA,NA,NA,NA
S10_116738943,10,116738943,NA,NA,NA,NA
S9_138899633,9,138899633,NA,NA,NA,NA
S1_236237112,1,236237112,NA,NA,NA,NA
S6_62187989,6,62187989,NA,NA,NA,NA
S5_18699685,5,18699685,NA,NA,NA,NA
S7_141011084,7,141011084,NA,NA,NA,NA
S1_179868424,1,179868424,NA,NA,NA,NA
S7_117545167,7,117545167,NA,NA,NA,NA
S3_3553291,3,3553291,NA,NA,NA,NA
S9_136379424,9,136379424,NA,NA,NA,NA
S6_18647141,6,18647141,NA,NA,NA,NA
S3_202609131,3,202609131,NA,NA,NA,NA
S9_76360904,9,76360904,NA,NA,NA,NA
S3_2156071,3,2156071,NA,NA,NA,NA
S2_216822360,2,216822360,NA,NA,NA,NA
S3_194050211,3,194050211,NA,NA,NA,NA
S6_21465050,6,21465050,NA,NA,NA,NA
S4_233212146,4,233212146,NA,NA,NA,NA
S9_147581785,9,147581785,NA,NA,NA,NA
S1_179344185,1,179344185,NA,NA,NA,NA
S1_293795590,1,293795590,NA,NA,NA,NA
S6_154161066,6,154161066,NA,NA,NA,NA
S4_239093380,4,239093380,NA,NA,NA,NA
S10_21552231,10,21552231,NA,NA,NA,NA
S8_124951711,8,124951711,NA,NA,NA,NA
S8_144730760,8,144730760,NA,NA,NA,NA
S4_178670180,4,178670180,NA,NA,NA,NA
S4_222830646,4,222830646,NA,NA,NA,NA
S3_136165565,3,136165565,NA,NA,NA,NA
S2_131348996,2,131348996,NA,NA,NA,NA
S2_80446485,2,80446485,NA,NA,NA,NA
S5_24377120,5,24377120,NA,NA,NA,NA
S8_20231165,8,20231165,NA,NA,NA,NA
S3_11631773,3,11631773,NA,NA,NA,NA
S2_15973605,2,15973605,NA,NA,NA,NA
S10_72773210,10,72773210,NA,NA,NA,NA
S9_130211678,9,130211678,NA,NA,NA,NA
S4_237488796,4,237488796,NA,NA,NA,NA
S2_18767008,2,18767008,NA,NA,NA,NA
S5_16426036,5,16426036,NA,NA,NA,NA
S5_25715361,5,25715361,NA,NA,NA,NA
S2_158389244,2,158389244,NA,NA,NA,NA
S1_297795304,1,297795304,NA,NA,NA,NA
S4_2693831,4,2693831,NA,NA,NA,NA
S3_183268359,3,183268359,NA,NA,NA,NA
S6_157551526,6,157551526,NA,NA,NA,NA
S1_167519399,1,167519399,NA,NA,NA,NA
S10_145125870,10,145125870,NA,NA,NA,NA
S3_3558573,3,3558573,NA,NA,NA,NA
S1_4548912,1,4548912,NA,NA,NA,NA
S1_4548933,1,4548933,NA,NA,NA,NA
S3_171442917,3,171442917,NA,NA,NA,NA
S5_13187165,5,13187165,NA,NA,NA,NA
S9_140016028,9,140016028,NA,NA,NA,NA
S9_13460777,9,13460777,NA,NA,NA,NA
S1_248738115,1,248738115,NA,NA,NA,NA
S9_124965028,9,124965028,NA,NA,NA,NA
S7_153419355,7,153419355,NA,NA,NA,NA
S5_14608683,5,14608683,NA,NA,NA,NA
S5_14608685,5,14608685,NA,NA,NA,NA
S1_213537821,1,213537821,NA,NA,NA,NA
S6_127715467,6,127715467,NA,NA,NA,NA
S3_10469610,3,10469610,NA,NA,NA,NA
S7_2292856,7,2292856,NA,NA,NA,NA
S3_218178760,3,218178760,NA,NA,NA,NA
S10_22131980,10,22131980,NA,NA,NA,NA
S1_283186611,1,283186611,NA,NA,NA,NA
S5_89094911,5,89094911,NA,NA,NA,NA
S5_89094939,5,89094939,NA,NA,NA,NA
S10_143538597,10,143538597,NA,NA,NA,NA
S5_76383469,5,76383469,NA,NA,NA,NA
S6_98010324,6,98010324,NA,NA,NA,NA
S2_136271464,2,136271464,NA,NA,NA,NA
S8_157883165,8,157883165,NA,NA,NA,NA
S1_269505946,1,269505946,NA,NA,NA,NA
S6_43101957,6,43101957,NA,NA,NA,NA
S1_27108606,1,27108606,NA,NA,NA,NA
S5_4759959,5,4759959,NA,NA,NA,NA
S7_129899143,7,129899143,NA,NA,NA,NA
S5_217052211,5,217052211,NA,NA,NA,NA
S7_161950702,7,161950702,NA,NA,NA,NA
S3_3559803,3,3559803,NA,NA,NA,NA
S5_213563182,5,213563182,NA,NA,NA,NA
S4_175748781,4,175748781,NA,NA,NA,NA
S5_212788775,5,212788775,NA,NA,NA,NA
S2_18205967,2,18205967,NA,NA,NA,NA
S9_144804071,9,144804071,NA,NA,NA,NA
S5_3334886,5,3334886,NA,NA,NA,NA
S5_6434180,5,6434180,NA,NA,NA,NA
S5_59431530,5,59431530,NA,NA,NA,NA
S2_15994706,2,15994706,NA,NA,NA,NA
S8_5911772,8,5911772,NA,NA,NA,NA
S8_58532807,8,58532807,NA,NA,NA,NA
S4_187290467,4,187290467,NA,NA,NA,NA
S9_137350547,9,137350547,NA,NA,NA,NA
S4_126344419,4,126344419,NA,NA,NA,NA
S4_201462835,4,201462835,NA,NA,NA,NA
S7_156220597,7,156220597,NA,NA,NA,NA
S5_3981848,5,3981848,NA,NA,NA,NA
S2_43353313,2,43353313,NA,NA,NA,NA
S8_102707955,8,102707955,NA,NA,NA,NA
S8_102707961,8,102707961,NA,NA,NA,NA
S7_82321120,7,82321120,NA,NA,NA,NA
S2_169758469,2,169758469,NA,NA,NA,NA
S5_82234158,5,82234158,NA,NA,NA,NA
S2_11762105,2,11762105,NA,NA,NA,NA
S6_86334962,6,86334962,NA,NA,NA,NA
S6_86334971,6,86334971,NA,NA,NA,NA
S5_15436035,5,15436035,NA,NA,NA,NA
S5_186838931,5,186838931,NA,NA,NA,NA
S2_4437417,2,4437417,NA,NA,NA,NA
S8_149891724,8,149891724,NA,NA,NA,NA
S8_11302190,8,11302190,NA,NA,NA,NA
S3_214713693,3,214713693,NA,NA,NA,NA
S4_237898508,4,237898508,NA,NA,NA,NA
S7_3891989,7,3891989,NA,NA,NA,NA
S1_177613739,1,177613739,NA,NA,NA,NA
S2_213162467,2,213162467,NA,NA,NA,NA
S2_157236315,2,157236315,NA,NA,NA,NA
S1_236156321,1,236156321,NA,NA,NA,NA
S3_1975903,3,1975903,NA,NA,NA,NA
S3_154593342,3,154593342,NA,NA,NA,NA
S3_154593351,3,154593351,NA,NA,NA,NA
S4_239436904,4,239436904,NA,NA,NA,NA
S1_166667449,1,166667449,NA,NA,NA,NA
S6_159118507,6,159118507,NA,NA,NA,NA
S5_212619496,5,212619496,NA,NA,NA,NA
S8_65753745,8,65753745,NA,NA,NA,NA
S4_196371445,4,196371445,NA,NA,NA,NA
S5_185650164,5,185650164,NA,NA,NA,NA
S5_185650193,5,185650193,NA,NA,NA,NA
S1_21568294,1,21568294,NA,NA,NA,NA
S8_174178180,8,174178180,NA,NA,NA,NA
S3_222822311,3,222822311,NA,NA,NA,NA
S6_153786634,6,153786634,NA,NA,NA,NA
S5_7986100,5,7986100,NA,NA,NA,NA
S2_204693006,2,204693006,NA,NA,NA,NA
S2_204693007,2,204693007,NA,NA,NA,NA
S2_232528248,2,232528248,NA,NA,NA,NA
S1_208247599,1,208247599,NA,NA,NA,NA
S9_152653807,9,152653807,NA,NA,NA,NA
S9_27983488,9,27983488,NA,NA,NA,NA
S9_27983496,9,27983496,NA,NA,NA,NA
S3_2220641,3,2220641,NA,NA,NA,NA
S4_226616752,4,226616752,NA,NA,NA,NA
S5_213905162,5,213905162,NA,NA,NA,NA
S3_128935285,3,128935285,NA,NA,NA,NA
S3_188337379,3,188337379,NA,NA,NA,NA
S8_152715287,8,152715287,NA,NA,NA,NA
S2_26004562,2,26004562,NA,NA,NA,NA
S1_200910113,1,200910113,NA,NA,NA,NA
S10_117792251,10,117792251,NA,NA,NA,NA
S7_172243195,7,172243195,NA,NA,NA,NA
S1_10436217,1,10436217,NA,NA,NA,NA
S8_401352,8,401352,NA,NA,NA,NA
S3_136380458,3,136380458,NA,NA,NA,NA
S4_4271182,4,4271182,NA,NA,NA,NA
S1_187669447,1,187669447,NA,NA,NA,NA
S7_125975159,7,125975159,NA,NA,NA,NA
S7_125975160,7,125975160,NA,NA,NA,NA
S7_125975161,7,125975161,NA,NA,NA,NA
S5_205745756,5,205745756,NA,NA,NA,NA
S2_146049828,2,146049828,NA,NA,NA,NA
S2_182727527,2,182727527,NA,NA,NA,NA
S1_282745514,1,282745514,NA,NA,NA,NA
S10_145280985,10,145280985,NA,NA,NA,NA
S7_33885484,7,33885484,NA,NA,NA,NA
S5_25025137,5,25025137,NA,NA,NA,NA
S3_147292623,3,147292623,NA,NA,NA,NA
S9_151987541,9,151987541,NA,NA,NA,NA
S3_27558283,3,27558283,NA,NA,NA,NA
S8_36197553,8,36197553,NA,NA,NA,NA
S7_157680275,7,157680275,NA,NA,NA,NA
S4_25211043,4,25211043,NA,NA,NA,NA
S2_2551896,2,2551896,NA,NA,NA,NA
S9_8238814,9,8238814,NA,NA,NA,NA
S7_162711752,7,162711752,NA,NA,NA,NA
S9_31283082,9,31283082,NA,NA,NA,NA
S3_32128281,3,32128281,NA,NA,NA,NA
S3_115291528,3,115291528,NA,NA,NA,NA
S1_6850941,1,6850941,NA,NA,NA,NA
S1_251995695,1,251995695,NA,NA,NA,NA
S10_147723569,10,147723569,NA,NA,NA,NA
S7_140234695,7,140234695,NA,NA,NA,NA
S4_16301964,4,16301964,NA,NA,NA,NA
S2_12802632,2,12802632,NA,NA,NA,NA
S9_3936759,9,3936759,NA,NA,NA,NA
S3_58714095,3,58714095,NA,NA,NA,NA
S3_141444450,3,141444450,NA,NA,NA,NA
S2_17230567,2,17230567,NA,NA,NA,NA
S5_4672842,5,4672842,NA,NA,NA,NA
S6_110538794,6,110538794,NA,NA,NA,NA
S5_213541474,5,213541474,NA,NA,NA,NA
S3_33971837,3,33971837,NA,NA,NA,NA
S2_49015620,2,49015620,NA,NA,NA,NA
S2_221068714,2,221068714,NA,NA,NA,NA
S1_258651617,1,258651617,NA,NA,NA,NA
S9_12802201,9,12802201,NA,NA,NA,NA
S10_5591354,10,5591354,NA,NA,NA,NA
S7_94512212,7,94512212,NA,NA,NA,NA
S7_170620197,7,170620197,NA,NA,NA,NA
S1_227241102,1,227241102,NA,NA,NA,NA
S8_138306575,8,138306575,NA,NA,NA,NA
S4_173176951,4,173176951,NA,NA,NA,NA
S8_17189677,8,17189677,NA,NA,NA,NA
S2_55559381,2,55559381,NA,NA,NA,NA
S3_5595166,3,5595166,NA,NA,NA,NA
S1_280581658,1,280581658,NA,NA,NA,NA
S1_24304562,1,24304562,NA,NA,NA,NA
S1_24304575,1,24304575,NA,NA,NA,NA
S1_24304576,1,24304576,NA,NA,NA,NA
S1_237087662,1,237087662,NA,NA,NA,NA
S7_154702374,7,154702374,NA,NA,NA,NA
S5_205788189,5,205788189,NA,NA,NA,NA
S1_200412107,1,200412107,NA,NA,NA,NA
S4_193350400,4,193350400,NA,NA,NA,NA
S5_170421168,5,170421168,NA,NA,NA,NA
S8_166974881,8,166974881,NA,NA,NA,NA
S1_12181197,1,12181197,NA,NA,NA,NA
S4_2660200,4,2660200,NA,NA,NA,NA
S6_153264981,6,153264981,NA,NA,NA,NA
S1_286510550,1,286510550,NA,NA,NA,NA
S6_31035386,6,31035386,NA,NA,NA,NA
S8_137046863,8,137046863,NA,NA,NA,NA
S5_210870178,5,210870178,NA,NA,NA,NA
S5_2147566,5,2147566,NA,NA,NA,NA
S3_7275788,3,7275788,NA,NA,NA,NA
S3_199027508,3,199027508,NA,NA,NA,NA
S1_119655679,1,119655679,NA,NA,NA,NA
S2_43379209,2,43379209,NA,NA,NA,NA
S2_43379210,2,43379210,NA,NA,NA,NA
S3_6520575,3,6520575,NA,NA,NA,NA
S7_25902289,7,25902289,NA,NA,NA,NA
S4_192232718,4,192232718,NA,NA,NA,NA
S3_224924763,3,224924763,NA,NA,NA,NA
S3_36217346,3,36217346,NA,NA,NA,NA
S5_56364259,5,56364259,NA,NA,NA,NA
S3_2067067,3,2067067,NA,NA,NA,NA
S2_149786919,2,149786919,NA,NA,NA,NA
S1_59462759,1,59462759,NA,NA,NA,NA
S1_29933208,1,29933208,NA,NA,NA,NA
S8_140699476,8,140699476,NA,NA,NA,NA
S8_145214614,8,145214614,NA,NA,NA,NA
S6_135702674,6,135702674,NA,NA,NA,NA
S7_161955830,7,161955830,NA,NA,NA,NA
S8_121669693,8,121669693,NA,NA,NA,NA
S7_95431651,7,95431651,NA,NA,NA,NA
S4_173931754,4,173931754,NA,NA,NA,NA
S6_129482856,6,129482856,NA,NA,NA,NA
S6_129482857,6,129482857,NA,NA,NA,NA
S6_129482858,6,129482858,NA,NA,NA,NA
S6_129482876,6,129482876,NA,NA,NA,NA
S5_216158716,5,216158716,NA,NA,NA,NA
S1_287706503,1,287706503,NA,NA,NA,NA
S1_107793132,1,107793132,NA,NA,NA,NA
S1_19560398,1,19560398,NA,NA,NA,NA
S2_219227855,2,219227855,NA,NA,NA,NA
S5_206073048,5,206073048,NA,NA,NA,NA
S1_150112000,1,150112000,NA,NA,NA,NA
S10_99374288,10,99374288,NA,NA,NA,NA
S7_140894975,7,140894975,NA,NA,NA,NA
S2_2805417,2,2805417,NA,NA,NA,NA
S4_173817044,4,173817044,NA,NA,NA,NA
S1_215908461,1,215908461,NA,NA,NA,NA
S6_106251916,6,106251916,NA,NA,NA,NA
S8_16353786,8,16353786,NA,NA,NA,NA
S2_44718804,2,44718804,NA,NA,NA,NA
S7_127578934,7,127578934,NA,NA,NA,NA
S2_197381535,2,197381535,NA,NA,NA,NA
S7_152354346,7,152354346,NA,NA,NA,NA
S7_152354373,7,152354373,NA,NA,NA,NA
S9_135855183,9,135855183,NA,NA,NA,NA
S9_135855184,9,135855184,NA,NA,NA,NA
S7_121191777,7,121191777,NA,NA,NA,NA
S9_136176652,9,136176652,NA,NA,NA,NA
S9_136176655,9,136176655,NA,NA,NA,NA
S9_136176656,9,136176656,NA,NA,NA,NA
S9_136176659,9,136176659,NA,NA,NA,NA
S9_136176664,9,136176664,NA,NA,NA,NA
S2_21873549,2,21873549,NA,NA,NA,NA
S2_6980457,2,6980457,NA,NA,NA,NA
S8_117899736,8,117899736,NA,NA,NA,NA
S5_73153226,5,73153226,NA,NA,NA,NA
S5_54884874,5,54884874,NA,NA,NA,NA
S6_55597412,6,55597412,NA,NA,NA,NA
S3_2156010,3,2156010,NA,NA,NA,NA
S2_85608186,2,85608186,NA,NA,NA,NA
S4_204344848,4,204344848,NA,NA,NA,NA
S10_137286266,10,137286266,NA,NA,NA,NA
S1_291889365,1,291889365,NA,NA,NA,NA
S1_83009814,1,83009814,NA,NA,NA,NA
S7_155342314,7,155342314,NA,NA,NA,NA
S1_215908423,1,215908423,NA,NA,NA,NA
S3_211765068,3,211765068,NA,NA,NA,NA
S1_115405530,1,115405530,NA,NA,NA,NA
S6_108306712,6,108306712,NA,NA,NA,NA
S6_141470076,6,141470076,NA,NA,NA,NA
S9_5004390,9,5004390,NA,NA,NA,NA
S6_73909457,6,73909457,NA,NA,NA,NA
S1_180688571,1,180688571,NA,NA,NA,NA
S5_206855096,5,206855096,NA,NA,NA,NA
S5_5380253,5,5380253,NA,NA,NA,NA
S2_202917161,2,202917161,NA,NA,NA,NA
S1_193590231,1,193590231,NA,NA,NA,NA
S2_233114753,2,233114753,NA,NA,NA,NA
S6_161505275,6,161505275,NA,NA,NA,NA
S5_4502911,5,4502911,NA,NA,NA,NA
S7_129963625,7,129963625,NA,NA,NA,NA
S8_156771932,8,156771932,NA,NA,NA,NA
S8_8474190,8,8474190,NA,NA,NA,NA
S6_133872513,6,133872513,NA,NA,NA,NA
S2_55559457,2,55559457,NA,NA,NA,NA
S7_118289896,7,118289896,NA,NA,NA,NA
S4_28982379,4,28982379,NA,NA,NA,NA
S9_7956164,9,7956164,NA,NA,NA,NA
S3_218006361,3,218006361,NA,NA,NA,NA
S1_43686812,1,43686812,NA,NA,NA,NA
S8_112149521,8,112149521,NA,NA,NA,NA
S5_208997571,5,208997571,NA,NA,NA,NA
S2_193575894,2,193575894,NA,NA,NA,NA
S9_143166382,9,143166382,NA,NA,NA,NA
S9_6368490,9,6368490,NA,NA,NA,NA
S1_238609261,1,238609261,NA,NA,NA,NA
S5_163410099,5,163410099,NA,NA,NA,NA
S3_229867762,3,229867762,NA,NA,NA,NA
S1_24304572,1,24304572,NA,NA,NA,NA
S8_93251986,8,93251986,NA,NA,NA,NA
S1_86158627,1,86158627,NA,NA,NA,NA
S3_132610763,3,132610763,NA,NA,NA,NA
S3_132610764,3,132610764,NA,NA,NA,NA
S2_9100850,2,9100850,NA,NA,NA,NA
S4_172080571,4,172080571,NA,NA,NA,NA
S8_63008247,8,63008247,NA,NA,NA,NA
S4_165637858,4,165637858,NA,NA,NA,NA
S7_154120051,7,154120051,NA,NA,NA,NA
S1_281168774,1,281168774,NA,NA,NA,NA
S1_95192399,1,95192399,NA,NA,NA,NA
S3_5565792,3,5565792,NA,NA,NA,NA
S6_106836229,6,106836229,NA,NA,NA,NA
S1_120847905,1,120847905,NA,NA,NA,NA
S2_208974663,2,208974663,NA,NA,NA,NA
S8_124951736,8,124951736,NA,NA,NA,NA
S6_110707659,6,110707659,NA,NA,NA,NA
S5_53980542,5,53980542,NA,NA,NA,NA
S7_137334890,7,137334890,NA,NA,NA,NA
S9_20467522,9,20467522,NA,NA,NA,NA
S5_39671062,5,39671062,NA,NA,NA,NA
S2_235888851,2,235888851,NA,NA,NA,NA
S6_150939854,6,150939854,NA,NA,NA,NA
S6_167977269,6,167977269,NA,NA,NA,NA
S6_151462695,6,151462695,NA,NA,NA,NA
S2_17690067,2,17690067,NA,NA,NA,NA
S6_110708348,6,110708348,NA,NA,NA,NA
S3_2629155,3,2629155,NA,NA,NA,NA
S5_33610351,5,33610351,NA,NA,NA,NA
S3_153298589,3,153298589,NA,NA,NA,NA
S10_147459460,10,147459460,NA,NA,NA,NA
S1_17625057,1,17625057,NA,NA,NA,NA
S1_278606311,1,278606311,NA,NA,NA,NA
S8_4916194,8,4916194,NA,NA,NA,NA
S1_30300185,1,30300185,NA,NA,NA,NA
S3_172672724,3,172672724,NA,NA,NA,NA
S1_217181483,1,217181483,NA,NA,NA,NA
S1_45512252,1,45512252,NA,NA,NA,NA
S6_149671426,6,149671426,NA,NA,NA,NA
S9_14840311,9,14840311,NA,NA,NA,NA
S1_35936597,1,35936597,NA,NA,NA,NA
S8_52204311,8,52204311,NA,NA,NA,NA
S4_5150246,4,5150246,NA,NA,NA,NA
S1_31578308,1,31578308,NA,NA,NA,NA
S3_5996698,3,5996698,NA,NA,NA,NA
S4_232932550,4,232932550,NA,NA,NA,NA
S2_229119678,2,229119678,NA,NA,NA,NA
S1_282530820,1,282530820,NA,NA,NA,NA
S2_9414255,2,9414255,NA,NA,NA,NA
S9_153959213,9,153959213,NA,NA,NA,NA
S10_148507399,10,148507399,NA,NA,NA,NA
S4_213211732,4,213211732,NA,NA,NA,NA
S5_207660254,5,207660254,NA,NA,NA,NA
S2_198408551,2,198408551,NA,NA,NA,NA
S3_221901771,3,221901771,NA,NA,NA,NA
S4_3483048,4,3483048,NA,NA,NA,NA
S5_178476385,5,178476385,NA,NA,NA,NA
S1_228318152,1,228318152,NA,NA,NA,NA
S6_141470085,6,141470085,NA,NA,NA,NA
S2_23837704,2,23837704,NA,NA,NA,NA
S2_62925602,2,62925602,NA,NA,NA,NA
S3_151202799,3,151202799,NA,NA,NA,NA
S8_163424638,8,163424638,NA,NA,NA,NA
S10_94002783,10,94002783,NA,NA,NA,NA
S5_209467974,5,209467974,NA,NA,NA,NA
S3_11006828,3,11006828,NA,NA,NA,NA
S2_80446484,2,80446484,NA,NA,NA,NA
S3_11446861,3,11446861,NA,NA,NA,NA
S7_159578562,7,159578562,NA,NA,NA,NA
S6_19966371,6,19966371,NA,NA,NA,NA
S6_19966379,6,19966379,NA,NA,NA,NA
S1_56037991,1,56037991,NA,NA,NA,NA
S10_11195560,10,11195560,NA,NA,NA,NA
S9_63126404,9,63126404,NA,NA,NA,NA
S5_5772661,5,5772661,NA,NA,NA,NA
S2_197223311,2,197223311,NA,NA,NA,NA
S1_170825311,1,170825311,NA,NA,NA,NA
S10_120535589,10,120535589,NA,NA,NA,NA
S10_129588179,10,129588179,NA,NA,NA,NA
S4_185081386,4,185081386,NA,NA,NA,NA
S7_141512813,7,141512813,NA,NA,NA,NA
S1_282899915,1,282899915,NA,NA,NA,NA
S2_40152553,2,40152553,NA,NA,NA,NA
S10_129462825,10,129462825,NA,NA,NA,NA
S9_121732050,9,121732050,NA,NA,NA,NA
S3_175940771,3,175940771,NA,NA,NA,NA
S10_99204933,10,99204933,NA,NA,NA,NA
S9_18322168,9,18322168,NA,NA,NA,NA
S2_3072969,2,3072969,NA,NA,NA,NA
S6_154972310,6,154972310,NA,NA,NA,NA
S6_100214390,6,100214390,NA,NA,NA,NA
S3_6294244,3,6294244,NA,NA,NA,NA
S3_6294259,3,6294259,NA,NA,NA,NA
S4_123979390,4,123979390,NA,NA,NA,NA
S2_204559577,2,204559577,NA,NA,NA,NA
S3_151970626,3,151970626,NA,NA,NA,NA
S3_151970628,3,151970628,NA,NA,NA,NA
S1_58473252,1,58473252,NA,NA,NA,NA
S4_171791646,4,171791646,NA,NA,NA,NA
S3_221915049,3,221915049,NA,NA,NA,NA
S6_160624414,6,160624414,NA,NA,NA,NA
S7_21550046,7,21550046,NA,NA,NA,NA
S3_181551935,3,181551935,NA,NA,NA,NA
S5_17977417,5,17977417,NA,NA,NA,NA
S8_173081223,8,173081223,NA,NA,NA,NA
S5_184233506,5,184233506,NA,NA,NA,NA
S5_208098748,5,208098748,NA,NA,NA,NA
S3_32542432,3,32542432,NA,NA,NA,NA
S8_76034284,8,76034284,NA,NA,NA,NA
S9_136916294,9,136916294,NA,NA,NA,NA
S1_181870746,1,181870746,NA,NA,NA,NA
S7_174364367,7,174364367,NA,NA,NA,NA
S8_40686165,8,40686165,NA,NA,NA,NA
S5_32000019,5,32000019,NA,NA,NA,NA
S3_173586090,3,173586090,NA,NA,NA,NA
S10_94589703,10,94589703,NA,NA,NA,NA
S2_213811225,2,213811225,NA,NA,NA,NA
S1_161681469,1,161681469,NA,NA,NA,NA
S2_33350146,2,33350146,NA,NA,NA,NA
S1_288395687,1,288395687,NA,NA,NA,NA
S5_208170306,5,208170306,NA,NA,NA,NA
S5_208170314,5,208170314,NA,NA,NA,NA
S4_237138605,4,237138605,NA,NA,NA,NA
S1_57298934,1,57298934,NA,NA,NA,NA
S3_3692916,3,3692916,NA,NA,NA,NA
S8_1516948,8,1516948,NA,NA,NA,NA
S9_8741151,9,8741151,NA,NA,NA,NA
S5_209722136,5,209722136,NA,NA,NA,NA
S10_80616298,10,80616298,NA,NA,NA,NA
S10_80616329,10,80616329,NA,NA,NA,NA
S1_290589459,1,290589459,NA,NA,NA,NA
S5_7986101,5,7986101,NA,NA,NA,NA
S10_61493263,10,61493263,NA,NA,NA,NA
S10_39954384,10,39954384,NA,NA,NA,NA
S5_53533954,5,53533954,NA,NA,NA,NA
S4_130033488,4,130033488,NA,NA,NA,NA
S4_130033493,4,130033493,NA,NA,NA,NA
S4_130033494,4,130033494,NA,NA,NA,NA
S6_77144592,6,77144592,NA,NA,NA,NA
S9_143963258,9,143963258,NA,NA,NA,NA
S9_143963292,9,143963292,NA,NA,NA,NA
S1_278513854,1,278513854,NA,NA,NA,NA
S8_966891,8,966891,NA,NA,NA,NA
S6_128053576,6,128053576,NA,NA,NA,NA
S2_107850538,2,107850538,NA,NA,NA,NA
S2_107850543,2,107850543,NA,NA,NA,NA
S2_107850553,2,107850553,NA,NA,NA,NA
S4_158562000,4,158562000,NA,NA,NA,NA
S9_47753528,9,47753528,NA,NA,NA,NA
S6_76876291,6,76876291,NA,NA,NA,NA
S9_127286556,9,127286556,NA,NA,NA,NA
S5_188779698,5,188779698,NA,NA,NA,NA
S1_191587610,1,191587610,NA,NA,NA,NA
S10_126894448,10,126894448,NA,NA,NA,NA
S10_126894469,10,126894469,NA,NA,NA,NA
S9_26708199,9,26708199,NA,NA,NA,NA
S8_171533384,8,171533384,NA,NA,NA,NA
S3_59813273,3,59813273,NA,NA,NA,NA
S2_136271470,2,136271470,NA,NA,NA,NA
S5_188779552,5,188779552,NA,NA,NA,NA
S2_49016938,2,49016938,NA,NA,NA,NA
S10_143500872,10,143500872,NA,NA,NA,NA
S7_141883066,7,141883066,NA,NA,NA,NA
S7_19349270,7,19349270,NA,NA,NA,NA
S10_71472592,10,71472592,NA,NA,NA,NA
S2_67755862,2,67755862,NA,NA,NA,NA
S7_29176802,7,29176802,NA,NA,NA,NA
S9_136915962,9,136915962,NA,NA,NA,NA
S7_10549855,7,10549855,NA,NA,NA,NA
S6_148241489,6,148241489,NA,NA,NA,NA
S3_213803834,3,213803834,NA,NA,NA,NA
S3_213803858,3,213803858,NA,NA,NA,NA
S3_9450337,3,9450337,NA,NA,NA,NA
S3_9450357,3,9450357,NA,NA,NA,NA
S1_214781449,1,214781449,NA,NA,NA,NA
S10_125214364,10,125214364,NA,NA,NA,NA
S5_5188207,5,5188207,NA,NA,NA,NA
S7_41490500,7,41490500,NA,NA,NA,NA
S10_7437374,10,7437374,NA,NA,NA,NA
S6_97915083,6,97915083,NA,NA,NA,NA
S6_141470098,6,141470098,NA,NA,NA,NA
S9_25809279,9,25809279,NA,NA,NA,NA
S7_128636029,7,128636029,NA,NA,NA,NA
S3_3116571,3,3116571,NA,NA,NA,NA
S2_234031237,2,234031237,NA,NA,NA,NA
S9_127353829,9,127353829,NA,NA,NA,NA
S10_70920973,10,70920973,NA,NA,NA,NA
S5_208173233,5,208173233,NA,NA,NA,NA
S5_188857959,5,188857959,NA,NA,NA,NA
S10_5904489,10,5904489,NA,NA,NA,NA
S3_195106911,3,195106911,NA,NA,NA,NA
S8_164865818,8,164865818,NA,NA,NA,NA
S2_67755470,2,67755470,NA,NA,NA,NA
S1_244834281,1,244834281,NA,NA,NA,NA
S3_160328984,3,160328984,NA,NA,NA,NA
S2_8808720,2,8808720,NA,NA,NA,NA
S2_8808721,2,8808721,NA,NA,NA,NA
S3_181751877,3,181751877,NA,NA,NA,NA
S5_192131921,5,192131921,NA,NA,NA,NA
S3_133782377,3,133782377,NA,NA,NA,NA
S4_15694815,4,15694815,NA,NA,NA,NA
S3_89433528,3,89433528,NA,NA,NA,NA
S5_210303143,5,210303143,NA,NA,NA,NA
S1_75630999,1,75630999,NA,NA,NA,NA
S1_282899913,1,282899913,NA,NA,NA,NA
S9_124965038,9,124965038,NA,NA,NA,NA
S5_198208461,5,198208461,NA,NA,NA,NA
S4_173562234,4,173562234,NA,NA,NA,NA
S10_68419253,10,68419253,NA,NA,NA,NA
S1_39738530,1,39738530,NA,NA,NA,NA
S10_24968932,10,24968932,NA,NA,NA,NA
S6_149166176,6,149166176,NA,NA,NA,NA
S8_4409026,8,4409026,NA,NA,NA,NA
S1_160858112,1,160858112,NA,NA,NA,NA
S2_5819380,2,5819380,NA,NA,NA,NA
S3_181758224,3,181758224,NA,NA,NA,NA
S6_168111181,6,168111181,NA,NA,NA,NA
S4_237455343,4,237455343,NA,NA,NA,NA
S9_86325193,9,86325193,NA,NA,NA,NA
S4_23524515,4,23524515,NA,NA,NA,NA
S1_167856532,1,167856532,NA,NA,NA,NA
S10_10828440,10,10828440,NA,NA,NA,NA
S4_144727138,4,144727138,NA,NA,NA,NA
S5_189884414,5,189884414,NA,NA,NA,NA
S5_189884416,5,189884416,NA,NA,NA,NA
S5_189884417,5,189884417,NA,NA,NA,NA
S1_34595144,1,34595144,NA,NA,NA,NA
S8_91176558,8,91176558,NA,NA,NA,NA
S3_161956024,3,161956024,NA,NA,NA,NA
S3_191080405,3,191080405,NA,NA,NA,NA
S2_9114970,2,9114970,NA,NA,NA,NA
S7_130099626,7,130099626,NA,NA,NA,NA
S5_189198561,5,189198561,NA,NA,NA,NA
S9_18702432,9,18702432,NA,NA,NA,NA
S1_32228273,1,32228273,NA,NA,NA,NA
S1_201957480,1,201957480,NA,NA,NA,NA
S2_38563610,2,38563610,NA,NA,NA,NA
S3_174371120,3,174371120,NA,NA,NA,NA
S4_173209553,4,173209553,NA,NA,NA,NA
S1_92870741,1,92870741,NA,NA,NA,NA
S9_29402674,9,29402674,NA,NA,NA,NA
S7_112945680,7,112945680,NA,NA,NA,NA
S1_231277839,1,231277839,NA,NA,NA,NA
S7_116177427,7,116177427,NA,NA,NA,NA
S6_161707937,6,161707937,NA,NA,NA,NA
S4_167074602,4,167074602,NA,NA,NA,NA
S8_159988978,8,159988978,NA,NA,NA,NA
S8_119268317,8,119268317,NA,NA,NA,NA
S9_7581593,9,7581593,NA,NA,NA,NA
S2_196384316,2,196384316,NA,NA,NA,NA
S10_34506443,10,34506443,NA,NA,NA,NA
S6_3054149,6,3054149,NA,NA,NA,NA
S3_170120259,3,170120259,NA,NA,NA,NA
S3_170120268,3,170120268,NA,NA,NA,NA
S9_144881078,9,144881078,NA,NA,NA,NA
S8_161635180,8,161635180,NA,NA,NA,NA
S1_176049295,1,176049295,NA,NA,NA,NA
S5_165854635,5,165854635,NA,NA,NA,NA
S9_107554023,9,107554023,NA,NA,NA,NA
S1_70772124,1,70772124,NA,NA,NA,NA
S3_32035137,3,32035137,NA,NA,NA,NA
S9_19928090,9,19928090,NA,NA,NA,NA
S9_19928117,9,19928117,NA,NA,NA,NA
S7_16191910,7,16191910,NA,NA,NA,NA
S8_120611546,8,120611546,NA,NA,NA,NA
S8_3797030,8,3797030,NA,NA,NA,NA
S2_23737294,2,23737294,NA,NA,NA,NA
S1_200912858,1,200912858,NA,NA,NA,NA
S1_200912859,1,200912859,NA,NA,NA,NA
S2_234264560,2,234264560,NA,NA,NA,NA
S9_133585532,9,133585532,NA,NA,NA,NA
S1_62142821,1,62142821,NA,NA,NA,NA
S3_21998685,3,21998685,NA,NA,NA,NA
S3_117590760,3,117590760,NA,NA,NA,NA
S7_91973587,7,91973587,NA,NA,NA,NA
S2_109580421,2,109580421,NA,NA,NA,NA
S6_76683118,6,76683118,NA,NA,NA,NA
S6_76683130,6,76683130,NA,NA,NA,NA
S1_216465482,1,216465482,NA,NA,NA,NA
S1_216465506,1,216465506,NA,NA,NA,NA
S1_216465507,1,216465507,NA,NA,NA,NA
S1_216465517,1,216465517,NA,NA,NA,NA
S1_216465518,1,216465518,NA,NA,NA,NA
S5_170813852,5,170813852,NA,NA,NA,NA
S3_202114511,3,202114511,NA,NA,NA,NA
S2_211508153,2,211508153,NA,NA,NA,NA
S2_211163476,2,211163476,NA,NA,NA,NA
S2_221894568,2,221894568,NA,NA,NA,NA
S10_94251163,10,94251163,NA,NA,NA,NA
S4_160958826,4,160958826,NA,NA,NA,NA
S5_208997462,5,208997462,NA,NA,NA,NA
S9_15360639,9,15360639,NA,NA,NA,NA
S2_36081943,2,36081943,NA,NA,NA,NA
S1_78364275,1,78364275,NA,NA,NA,NA
S9_153963436,9,153963436,NA,NA,NA,NA
S9_14319842,9,14319842,NA,NA,NA,NA
S6_55883683,6,55883683,NA,NA,NA,NA
S4_36217059,4,36217059,NA,NA,NA,NA
S7_76650098,7,76650098,NA,NA,NA,NA
S7_124212129,7,124212129,NA,NA,NA,NA
S8_153464448,8,153464448,NA,NA,NA,NA
S3_221687566,3,221687566,NA,NA,NA,NA
S1_182543762,1,182543762,NA,NA,NA,NA
S2_229298396,2,229298396,NA,NA,NA,NA
S4_143803477,4,143803477,NA,NA,NA,NA
S5_184170466,5,184170466,NA,NA,NA,NA
S5_182584625,5,182584625,NA,NA,NA,NA
S1_164509074,1,164509074,NA,NA,NA,NA
S5_197945319,5,197945319,NA,NA,NA,NA
S7_171207901,7,171207901,NA,NA,NA,NA
S9_139518316,9,139518316,NA,NA,NA,NA
S3_173292886,3,173292886,NA,NA,NA,NA
S5_188708014,5,188708014,NA,NA,NA,NA
S2_203629526,2,203629526,NA,NA,NA,NA
S10_22879548,10,22879548,NA,NA,NA,NA
S3_175350095,3,175350095,NA,NA,NA,NA
S3_115006741,3,115006741,NA,NA,NA,NA
S6_141276980,6,141276980,NA,NA,NA,NA
S8_136043461,8,136043461,NA,NA,NA,NA
S1_300634824,1,300634824,NA,NA,NA,NA
S1_300634825,1,300634825,NA,NA,NA,NA
S7_115704962,7,115704962,NA,NA,NA,NA
S9_149457545,9,149457545,NA,NA,NA,NA
S3_54118236,3,54118236,NA,NA,NA,NA
S2_29055611,2,29055611,NA,NA,NA,NA
S4_1509089,4,1509089,NA,NA,NA,NA
S4_69920709,4,69920709,NA,NA,NA,NA
S9_65284220,9,65284220,NA,NA,NA,NA
S9_65284256,9,65284256,NA,NA,NA,NA
S3_224675769,3,224675769,NA,NA,NA,NA
S3_44224185,3,44224185,NA,NA,NA,NA
S1_297608072,1,297608072,NA,NA,NA,NA
S4_239154878,4,239154878,NA,NA,NA,NA
S2_189089699,2,189089699,NA,NA,NA,NA
S2_30130934,2,30130934,NA,NA,NA,NA
S4_208245285,4,208245285,NA,NA,NA,NA
S8_160388335,8,160388335,NA,NA,NA,NA
S2_149785808,2,149785808,NA,NA,NA,NA
S2_27592228,2,27592228,NA,NA,NA,NA
S5_76378387,5,76378387,NA,NA,NA,NA
S1_8975838,1,8975838,NA,NA,NA,NA
S2_28672129,2,28672129,NA,NA,NA,NA
S1_106897279,1,106897279,NA,NA,NA,NA
S3_153934039,3,153934039,NA,NA,NA,NA
S5_86261291,5,86261291,NA,NA,NA,NA
S8_134077236,8,134077236,NA,NA,NA,NA
S8_134077240,8,134077240,NA,NA,NA,NA
S7_104175001,7,104175001,NA,NA,NA,NA
S3_4343575,3,4343575,NA,NA,NA,NA
S10_148641354,10,148641354,NA,NA,NA,NA
S6_146893487,6,146893487,NA,NA,NA,NA
S7_5128725,7,5128725,NA,NA,NA,NA
S9_128653298,9,128653298,NA,NA,NA,NA
S4_200531067,4,200531067,NA,NA,NA,NA
S8_152725864,8,152725864,NA,NA,NA,NA
S9_26940414,9,26940414,NA,NA,NA,NA
S1_234261886,1,234261886,NA,NA,NA,NA
S1_234261925,1,234261925,NA,NA,NA,NA
S5_74921710,5,74921710,NA,NA,NA,NA
S5_20198056,5,20198056,NA,NA,NA,NA
S3_57146193,3,57146193,NA,NA,NA,NA
S8_34454172,8,34454172,NA,NA,NA,NA
S4_233627499,4,233627499,NA,NA,NA,NA
S10_126553611,10,126553611,NA,NA,NA,NA
S3_133783628,3,133783628,NA,NA,NA,NA
S4_215105657,4,215105657,NA,NA,NA,NA
S4_215105658,4,215105658,NA,NA,NA,NA
S4_215105661,4,215105661,NA,NA,NA,NA
S4_215105664,4,215105664,NA,NA,NA,NA
S4_215105667,4,215105667,NA,NA,NA,NA
S8_175365725,8,175365725,NA,NA,NA,NA
S6_98572778,6,98572778,NA,NA,NA,NA
S6_93587256,6,93587256,NA,NA,NA,NA
S2_217228294,2,217228294,NA,NA,NA,NA
S5_212203589,5,212203589,NA,NA,NA,NA
S7_101902379,7,101902379,NA,NA,NA,NA
S8_5329992,8,5329992,NA,NA,NA,NA
S4_165623479,4,165623479,NA,NA,NA,NA
S2_38322759,2,38322759,NA,NA,NA,NA
S1_199730700,1,199730700,NA,NA,NA,NA
S3_196572956,3,196572956,NA,NA,NA,NA
S8_157973466,8,157973466,NA,NA,NA,NA
S8_157973469,8,157973469,NA,NA,NA,NA
S2_167847759,2,167847759,NA,NA,NA,NA
S6_99884531,6,99884531,NA,NA,NA,NA
S3_124730549,3,124730549,NA,NA,NA,NA
S9_111715606,9,111715606,NA,NA,NA,NA
S8_162550147,8,162550147,NA,NA,NA,NA
S3_89433478,3,89433478,NA,NA,NA,NA
S3_89433510,3,89433510,NA,NA,NA,NA
S3_89433526,3,89433526,NA,NA,NA,NA
S3_89433527,3,89433527,NA,NA,NA,NA
S3_89433529,3,89433529,NA,NA,NA,NA
S6_113720166,6,113720166,NA,NA,NA,NA
S4_144137771,4,144137771,NA,NA,NA,NA
S1_51017133,1,51017133,NA,NA,NA,NA
S6_82616120,6,82616120,NA,NA,NA,NA
S1_16123576,1,16123576,NA,NA,NA,NA
S7_82788421,7,82788421,NA,NA,NA,NA
S2_12013585,2,12013585,NA,NA,NA,NA
S1_199407017,1,199407017,NA,NA,NA,NA
S3_208768254,3,208768254,NA,NA,NA,NA
S7_131035271,7,131035271,NA,NA,NA,NA
S2_14267193,2,14267193,NA,NA,NA,NA
S2_14267204,2,14267204,NA,NA,NA,NA
S4_26424965,4,26424965,NA,NA,NA,NA
S6_62445191,6,62445191,NA,NA,NA,NA
S9_150813060,9,150813060,NA,NA,NA,NA
S6_164146866,6,164146866,NA,NA,NA,NA
S8_8122937,8,8122937,NA,NA,NA,NA
S5_159331001,5,159331001,NA,NA,NA,NA
S8_66989373,8,66989373,NA,NA,NA,NA
S3_56900402,3,56900402,NA,NA,NA,NA
S5_53533721,5,53533721,NA,NA,NA,NA
S1_172918624,1,172918624,NA,NA,NA,NA
S10_137286265,10,137286265,NA,NA,NA,NA
S1_58473131,1,58473131,NA,NA,NA,NA
S1_58473132,1,58473132,NA,NA,NA,NA
S1_58473136,1,58473136,NA,NA,NA,NA
S1_58473141,1,58473141,NA,NA,NA,NA
S1_58473144,1,58473144,NA,NA,NA,NA
S3_132610792,3,132610792,NA,NA,NA,NA
S3_212411112,3,212411112,NA,NA,NA,NA
S9_148446634,9,148446634,NA,NA,NA,NA
S10_94588863,10,94588863,NA,NA,NA,NA
S8_105570363,8,105570363,NA,NA,NA,NA
S1_197262326,1,197262326,NA,NA,NA,NA
S9_122956587,9,122956587,NA,NA,NA,NA
S9_122956598,9,122956598,NA,NA,NA,NA
S9_122956599,9,122956599,NA,NA,NA,NA
S9_122956602,9,122956602,NA,NA,NA,NA
S3_155960560,3,155960560,NA,NA,NA,NA
S2_234112483,2,234112483,NA,NA,NA,NA
S2_1919758,2,1919758,NA,NA,NA,NA
S4_177434390,4,177434390,NA,NA,NA,NA
S4_177434395,4,177434395,NA,NA,NA,NA
S2_215411750,2,215411750,NA,NA,NA,NA
S4_195058912,4,195058912,NA,NA,NA,NA
S1_46843077,1,46843077,NA,NA,NA,NA
S5_213082455,5,213082455,NA,NA,NA,NA
S10_146472382,10,146472382,NA,NA,NA,NA
S2_204238480,2,204238480,NA,NA,NA,NA
S1_17492497,1,17492497,NA,NA,NA,NA
S8_105846694,8,105846694,NA,NA,NA,NA
S9_26961206,9,26961206,NA,NA,NA,NA
S8_169665412,8,169665412,NA,NA,NA,NA
S1_297512114,1,297512114,NA,NA,NA,NA
S1_297512130,1,297512130,NA,NA,NA,NA
S8_28164284,8,28164284,NA,NA,NA,NA
S3_129298722,3,129298722,NA,NA,NA,NA
S1_206305233,1,206305233,NA,NA,NA,NA
S1_32081079,1,32081079,NA,NA,NA,NA
S5_68309365,5,68309365,NA,NA,NA,NA
S5_46538184,5,46538184,NA,NA,NA,NA
S5_38014195,5,38014195,NA,NA,NA,NA
S8_81245234,8,81245234,NA,NA,NA,NA
S4_26409099,4,26409099,NA,NA,NA,NA
S10_142971411,10,142971411,NA,NA,NA,NA
S3_166692200,3,166692200,NA,NA,NA,NA
S2_51231432,2,51231432,NA,NA,NA,NA
S8_108499025,8,108499025,NA,NA,NA,NA
S2_3975025,2,3975025,NA,NA,NA,NA
S2_206129719,2,206129719,NA,NA,NA,NA
S9_31206250,9,31206250,NA,NA,NA,NA
S5_168865168,5,168865168,NA,NA,NA,NA
S7_122985435,7,122985435,NA,NA,NA,NA
S5_179588037,5,179588037,NA,NA,NA,NA
S1_4309213,1,4309213,NA,NA,NA,NA
S7_121673634,7,121673634,NA,NA,NA,NA
S2_150613542,2,150613542,NA,NA,NA,NA
S1_161306992,1,161306992,NA,NA,NA,NA
S1_161307018,1,161307018,NA,NA,NA,NA
S8_21817262,8,21817262,NA,NA,NA,NA
S3_183121137,3,183121137,NA,NA,NA,NA
S5_19462056,5,19462056,NA,NA,NA,NA
S3_16305444,3,16305444,NA,NA,NA,NA
S7_19054179,7,19054179,NA,NA,NA,NA
S5_204813136,5,204813136,NA,NA,NA,NA
S4_23166589,4,23166589,NA,NA,NA,NA
S2_9267184,2,9267184,NA,NA,NA,NA
S5_90762040,5,90762040,NA,NA,NA,NA
S1_206325132,1,206325132,NA,NA,NA,NA
S1_206325148,1,206325148,NA,NA,NA,NA
S6_152072835,6,152072835,NA,NA,NA,NA
S2_112584309,2,112584309,NA,NA,NA,NA
S5_2139966,5,2139966,NA,NA,NA,NA
S1_202155045,1,202155045,NA,NA,NA,NA
S10_120031206,10,120031206,NA,NA,NA,NA
S1_286400169,1,286400169,NA,NA,NA,NA
S4_19858597,4,19858597,NA,NA,NA,NA
S4_186644779,4,186644779,NA,NA,NA,NA
S3_229549405,3,229549405,NA,NA,NA,NA
S6_110695263,6,110695263,NA,NA,NA,NA
S5_174677561,5,174677561,NA,NA,NA,NA
S1_55575387,1,55575387,NA,NA,NA,NA
S10_61493268,10,61493268,NA,NA,NA,NA
S3_15434903,3,15434903,NA,NA,NA,NA
S3_170457218,3,170457218,NA,NA,NA,NA
S2_174680482,2,174680482,NA,NA,NA,NA
S1_211257498,1,211257498,NA,NA,NA,NA
S2_55217246,2,55217246,NA,NA,NA,NA
S1_289064461,1,289064461,NA,NA,NA,NA
S2_17572452,2,17572452,NA,NA,NA,NA
S4_2115964,4,2115964,NA,NA,NA,NA
S4_2115978,4,2115978,NA,NA,NA,NA
S4_2115990,4,2115990,NA,NA,NA,NA
S4_155009031,4,155009031,NA,NA,NA,NA
S1_201740384,1,201740384,NA,NA,NA,NA
S10_135577381,10,135577381,NA,NA,NA,NA
S5_191385991,5,191385991,NA,NA,NA,NA
S3_217637804,3,217637804,NA,NA,NA,NA
S5_212245014,5,212245014,NA,NA,NA,NA
S4_152076799,4,152076799,NA,NA,NA,NA
S4_152076832,4,152076832,NA,NA,NA,NA
S4_152076833,4,152076833,NA,NA,NA,NA
S10_148582716,10,148582716,NA,NA,NA,NA
S7_152807081,7,152807081,NA,NA,NA,NA
S4_62567488,4,62567488,NA,NA,NA,NA
S1_199117304,1,199117304,NA,NA,NA,NA
S9_96718197,9,96718197,NA,NA,NA,NA
S5_172813063,5,172813063,NA,NA,NA,NA
S6_143989532,6,143989532,NA,NA,NA,NA
S2_9085410,2,9085410,NA,NA,NA,NA
S8_154155748,8,154155748,NA,NA,NA,NA
S7_172123637,7,172123637,NA,NA,NA,NA
S8_94872205,8,94872205,NA,NA,NA,NA
S3_19528628,3,19528628,NA,NA,NA,NA
S3_184237116,3,184237116,NA,NA,NA,NA
S3_184237158,3,184237158,NA,NA,NA,NA
S1_253510681,1,253510681,NA,NA,NA,NA
S6_105408648,6,105408648,NA,NA,NA,NA
S8_104660128,8,104660128,NA,NA,NA,NA
S4_239703345,4,239703345,NA,NA,NA,NA
S2_7628979,2,7628979,NA,NA,NA,NA
S6_117703551,6,117703551,NA,NA,NA,NA
S7_19354701,7,19354701,NA,NA,NA,NA
S3_48493930,3,48493930,NA,NA,NA,NA
S2_21913619,2,21913619,NA,NA,NA,NA
S2_8287296,2,8287296,NA,NA,NA,NA
S8_131534491,8,131534491,NA,NA,NA,NA
S2_37191319,2,37191319,NA,NA,NA,NA
S4_18676296,4,18676296,NA,NA,NA,NA
S9_96712640,9,96712640,NA,NA,NA,NA
S2_233632805,2,233632805,NA,NA,NA,NA
S5_7527500,5,7527500,NA,NA,NA,NA
S5_170164345,5,170164345,NA,NA,NA,NA
S7_128636022,7,128636022,NA,NA,NA,NA
S2_186854026,2,186854026,NA,NA,NA,NA
S6_154777974,6,154777974,NA,NA,NA,NA
S2_36771413,2,36771413,NA,NA,NA,NA
S2_36771417,2,36771417,NA,NA,NA,NA
S4_41460560,4,41460560,NA,NA,NA,NA
S1_112639600,1,112639600,NA,NA,NA,NA
S6_28146526,6,28146526,NA,NA,NA,NA
S6_4674236,6,4674236,NA,NA,NA,NA
S1_287631951,1,287631951,NA,NA,NA,NA
S4_124279801,4,124279801,NA,NA,NA,NA
S7_162959582,7,162959582,NA,NA,NA,NA
S6_8680823,6,8680823,NA,NA,NA,NA
S9_153675103,9,153675103,NA,NA,NA,NA
S2_3772404,2,3772404,NA,NA,NA,NA
S8_163215108,8,163215108,NA,NA,NA,NA
S10_144687095,10,144687095,NA,NA,NA,NA
S9_99362597,9,99362597,NA,NA,NA,NA
S1_196052897,1,196052897,NA,NA,NA,NA
S3_210583685,3,210583685,NA,NA,NA,NA
S3_186375867,3,186375867,NA,NA,NA,NA
S4_234353923,4,234353923,NA,NA,NA,NA
S2_41483138,2,41483138,NA,NA,NA,NA
S6_128319635,6,128319635,NA,NA,NA,NA
S8_93219913,8,93219913,NA,NA,NA,NA
S1_8623881,1,8623881,NA,NA,NA,NA
S5_196758639,5,196758639,NA,NA,NA,NA
S4_199365817,4,199365817,NA,NA,NA,NA
S5_175588693,5,175588693,NA,NA,NA,NA
S1_2467289,1,2467289,NA,NA,NA,NA
S3_32240736,3,32240736,NA,NA,NA,NA
S4_179804577,4,179804577,NA,NA,NA,NA
S8_156436526,8,156436526,NA,NA,NA,NA
S8_165411191,8,165411191,NA,NA,NA,NA
S8_165411194,8,165411194,NA,NA,NA,NA
S3_4862341,3,4862341,NA,NA,NA,NA
S3_133782448,3,133782448,NA,NA,NA,NA
S1_240765370,1,240765370,NA,NA,NA,NA
S3_20417562,3,20417562,NA,NA,NA,NA
S2_105773644,2,105773644,NA,NA,NA,NA
S3_110233356,3,110233356,NA,NA,NA,NA
S7_172658909,7,172658909,NA,NA,NA,NA
S3_222734304,3,222734304,NA,NA,NA,NA
S10_146939956,10,146939956,NA,NA,NA,NA
S1_16826035,1,16826035,NA,NA,NA,NA
S1_16826037,1,16826037,NA,NA,NA,NA
S1_217586747,1,217586747,NA,NA,NA,NA
S9_45195925,9,45195925,NA,NA,NA,NA
S1_237958163,1,237958163,NA,NA,NA,NA
S9_90367356,9,90367356,NA,NA,NA,NA
S1_273099719,1,273099719,NA,NA,NA,NA
S6_164145914,6,164145914,NA,NA,NA,NA
S10_80576147,10,80576147,NA,NA,NA,NA
S1_298586223,1,298586223,NA,NA,NA,NA
S8_173923512,8,173923512,NA,NA,NA,NA
S7_148455978,7,148455978,NA,NA,NA,NA
S5_4759938,5,4759938,NA,NA,NA,NA
S4_5267838,4,5267838,NA,NA,NA,NA
S5_178668460,5,178668460,NA,NA,NA,NA
S10_138596035,10,138596035,NA,NA,NA,NA
S8_14551559,8,14551559,NA,NA,NA,NA
S3_6977388,3,6977388,NA,NA,NA,NA
S8_170062332,8,170062332,NA,NA,NA,NA
S8_33137653,8,33137653,NA,NA,NA,NA
S7_157454683,7,157454683,NA,NA,NA,NA
S1_166767334,1,166767334,NA,NA,NA,NA
S3_37361395,3,37361395,NA,NA,NA,NA
S1_292521223,1,292521223,NA,NA,NA,NA
S7_149754654,7,149754654,NA,NA,NA,NA
S10_145280961,10,145280961,NA,NA,NA,NA
S1_31062007,1,31062007,NA,NA,NA,NA
S5_6314071,5,6314071,NA,NA,NA,NA
S2_12797703,2,12797703,NA,NA,NA,NA
S10_126585425,10,126585425,NA,NA,NA,NA
S3_6002161,3,6002161,NA,NA,NA,NA
S8_12211384,8,12211384,NA,NA,NA,NA
S5_159945448,5,159945448,NA,NA,NA,NA
S5_187084965,5,187084965,NA,NA,NA,NA
S2_213815738,2,213815738,NA,NA,NA,NA
S2_184945990,2,184945990,NA,NA,NA,NA
S2_212800286,2,212800286,NA,NA,NA,NA
S1_276988916,1,276988916,NA,NA,NA,NA
S6_160237733,6,160237733,NA,NA,NA,NA
S6_160237750,6,160237750,NA,NA,NA,NA
S2_210046809,2,210046809,NA,NA,NA,NA
S2_180193653,2,180193653,NA,NA,NA,NA
S2_180193654,2,180193654,NA,NA,NA,NA
S4_123667166,4,123667166,NA,NA,NA,NA
S7_163575622,7,163575622,NA,NA,NA,NA
S1_187979163,1,187979163,NA,NA,NA,NA
S8_148706243,8,148706243,NA,NA,NA,NA
S1_249307380,1,249307380,NA,NA,NA,NA
S5_166969995,5,166969995,NA,NA,NA,NA
S10_40184679,10,40184679,NA,NA,NA,NA
S7_36725414,7,36725414,NA,NA,NA,NA
S1_27778048,1,27778048,NA,NA,NA,NA
S9_147981844,9,147981844,NA,NA,NA,NA
S8_142237360,8,142237360,NA,NA,NA,NA
S2_201673439,2,201673439,NA,NA,NA,NA
S2_6989689,2,6989689,NA,NA,NA,NA
S5_198777203,5,198777203,NA,NA,NA,NA
S1_112806730,1,112806730,NA,NA,NA,NA
S5_15544163,5,15544163,NA,NA,NA,NA
S6_135213408,6,135213408,NA,NA,NA,NA
S7_101818886,7,101818886,NA,NA,NA,NA
S5_43822855,5,43822855,NA,NA,NA,NA
S2_15141107,2,15141107,NA,NA,NA,NA
S6_86338305,6,86338305,NA,NA,NA,NA
S10_5642121,10,5642121,NA,NA,NA,NA
S1_46125783,1,46125783,NA,NA,NA,NA
S6_148593255,6,148593255,NA,NA,NA,NA
S1_193591268,1,193591268,NA,NA,NA,NA
S5_175731057,5,175731057,NA,NA,NA,NA
S4_172773941,4,172773941,NA,NA,NA,NA
S9_112489822,9,112489822,NA,NA,NA,NA
S5_82326172,5,82326172,NA,NA,NA,NA
S10_130278659,10,130278659,NA,NA,NA,NA
S1_295349373,1,295349373,NA,NA,NA,NA
S2_28645071,2,28645071,NA,NA,NA,NA
S5_197707114,5,197707114,NA,NA,NA,NA
S5_58707026,5,58707026,NA,NA,NA,NA
S9_144527968,9,144527968,NA,NA,NA,NA
S9_144527971,9,144527971,NA,NA,NA,NA
S8_118971709,8,118971709,NA,NA,NA,NA
S5_203202260,5,203202260,NA,NA,NA,NA
S1_7356395,1,7356395,NA,NA,NA,NA
S9_147738289,9,147738289,NA,NA,NA,NA
S5_205148037,5,205148037,NA,NA,NA,NA
S7_107841256,7,107841256,NA,NA,NA,NA
S2_203085479,2,203085479,NA,NA,NA,NA
S3_142007184,3,142007184,NA,NA,NA,NA
S3_142007234,3,142007234,NA,NA,NA,NA
S7_155745191,7,155745191,NA,NA,NA,NA
S9_145037224,9,145037224,NA,NA,NA,NA
S9_145037230,9,145037230,NA,NA,NA,NA
S2_42958172,2,42958172,NA,NA,NA,NA
S10_10290357,10,10290357,NA,NA,NA,NA
S2_5121686,2,5121686,NA,NA,NA,NA
S5_23874281,5,23874281,NA,NA,NA,NA
S5_217019260,5,217019260,NA,NA,NA,NA
S5_211452140,5,211452140,NA,NA,NA,NA
S8_170316605,8,170316605,NA,NA,NA,NA
S8_170316621,8,170316621,NA,NA,NA,NA
S6_3776341,6,3776341,NA,NA,NA,NA
S7_165911058,7,165911058,NA,NA,NA,NA
S7_10368464,7,10368464,NA,NA,NA,NA
S5_214763455,5,214763455,NA,NA,NA,NA
S6_113885439,6,113885439,NA,NA,NA,NA
S5_174677563,5,174677563,NA,NA,NA,NA
S6_154323794,6,154323794,NA,NA,NA,NA
S1_79262054,1,79262054,NA,NA,NA,NA
S1_79262111,1,79262111,NA,NA,NA,NA
S2_205898092,2,205898092,NA,NA,NA,NA
S5_214431432,5,214431432,NA,NA,NA,NA
S3_165448454,3,165448454,NA,NA,NA,NA
S1_285777783,1,285777783,NA,NA,NA,NA
S2_30130959,2,30130959,NA,NA,NA,NA
S3_225123825,3,225123825,NA,NA,NA,NA
S4_175278060,4,175278060,NA,NA,NA,NA
S6_113043748,6,113043748,NA,NA,NA,NA
S5_46779900,5,46779900,NA,NA,NA,NA
S3_183557621,3,183557621,NA,NA,NA,NA
S1_288856411,1,288856411,NA,NA,NA,NA
S4_13946665,4,13946665,NA,NA,NA,NA
S7_155966020,7,155966020,NA,NA,NA,NA
S1_298437679,1,298437679,NA,NA,NA,NA
S1_58711745,1,58711745,NA,NA,NA,NA
S6_144414237,6,144414237,NA,NA,NA,NA
S1_79753239,1,79753239,NA,NA,NA,NA
S2_149513165,2,149513165,NA,NA,NA,NA
S7_124569489,7,124569489,NA,NA,NA,NA
S7_21124190,7,21124190,NA,NA,NA,NA
S2_185439265,2,185439265,NA,NA,NA,NA
S2_36318367,2,36318367,NA,NA,NA,NA
S6_158449926,6,158449926,NA,NA,NA,NA
S1_53950332,1,53950332,NA,NA,NA,NA
S5_95002808,5,95002808,NA,NA,NA,NA
S6_160334430,6,160334430,NA,NA,NA,NA
S1_251995289,1,251995289,NA,NA,NA,NA
S1_59116667,1,59116667,NA,NA,NA,NA
S9_109306979,9,109306979,NA,NA,NA,NA
S1_180339571,1,180339571,NA,NA,NA,NA
S2_233762517,2,233762517,NA,NA,NA,NA
S2_163678506,2,163678506,NA,NA,NA,NA
S8_142013221,8,142013221,NA,NA,NA,NA
S2_214613419,2,214613419,NA,NA,NA,NA
S2_157236298,2,157236298,NA,NA,NA,NA
S9_151317350,9,151317350,NA,NA,NA,NA
S9_151317361,9,151317361,NA,NA,NA,NA
S9_73014628,9,73014628,NA,NA,NA,NA
S8_169192148,8,169192148,NA,NA,NA,NA
S4_183929325,4,183929325,NA,NA,NA,NA
S1_33832135,1,33832135,NA,NA,NA,NA
S6_87119357,6,87119357,NA,NA,NA,NA
S3_33776600,3,33776600,NA,NA,NA,NA
S2_21325658,2,21325658,NA,NA,NA,NA
S2_21325665,2,21325665,NA,NA,NA,NA
S10_140737776,10,140737776,NA,NA,NA,NA
S4_141096388,4,141096388,NA,NA,NA,NA
S5_10213678,5,10213678,NA,NA,NA,NA
S5_216440121,5,216440121,NA,NA,NA,NA
S10_5642063,10,5642063,NA,NA,NA,NA
S2_194164945,2,194164945,NA,NA,NA,NA
S5_147877194,5,147877194,NA,NA,NA,NA
S6_103360607,6,103360607,NA,NA,NA,NA
S4_127200341,4,127200341,NA,NA,NA,NA
S5_198194792,5,198194792,NA,NA,NA,NA
S10_108059601,10,108059601,NA,NA,NA,NA
S8_160610028,8,160610028,NA,NA,NA,NA
S1_257947400,1,257947400,NA,NA,NA,NA
S5_176347256,5,176347256,NA,NA,NA,NA
S1_25705000,1,25705000,NA,NA,NA,NA
S5_214078281,5,214078281,NA,NA,NA,NA
S2_222731213,2,222731213,NA,NA,NA,NA
S4_5406854,4,5406854,NA,NA,NA,NA
S7_157569427,7,157569427,NA,NA,NA,NA
S1_23065758,1,23065758,NA,NA,NA,NA
S5_210020041,5,210020041,NA,NA,NA,NA
S1_75960211,1,75960211,NA,NA,NA,NA
S2_28315706,2,28315706,NA,NA,NA,NA
S1_287706509,1,287706509,NA,NA,NA,NA
S8_130100841,8,130100841,NA,NA,NA,NA
S10_125104530,10,125104530,NA,NA,NA,NA
S2_134030020,2,134030020,NA,NA,NA,NA
S2_130739871,2,130739871,NA,NA,NA,NA
S2_130739872,2,130739872,NA,NA,NA,NA
S1_105024170,1,105024170,NA,NA,NA,NA
S8_108569549,8,108569549,NA,NA,NA,NA
S9_126675591,9,126675591,NA,NA,NA,NA
S5_144887426,5,144887426,NA,NA,NA,NA
S1_38131453,1,38131453,NA,NA,NA,NA
S10_142413107,10,142413107,NA,NA,NA,NA
S10_70574806,10,70574806,NA,NA,NA,NA
S10_110591325,10,110591325,NA,NA,NA,NA
S10_110591330,10,110591330,NA,NA,NA,NA
S1_55070491,1,55070491,NA,NA,NA,NA
S1_45937983,1,45937983,NA,NA,NA,NA
S1_179980884,1,179980884,NA,NA,NA,NA
S9_27637841,9,27637841,NA,NA,NA,NA
S9_27637881,9,27637881,NA,NA,NA,NA
S8_163382157,8,163382157,NA,NA,NA,NA
S6_163349901,6,163349901,NA,NA,NA,NA
S5_188660777,5,188660777,NA,NA,NA,NA
S4_35102094,4,35102094,NA,NA,NA,NA
S1_290856055,1,290856055,NA,NA,NA,NA
S10_113702444,10,113702444,NA,NA,NA,NA
S2_233738216,2,233738216,NA,NA,NA,NA
S7_145095073,7,145095073,NA,NA,NA,NA
S2_16939797,2,16939797,NA,NA,NA,NA
S9_128116764,9,128116764,NA,NA,NA,NA
S10_133111706,10,133111706,NA,NA,NA,NA
S3_28230738,3,28230738,NA,NA,NA,NA
S1_212952041,1,212952041,NA,NA,NA,NA
S1_222450414,1,222450414,NA,NA,NA,NA
S6_119395797,6,119395797,NA,NA,NA,NA
S2_45967643,2,45967643,NA,NA,NA,NA
S2_51329564,2,51329564,NA,NA,NA,NA
S3_205572995,3,205572995,NA,NA,NA,NA
S5_87790214,5,87790214,NA,NA,NA,NA
S8_68082890,8,68082890,NA,NA,NA,NA
S7_50145915,7,50145915,NA,NA,NA,NA
S4_216763527,4,216763527,NA,NA,NA,NA
S7_127214393,7,127214393,NA,NA,NA,NA
S5_76377789,5,76377789,NA,NA,NA,NA
S9_146467983,9,146467983,NA,NA,NA,NA
S8_141377382,8,141377382,NA,NA,NA,NA
S5_214060930,5,214060930,NA,NA,NA,NA
S2_72206090,2,72206090,NA,NA,NA,NA
S2_189188995,2,189188995,NA,NA,NA,NA
S9_20431785,9,20431785,NA,NA,NA,NA
S3_179796726,3,179796726,NA,NA,NA,NA
S4_234687769,4,234687769,NA,NA,NA,NA
S3_55805306,3,55805306,NA,NA,NA,NA
S9_12599853,9,12599853,NA,NA,NA,NA
S3_57210405,3,57210405,NA,NA,NA,NA
S2_28310348,2,28310348,NA,NA,NA,NA
S4_211045984,4,211045984,NA,NA,NA,NA
S1_206123508,1,206123508,NA,NA,NA,NA
S3_22250513,3,22250513,NA,NA,NA,NA
S7_172158268,7,172158268,NA,NA,NA,NA
S9_117330717,9,117330717,NA,NA,NA,NA
S9_25465834,9,25465834,NA,NA,NA,NA
S10_4099092,10,4099092,NA,NA,NA,NA
S9_154544937,9,154544937,NA,NA,NA,NA
S10_77556578,10,77556578,NA,NA,NA,NA
S2_9085407,2,9085407,NA,NA,NA,NA
S2_233740179,2,233740179,NA,NA,NA,NA
S3_130182764,3,130182764,NA,NA,NA,NA
S4_2115967,4,2115967,NA,NA,NA,NA
S9_151969871,9,151969871,NA,NA,NA,NA
S2_18074376,2,18074376,NA,NA,NA,NA
S1_229066754,1,229066754,NA,NA,NA,NA
S10_126494796,10,126494796,NA,NA,NA,NA
S1_14166111,1,14166111,NA,NA,NA,NA
S10_139839379,10,139839379,NA,NA,NA,NA
S3_28230720,3,28230720,NA,NA,NA,NA
S1_17494043,1,17494043,NA,NA,NA,NA
S6_41511513,6,41511513,NA,NA,NA,NA
S4_158196275,4,158196275,NA,NA,NA,NA
S1_289504739,1,289504739,NA,NA,NA,NA
S3_229205579,3,229205579,NA,NA,NA,NA
S3_215475121,3,215475121,NA,NA,NA,NA
S4_169512004,4,169512004,NA,NA,NA,NA
S1_105951834,1,105951834,NA,NA,NA,NA
S5_169456581,5,169456581,NA,NA,NA,NA
S5_208067019,5,208067019,NA,NA,NA,NA
S2_148506856,2,148506856,NA,NA,NA,NA
S2_32517915,2,32517915,NA,NA,NA,NA
S2_150146615,2,150146615,NA,NA,NA,NA
S4_89482036,4,89482036,NA,NA,NA,NA
S1_229900443,1,229900443,NA,NA,NA,NA
S2_125916111,2,125916111,NA,NA,NA,NA
S10_4879217,10,4879217,NA,NA,NA,NA
S1_52775002,1,52775002,NA,NA,NA,NA
S9_109173783,9,109173783,NA,NA,NA,NA
S2_18308675,2,18308675,NA,NA,NA,NA
S1_274716707,1,274716707,NA,NA,NA,NA
S2_235331537,2,235331537,NA,NA,NA,NA
S8_150362227,8,150362227,NA,NA,NA,NA
S8_26862296,8,26862296,NA,NA,NA,NA
S1_161408519,1,161408519,NA,NA,NA,NA
S4_75505259,4,75505259,NA,NA,NA,NA
S5_201614402,5,201614402,NA,NA,NA,NA
S5_215991282,5,215991282,NA,NA,NA,NA
S3_42895845,3,42895845,NA,NA,NA,NA
S1_228664988,1,228664988,NA,NA,NA,NA
S5_59808288,5,59808288,NA,NA,NA,NA
S3_154076058,3,154076058,NA,NA,NA,NA
S1_298437740,1,298437740,NA,NA,NA,NA
S1_119412581,1,119412581,NA,NA,NA,NA
S4_83568821,4,83568821,NA,NA,NA,NA
S2_38326155,2,38326155,NA,NA,NA,NA
S5_170971431,5,170971431,NA,NA,NA,NA
S3_45576853,3,45576853,NA,NA,NA,NA
S3_45576861,3,45576861,NA,NA,NA,NA
S7_18775749,7,18775749,NA,NA,NA,NA
S7_21150265,7,21150265,NA,NA,NA,NA
S1_19641641,1,19641641,NA,NA,NA,NA
S3_3850699,3,3850699,NA,NA,NA,NA
S7_165856045,7,165856045,NA,NA,NA,NA
S5_210690445,5,210690445,NA,NA,NA,NA
S4_2435790,4,2435790,NA,NA,NA,NA
S5_184170372,5,184170372,NA,NA,NA,NA
S10_117559594,10,117559594,NA,NA,NA,NA
S9_11250148,9,11250148,NA,NA,NA,NA
S8_18350774,8,18350774,NA,NA,NA,NA
S5_54535208,5,54535208,NA,NA,NA,NA
S2_20414222,2,20414222,NA,NA,NA,NA
S3_172049048,3,172049048,NA,NA,NA,NA
S4_234908650,4,234908650,NA,NA,NA,NA
S10_83456644,10,83456644,NA,NA,NA,NA
S5_207660257,5,207660257,NA,NA,NA,NA
S4_236406919,4,236406919,NA,NA,NA,NA
S2_111580608,2,111580608,NA,NA,NA,NA
S8_164747825,8,164747825,NA,NA,NA,NA
S6_112602746,6,112602746,NA,NA,NA,NA
S5_2272832,5,2272832,NA,NA,NA,NA
S5_211180041,5,211180041,NA,NA,NA,NA
S5_215472021,5,215472021,NA,NA,NA,NA
S8_162800261,8,162800261,NA,NA,NA,NA
S4_47001631,4,47001631,NA,NA,NA,NA
S1_4040251,1,4040251,NA,NA,NA,NA
S8_103369548,8,103369548,NA,NA,NA,NA
S8_103369551,8,103369551,NA,NA,NA,NA
S8_103369557,8,103369557,NA,NA,NA,NA
S8_103369571,8,103369571,NA,NA,NA,NA
S9_139701200,9,139701200,NA,NA,NA,NA
S6_57746988,6,57746988,NA,NA,NA,NA
S1_62489790,1,62489790,NA,NA,NA,NA
S2_196387261,2,196387261,NA,NA,NA,NA
S2_224982991,2,224982991,NA,NA,NA,NA
S7_169334888,7,169334888,NA,NA,NA,NA
S10_16520178,10,16520178,NA,NA,NA,NA
S2_175953771,2,175953771,NA,NA,NA,NA
S10_87097223,10,87097223,NA,NA,NA,NA
S9_99416606,9,99416606,NA,NA,NA,NA
S3_176366179,3,176366179,NA,NA,NA,NA
S3_205264734,3,205264734,NA,NA,NA,NA
S2_169147189,2,169147189,NA,NA,NA,NA
S6_58557140,6,58557140,NA,NA,NA,NA
S2_139435256,2,139435256,NA,NA,NA,NA
S3_186794002,3,186794002,NA,NA,NA,NA
S3_42258088,3,42258088,NA,NA,NA,NA
S1_36214043,1,36214043,NA,NA,NA,NA
S10_138087903,10,138087903,NA,NA,NA,NA
S5_150802344,5,150802344,NA,NA,NA,NA
S1_246540802,1,246540802,NA,NA,NA,NA
S6_140908409,6,140908409,NA,NA,NA,NA
S7_174515799,7,174515799,NA,NA,NA,NA
S2_223290246,2,223290246,NA,NA,NA,NA
S1_19348026,1,19348026,NA,NA,NA,NA
S6_100083325,6,100083325,NA,NA,NA,NA
S5_77198833,5,77198833,NA,NA,NA,NA
S5_77198855,5,77198855,NA,NA,NA,NA
S10_142397218,10,142397218,NA,NA,NA,NA
S1_275867070,1,275867070,NA,NA,NA,NA
S1_268152573,1,268152573,NA,NA,NA,NA
S3_5574018,3,5574018,NA,NA,NA,NA
S8_119082219,8,119082219,NA,NA,NA,NA
S9_128313100,9,128313100,NA,NA,NA,NA
S3_169030242,3,169030242,NA,NA,NA,NA
S3_188536063,3,188536063,NA,NA,NA,NA
S6_156036128,6,156036128,NA,NA,NA,NA
S3_201265547,3,201265547,NA,NA,NA,NA
S5_178196926,5,178196926,NA,NA,NA,NA
S2_144985043,2,144985043,NA,NA,NA,NA
S8_11535401,8,11535401,NA,NA,NA,NA
S8_11535419,8,11535419,NA,NA,NA,NA
S1_83433610,1,83433610,NA,NA,NA,NA
S7_95431694,7,95431694,NA,NA,NA,NA
S2_232837983,2,232837983,NA,NA,NA,NA
S1_43112015,1,43112015,NA,NA,NA,NA
S1_183307333,1,183307333,NA,NA,NA,NA
S5_201580278,5,201580278,NA,NA,NA,NA
S9_128313130,9,128313130,NA,NA,NA,NA
S1_157053938,1,157053938,NA,NA,NA,NA
S8_116022695,8,116022695,NA,NA,NA,NA
S6_92390824,6,92390824,NA,NA,NA,NA
S7_84814015,7,84814015,NA,NA,NA,NA
S2_55559549,2,55559549,NA,NA,NA,NA
S3_140831087,3,140831087,NA,NA,NA,NA
S6_97088625,6,97088625,NA,NA,NA,NA
S4_74269206,4,74269206,NA,NA,NA,NA
S10_113519712,10,113519712,NA,NA,NA,NA
S9_120414799,9,120414799,NA,NA,NA,NA
S10_42760315,10,42760315,NA,NA,NA,NA
S9_83962876,9,83962876,NA,NA,NA,NA
S7_130525550,7,130525550,NA,NA,NA,NA
S1_3136329,1,3136329,NA,NA,NA,NA
S1_3136332,1,3136332,NA,NA,NA,NA
S10_108118044,10,108118044,NA,NA,NA,NA
S10_138027394,10,138027394,NA,NA,NA,NA
S8_26478711,8,26478711,NA,NA,NA,NA
S2_163445419,2,163445419,NA,NA,NA,NA
S9_44479915,9,44479915,NA,NA,NA,NA
S6_161450505,6,161450505,NA,NA,NA,NA
S9_110658065,9,110658065,NA,NA,NA,NA
S5_210057726,5,210057726,NA,NA,NA,NA
S2_197221452,2,197221452,NA,NA,NA,NA
S6_132084092,6,132084092,NA,NA,NA,NA
S4_37594332,4,37594332,NA,NA,NA,NA
S1_158631049,1,158631049,NA,NA,NA,NA
S3_138404081,3,138404081,NA,NA,NA,NA
S7_135833151,7,135833151,NA,NA,NA,NA
S6_150741984,6,150741984,NA,NA,NA,NA
S3_33128515,3,33128515,NA,NA,NA,NA
S2_15008345,2,15008345,NA,NA,NA,NA
S9_109304376,9,109304376,NA,NA,NA,NA
S2_189217326,2,189217326,NA,NA,NA,NA
S2_223856543,2,223856543,NA,NA,NA,NA
S2_223856544,2,223856544,NA,NA,NA,NA
S3_132840812,3,132840812,NA,NA,NA,NA
S7_168468462,7,168468462,NA,NA,NA,NA
S1_85018240,1,85018240,NA,NA,NA,NA
S8_102073295,8,102073295,NA,NA,NA,NA
S8_102073297,8,102073297,NA,NA,NA,NA
S8_102073298,8,102073298,NA,NA,NA,NA
S3_220027987,3,220027987,NA,NA,NA,NA
S8_150521742,8,150521742,NA,NA,NA,NA
S10_142413120,10,142413120,NA,NA,NA,NA
S7_158749877,7,158749877,NA,NA,NA,NA
S4_180200541,4,180200541,NA,NA,NA,NA
S7_108386972,7,108386972,NA,NA,NA,NA
S5_208066992,5,208066992,NA,NA,NA,NA
S9_40773031,9,40773031,NA,NA,NA,NA
S6_150886673,6,150886673,NA,NA,NA,NA
S3_210755813,3,210755813,NA,NA,NA,NA
S8_18350213,8,18350213,NA,NA,NA,NA
S2_62740945,2,62740945,NA,NA,NA,NA
S1_296768232,1,296768232,NA,NA,NA,NA
S8_141377479,8,141377479,NA,NA,NA,NA
S6_165584831,6,165584831,NA,NA,NA,NA
S6_9152474,6,9152474,NA,NA,NA,NA
S5_191378299,5,191378299,NA,NA,NA,NA
S7_172163722,7,172163722,NA,NA,NA,NA
S10_126651872,10,126651872,NA,NA,NA,NA
S4_224048022,4,224048022,NA,NA,NA,NA
S4_79001214,4,79001214,NA,NA,NA,NA
S8_150039346,8,150039346,NA,NA,NA,NA
S8_39016879,8,39016879,NA,NA,NA,NA
S6_4143483,6,4143483,NA,NA,NA,NA
S1_154957398,1,154957398,NA,NA,NA,NA
S10_119904586,10,119904586,NA,NA,NA,NA
S6_147897452,6,147897452,NA,NA,NA,NA
S4_199711773,4,199711773,NA,NA,NA,NA
S2_180193677,2,180193677,NA,NA,NA,NA
S1_76633026,1,76633026,NA,NA,NA,NA
S8_146489437,8,146489437,NA,NA,NA,NA
S9_137089331,9,137089331,NA,NA,NA,NA
S6_93237676,6,93237676,NA,NA,NA,NA
S5_151990703,5,151990703,NA,NA,NA,NA
S5_16092503,5,16092503,NA,NA,NA,NA
S8_150677371,8,150677371,NA,NA,NA,NA
S2_14462801,2,14462801,NA,NA,NA,NA
S9_146152757,9,146152757,NA,NA,NA,NA
S7_151326645,7,151326645,NA,NA,NA,NA
S9_91086033,9,91086033,NA,NA,NA,NA
S3_189692226,3,189692226,NA,NA,NA,NA
S7_13980394,7,13980394,NA,NA,NA,NA
S9_147336967,9,147336967,NA,NA,NA,NA
S1_72112610,1,72112610,NA,NA,NA,NA
S3_215932129,3,215932129,NA,NA,NA,NA
S10_1883739,10,1883739,NA,NA,NA,NA
S7_137540997,7,137540997,NA,NA,NA,NA
S8_95642927,8,95642927,NA,NA,NA,NA
S5_28125403,5,28125403,NA,NA,NA,NA
S3_61341301,3,61341301,NA,NA,NA,NA
S1_174005521,1,174005521,NA,NA,NA,NA
S1_41245269,1,41245269,NA,NA,NA,NA
S1_41245277,1,41245277,NA,NA,NA,NA
S2_43342618,2,43342618,NA,NA,NA,NA
S5_213341178,5,213341178,NA,NA,NA,NA
S9_153159793,9,153159793,NA,NA,NA,NA
S4_229349149,4,229349149,NA,NA,NA,NA
S3_225038494,3,225038494,NA,NA,NA,NA
S10_1149726,10,1149726,NA,NA,NA,NA
S3_182709696,3,182709696,NA,NA,NA,NA
S9_147513462,9,147513462,NA,NA,NA,NA
S1_55291456,1,55291456,NA,NA,NA,NA
S4_237608512,4,237608512,NA,NA,NA,NA
S9_26826674,9,26826674,NA,NA,NA,NA
S7_129228757,7,129228757,NA,NA,NA,NA
S3_178410144,3,178410144,NA,NA,NA,NA
S1_3365546,1,3365546,NA,NA,NA,NA
S2_14799233,2,14799233,NA,NA,NA,NA
S1_266992071,1,266992071,NA,NA,NA,NA
S5_204207433,5,204207433,NA,NA,NA,NA
S5_186681165,5,186681165,NA,NA,NA,NA
S2_9559478,2,9559478,NA,NA,NA,NA
S2_9559500,2,9559500,NA,NA,NA,NA
S7_80015081,7,80015081,NA,NA,NA,NA
S6_131892785,6,131892785,NA,NA,NA,NA
S2_10608718,2,10608718,NA,NA,NA,NA
S4_60945289,4,60945289,NA,NA,NA,NA
S4_60945297,4,60945297,NA,NA,NA,NA
S4_234401732,4,234401732,NA,NA,NA,NA
S3_114352201,3,114352201,NA,NA,NA,NA
S2_8809757,2,8809757,NA,NA,NA,NA
S1_76015307,1,76015307,NA,NA,NA,NA
S5_188660903,5,188660903,NA,NA,NA,NA
S1_6546354,1,6546354,NA,NA,NA,NA
S1_6546357,1,6546357,NA,NA,NA,NA
S1_6546360,1,6546360,NA,NA,NA,NA
S1_206123878,1,206123878,NA,NA,NA,NA
S1_214720137,1,214720137,NA,NA,NA,NA
S2_6466373,2,6466373,NA,NA,NA,NA
S10_10620763,10,10620763,NA,NA,NA,NA
S6_159633934,6,159633934,NA,NA,NA,NA
S5_16217227,5,16217227,NA,NA,NA,NA
S1_177612478,1,177612478,NA,NA,NA,NA
S10_31492328,10,31492328,NA,NA,NA,NA
S1_288859883,1,288859883,NA,NA,NA,NA
S8_966860,8,966860,NA,NA,NA,NA
S9_149009099,9,149009099,NA,NA,NA,NA
S9_88651684,9,88651684,NA,NA,NA,NA
S8_161710984,8,161710984,NA,NA,NA,NA
S8_161710985,8,161710985,NA,NA,NA,NA
S4_3889684,4,3889684,NA,NA,NA,NA
S7_156739216,7,156739216,NA,NA,NA,NA
S2_196387294,2,196387294,NA,NA,NA,NA
S3_205599391,3,205599391,NA,NA,NA,NA
S1_28798077,1,28798077,NA,NA,NA,NA
S8_14076188,8,14076188,NA,NA,NA,NA
S2_216614518,2,216614518,NA,NA,NA,NA
S1_182423500,1,182423500,NA,NA,NA,NA
S10_141506118,10,141506118,NA,NA,NA,NA
S2_15997014,2,15997014,NA,NA,NA,NA
S3_153261573,3,153261573,NA,NA,NA,NA
S5_32921302,5,32921302,NA,NA,NA,NA
S9_105053272,9,105053272,NA,NA,NA,NA
S7_97747449,7,97747449,NA,NA,NA,NA
S2_6338854,2,6338854,NA,NA,NA,NA
S1_19329007,1,19329007,NA,NA,NA,NA
S1_19329011,1,19329011,NA,NA,NA,NA
S5_64360424,5,64360424,NA,NA,NA,NA
S2_187276776,2,187276776,NA,NA,NA,NA
S6_150688006,6,150688006,NA,NA,NA,NA
S8_170628878,8,170628878,NA,NA,NA,NA
S3_156052985,3,156052985,NA,NA,NA,NA
S1_251733459,1,251733459,NA,NA,NA,NA
S1_251733463,1,251733463,NA,NA,NA,NA
S3_223172177,3,223172177,NA,NA,NA,NA
S8_1520001,8,1520001,NA,NA,NA,NA
S4_213038629,4,213038629,NA,NA,NA,NA
S2_189309534,2,189309534,NA,NA,NA,NA
S9_154460754,9,154460754,NA,NA,NA,NA
S8_170124351,8,170124351,NA,NA,NA,NA
S2_225537889,2,225537889,NA,NA,NA,NA
S5_6807101,5,6807101,NA,NA,NA,NA
S3_3550935,3,3550935,NA,NA,NA,NA
S3_182127054,3,182127054,NA,NA,NA,NA
S6_164145864,6,164145864,NA,NA,NA,NA
S7_171047625,7,171047625,NA,NA,NA,NA
S2_232486658,2,232486658,NA,NA,NA,NA
S1_33884432,1,33884432,NA,NA,NA,NA
S2_198896643,2,198896643,NA,NA,NA,NA
S2_172401417,2,172401417,NA,NA,NA,NA
S10_70921477,10,70921477,NA,NA,NA,NA
S10_136018799,10,136018799,NA,NA,NA,NA
S2_189721861,2,189721861,NA,NA,NA,NA
S9_152205339,9,152205339,NA,NA,NA,NA
S8_134078426,8,134078426,NA,NA,NA,NA
S6_160337759,6,160337759,NA,NA,NA,NA
S8_401331,8,401331,NA,NA,NA,NA
S5_29323798,5,29323798,NA,NA,NA,NA
S9_3476466,9,3476466,NA,NA,NA,NA
S6_3054175,6,3054175,NA,NA,NA,NA
S6_3054199,6,3054199,NA,NA,NA,NA
S3_45389010,3,45389010,NA,NA,NA,NA
S6_85722379,6,85722379,NA,NA,NA,NA
S9_8238532,9,8238532,NA,NA,NA,NA
S1_12169653,1,12169653,NA,NA,NA,NA
S2_8809709,2,8809709,NA,NA,NA,NA
S2_8809710,2,8809710,NA,NA,NA,NA
S1_178401487,1,178401487,NA,NA,NA,NA
S10_126588170,10,126588170,NA,NA,NA,NA
S7_165907411,7,165907411,NA,NA,NA,NA
S5_202816906,5,202816906,NA,NA,NA,NA
S1_160858334,1,160858334,NA,NA,NA,NA
S2_187053137,2,187053137,NA,NA,NA,NA
S7_167224074,7,167224074,NA,NA,NA,NA
S8_161779309,8,161779309,NA,NA,NA,NA
S8_164859811,8,164859811,NA,NA,NA,NA
S8_8614250,8,8614250,NA,NA,NA,NA
S3_21563836,3,21563836,NA,NA,NA,NA
S7_2629356,7,2629356,NA,NA,NA,NA
S8_169244539,8,169244539,NA,NA,NA,NA
S3_14410092,3,14410092,NA,NA,NA,NA
S7_153221616,7,153221616,NA,NA,NA,NA
S5_8493438,5,8493438,NA,NA,NA,NA
S7_155342301,7,155342301,NA,NA,NA,NA
S4_6603019,4,6603019,NA,NA,NA,NA
S8_137758874,8,137758874,NA,NA,NA,NA
S6_144374150,6,144374150,NA,NA,NA,NA
S2_12352575,2,12352575,NA,NA,NA,NA
S8_170610713,8,170610713,NA,NA,NA,NA
S8_175093964,8,175093964,NA,NA,NA,NA
S2_232374116,2,232374116,NA,NA,NA,NA
S9_18884249,9,18884249,NA,NA,NA,NA
S8_77253416,8,77253416,NA,NA,NA,NA
S10_99524014,10,99524014,NA,NA,NA,NA
S3_210673498,3,210673498,NA,NA,NA,NA
S4_83507834,4,83507834,NA,NA,NA,NA
S3_219868986,3,219868986,NA,NA,NA,NA
S3_219869007,3,219869007,NA,NA,NA,NA
S5_6543540,5,6543540,NA,NA,NA,NA
S3_125426610,3,125426610,NA,NA,NA,NA
S3_133179735,3,133179735,NA,NA,NA,NA
S5_6443097,5,6443097,NA,NA,NA,NA
S3_45390004,3,45390004,NA,NA,NA,NA
S3_136334894,3,136334894,NA,NA,NA,NA
S4_10597565,4,10597565,NA,NA,NA,NA
S10_121750625,10,121750625,NA,NA,NA,NA
S10_16207042,10,16207042,NA,NA,NA,NA
S3_5585902,3,5585902,NA,NA,NA,NA
S3_209067939,3,209067939,NA,NA,NA,NA
S7_118583962,7,118583962,NA,NA,NA,NA
S7_118584004,7,118584004,NA,NA,NA,NA
S2_229287384,2,229287384,NA,NA,NA,NA
S7_5108469,7,5108469,NA,NA,NA,NA
S9_140588068,9,140588068,NA,NA,NA,NA
S5_3087911,5,3087911,NA,NA,NA,NA
S6_123375848,6,123375848,NA,NA,NA,NA
S6_123375859,6,123375859,NA,NA,NA,NA
S5_1843622,5,1843622,NA,NA,NA,NA
S3_150168729,3,150168729,NA,NA,NA,NA
S8_11570699,8,11570699,NA,NA,NA,NA
S8_11570713,8,11570713,NA,NA,NA,NA
S8_144460695,8,144460695,NA,NA,NA,NA
S1_283197150,1,283197150,NA,NA,NA,NA
S1_283197151,1,283197151,NA,NA,NA,NA
S10_147726908,10,147726908,NA,NA,NA,NA
S2_136271383,2,136271383,NA,NA,NA,NA
S7_145741935,7,145741935,NA,NA,NA,NA
S2_199173847,2,199173847,NA,NA,NA,NA
S6_160684473,6,160684473,NA,NA,NA,NA
S9_59400939,9,59400939,NA,NA,NA,NA
S6_117855164,6,117855164,NA,NA,NA,NA
S1_184612485,1,184612485,NA,NA,NA,NA
S2_234800980,2,234800980,NA,NA,NA,NA
S6_128825796,6,128825796,NA,NA,NA,NA
S1_250888057,1,250888057,NA,NA,NA,NA
S6_67218483,6,67218483,NA,NA,NA,NA
S6_67218490,6,67218490,NA,NA,NA,NA
S6_67218492,6,67218492,NA,NA,NA,NA
S2_193164044,2,193164044,NA,NA,NA,NA
S2_31826802,2,31826802,NA,NA,NA,NA
S1_34716591,1,34716591,NA,NA,NA,NA
S10_129896879,10,129896879,NA,NA,NA,NA
S9_145848941,9,145848941,NA,NA,NA,NA
S2_217011318,2,217011318,NA,NA,NA,NA
S9_153674131,9,153674131,NA,NA,NA,NA
S9_153674132,9,153674132,NA,NA,NA,NA
S7_127585828,7,127585828,NA,NA,NA,NA
S5_206846565,5,206846565,NA,NA,NA,NA
S1_296848704,1,296848704,NA,NA,NA,NA
S1_296848717,1,296848717,NA,NA,NA,NA
S8_165178794,8,165178794,NA,NA,NA,NA
S1_262392259,1,262392259,NA,NA,NA,NA
S5_163860613,5,163860613,NA,NA,NA,NA
S9_91418244,9,91418244,NA,NA,NA,NA
S1_283196460,1,283196460,NA,NA,NA,NA
S3_188337326,3,188337326,NA,NA,NA,NA
S3_127613462,3,127613462,NA,NA,NA,NA
S9_706659,9,706659,NA,NA,NA,NA
S3_125426639,3,125426639,NA,NA,NA,NA
S4_15695532,4,15695532,NA,NA,NA,NA
S1_234254504,1,234254504,NA,NA,NA,NA
S3_124181404,3,124181404,NA,NA,NA,NA
S9_133922442,9,133922442,NA,NA,NA,NA
S8_173061849,8,173061849,NA,NA,NA,NA
S5_212763998,5,212763998,NA,NA,NA,NA
S3_229549422,3,229549422,NA,NA,NA,NA
S2_110089146,2,110089146,NA,NA,NA,NA
S1_28420641,1,28420641,NA,NA,NA,NA
S5_156842325,5,156842325,NA,NA,NA,NA
S3_142730617,3,142730617,NA,NA,NA,NA
S10_57945469,10,57945469,NA,NA,NA,NA
S5_60074895,5,60074895,NA,NA,NA,NA
S1_4548903,1,4548903,NA,NA,NA,NA
S6_22002874,6,22002874,NA,NA,NA,NA
S5_170814639,5,170814639,NA,NA,NA,NA
S1_102950592,1,102950592,NA,NA,NA,NA
S5_21702489,5,21702489,NA,NA,NA,NA
S10_113162530,10,113162530,NA,NA,NA,NA
S1_202298460,1,202298460,NA,NA,NA,NA
S10_142606985,10,142606985,NA,NA,NA,NA
S2_16940309,2,16940309,NA,NA,NA,NA
S5_60133686,5,60133686,NA,NA,NA,NA
S3_179994843,3,179994843,NA,NA,NA,NA
S9_152761328,9,152761328,NA,NA,NA,NA
S1_195560637,1,195560637,NA,NA,NA,NA
S5_32921305,5,32921305,NA,NA,NA,NA
S5_189806526,5,189806526,NA,NA,NA,NA
S1_268956307,1,268956307,NA,NA,NA,NA
S9_86864201,9,86864201,NA,NA,NA,NA
S8_71985920,8,71985920,NA,NA,NA,NA
S6_84672058,6,84672058,NA,NA,NA,NA
S7_3073807,7,3073807,NA,NA,NA,NA
S3_17286887,3,17286887,NA,NA,NA,NA
S8_38699181,8,38699181,NA,NA,NA,NA
S3_206551886,3,206551886,NA,NA,NA,NA
S6_165982357,6,165982357,NA,NA,NA,NA
S4_21584490,4,21584490,NA,NA,NA,NA
S5_71853037,5,71853037,NA,NA,NA,NA
S9_44451336,9,44451336,NA,NA,NA,NA
S9_44451337,9,44451337,NA,NA,NA,NA
S5_13257330,5,13257330,NA,NA,NA,NA
S5_88047338,5,88047338,NA,NA,NA,NA
S4_172685881,4,172685881,NA,NA,NA,NA
S5_215989070,5,215989070,NA,NA,NA,NA
S8_93219918,8,93219918,NA,NA,NA,NA
S8_93219924,8,93219924,NA,NA,NA,NA
S8_93219929,8,93219929,NA,NA,NA,NA
S4_216763524,4,216763524,NA,NA,NA,NA
S5_158409865,5,158409865,NA,NA,NA,NA
S5_158409874,5,158409874,NA,NA,NA,NA
S5_158409890,5,158409890,NA,NA,NA,NA
S9_42840865,9,42840865,NA,NA,NA,NA
S9_42840867,9,42840867,NA,NA,NA,NA
S2_16402128,2,16402128,NA,NA,NA,NA
S10_140984674,10,140984674,NA,NA,NA,NA
S10_140984698,10,140984698,NA,NA,NA,NA
S5_203783682,5,203783682,NA,NA,NA,NA
S2_211280911,2,211280911,NA,NA,NA,NA
S3_148291283,3,148291283,NA,NA,NA,NA
S5_3659703,5,3659703,NA,NA,NA,NA
S6_163828113,6,163828113,NA,NA,NA,NA
S1_162103941,1,162103941,NA,NA,NA,NA
S3_162702024,3,162702024,NA,NA,NA,NA
S3_162702048,3,162702048,NA,NA,NA,NA
S8_141751359,8,141751359,NA,NA,NA,NA
S9_107554017,9,107554017,NA,NA,NA,NA
S5_4303339,5,4303339,NA,NA,NA,NA
S1_4548125,1,4548125,NA,NA,NA,NA
S3_138404031,3,138404031,NA,NA,NA,NA
S2_192432869,2,192432869,NA,NA,NA,NA
S8_96076374,8,96076374,NA,NA,NA,NA
S8_96076375,8,96076375,NA,NA,NA,NA
S2_236440433,2,236440433,NA,NA,NA,NA
S8_164577435,8,164577435,NA,NA,NA,NA
S5_215020902,5,215020902,NA,NA,NA,NA
S5_99928940,5,99928940,NA,NA,NA,NA
S1_187979436,1,187979436,NA,NA,NA,NA
S6_37900312,6,37900312,NA,NA,NA,NA
S1_300445253,1,300445253,NA,NA,NA,NA
S8_162228387,8,162228387,NA,NA,NA,NA
S8_3798748,8,3798748,NA,NA,NA,NA
S2_181424850,2,181424850,NA,NA,NA,NA
S7_152807070,7,152807070,NA,NA,NA,NA
S5_192877479,5,192877479,NA,NA,NA,NA
S2_152231499,2,152231499,NA,NA,NA,NA
S2_164667899,2,164667899,NA,NA,NA,NA
S4_235397329,4,235397329,NA,NA,NA,NA
S8_32964887,8,32964887,NA,NA,NA,NA
S2_173432084,2,173432084,NA,NA,NA,NA
S7_95451285,7,95451285,NA,NA,NA,NA
S2_107767686,2,107767686,NA,NA,NA,NA
S7_84845785,7,84845785,NA,NA,NA,NA
S1_225576319,1,225576319,NA,NA,NA,NA
S4_158338660,4,158338660,NA,NA,NA,NA
S3_47337515,3,47337515,NA,NA,NA,NA
S3_29012438,3,29012438,NA,NA,NA,NA
S1_193456796,1,193456796,NA,NA,NA,NA
S6_75634071,6,75634071,NA,NA,NA,NA
S10_20975830,10,20975830,NA,NA,NA,NA
S5_215301871,5,215301871,NA,NA,NA,NA
S3_196142493,3,196142493,NA,NA,NA,NA
S2_2128131,2,2128131,NA,NA,NA,NA
S7_47399475,7,47399475,NA,NA,NA,NA
S3_175937362,3,175937362,NA,NA,NA,NA
S8_100763854,8,100763854,NA,NA,NA,NA
S1_164864925,1,164864925,NA,NA,NA,NA
S7_4958553,7,4958553,NA,NA,NA,NA
S3_210423541,3,210423541,NA,NA,NA,NA
S3_210423576,3,210423576,NA,NA,NA,NA
S3_217237936,3,217237936,NA,NA,NA,NA
S4_163397009,4,163397009,NA,NA,NA,NA
S4_127200345,4,127200345,NA,NA,NA,NA
S4_127200346,4,127200346,NA,NA,NA,NA
S5_154994933,5,154994933,NA,NA,NA,NA
S1_188055330,1,188055330,NA,NA,NA,NA
S1_172121011,1,172121011,NA,NA,NA,NA
S10_84239827,10,84239827,NA,NA,NA,NA
S4_195622349,4,195622349,NA,NA,NA,NA
S7_164828456,7,164828456,NA,NA,NA,NA
S3_130093582,3,130093582,NA,NA,NA,NA
S7_170417455,7,170417455,NA,NA,NA,NA
S2_192802846,2,192802846,NA,NA,NA,NA
S3_5988710,3,5988710,NA,NA,NA,NA
S2_31924544,2,31924544,NA,NA,NA,NA
S1_273704125,1,273704125,NA,NA,NA,NA
S1_12463670,1,12463670,NA,NA,NA,NA
S1_38316713,1,38316713,NA,NA,NA,NA
S3_5671585,3,5671585,NA,NA,NA,NA
S4_50159485,4,50159485,NA,NA,NA,NA
S3_9810788,3,9810788,NA,NA,NA,NA
S8_155905384,8,155905384,NA,NA,NA,NA
S3_201229608,3,201229608,NA,NA,NA,NA
S5_199740037,5,199740037,NA,NA,NA,NA
S6_120692680,6,120692680,NA,NA,NA,NA
S7_170418244,7,170418244,NA,NA,NA,NA
S3_12193722,3,12193722,NA,NA,NA,NA
S5_54534472,5,54534472,NA,NA,NA,NA
S1_290307528,1,290307528,NA,NA,NA,NA
S8_157671220,8,157671220,NA,NA,NA,NA
S7_101818686,7,101818686,NA,NA,NA,NA
S2_160727110,2,160727110,NA,NA,NA,NA
S6_67259905,6,67259905,NA,NA,NA,NA
S5_33645985,5,33645985,NA,NA,NA,NA
S1_208824729,1,208824729,NA,NA,NA,NA
S9_134641970,9,134641970,NA,NA,NA,NA
S9_134641975,9,134641975,NA,NA,NA,NA
S9_103235567,9,103235567,NA,NA,NA,NA
S5_172619224,5,172619224,NA,NA,NA,NA
S7_52756203,7,52756203,NA,NA,NA,NA
S3_69559723,3,69559723,NA,NA,NA,NA
S2_69707747,2,69707747,NA,NA,NA,NA
S10_142280437,10,142280437,NA,NA,NA,NA
S10_142280455,10,142280455,NA,NA,NA,NA
S8_155642619,8,155642619,NA,NA,NA,NA
S8_171960509,8,171960509,NA,NA,NA,NA
S3_36308112,3,36308112,NA,NA,NA,NA
S6_119863910,6,119863910,NA,NA,NA,NA
S3_202137746,3,202137746,NA,NA,NA,NA
S10_148517115,10,148517115,NA,NA,NA,NA
S10_148517138,10,148517138,NA,NA,NA,NA
S5_202816913,5,202816913,NA,NA,NA,NA
S1_280579301,1,280579301,NA,NA,NA,NA
S5_194044801,5,194044801,NA,NA,NA,NA
S10_87097244,10,87097244,NA,NA,NA,NA
S10_87097245,10,87097245,NA,NA,NA,NA
S10_87097254,10,87097254,NA,NA,NA,NA
S10_119196666,10,119196666,NA,NA,NA,NA
S9_25522594,9,25522594,NA,NA,NA,NA
S1_26690897,1,26690897,NA,NA,NA,NA
S3_216257472,3,216257472,NA,NA,NA,NA
S2_16342300,2,16342300,NA,NA,NA,NA
S3_209023423,3,209023423,NA,NA,NA,NA
S4_81368197,4,81368197,NA,NA,NA,NA
S4_37101030,4,37101030,NA,NA,NA,NA
S3_184067929,3,184067929,NA,NA,NA,NA
S6_24181822,6,24181822,NA,NA,NA,NA
S5_51357850,5,51357850,NA,NA,NA,NA
S5_8510768,5,8510768,NA,NA,NA,NA
S4_34804248,4,34804248,NA,NA,NA,NA
S5_175728151,5,175728151,NA,NA,NA,NA
S1_296848642,1,296848642,NA,NA,NA,NA
S2_81807776,2,81807776,NA,NA,NA,NA
S3_37360980,3,37360980,NA,NA,NA,NA
S3_37360999,3,37360999,NA,NA,NA,NA
S2_211722514,2,211722514,NA,NA,NA,NA
S6_160346927,6,160346927,NA,NA,NA,NA
S6_79915132,6,79915132,NA,NA,NA,NA
S7_158037058,7,158037058,NA,NA,NA,NA
S3_225760187,3,225760187,NA,NA,NA,NA
S6_97382439,6,97382439,NA,NA,NA,NA
S2_215015075,2,215015075,NA,NA,NA,NA
S5_211449397,5,211449397,NA,NA,NA,NA
S2_210789260,2,210789260,NA,NA,NA,NA
S2_20420051,2,20420051,NA,NA,NA,NA
S1_74770413,1,74770413,NA,NA,NA,NA
S2_186639739,2,186639739,NA,NA,NA,NA
S9_6368547,9,6368547,NA,NA,NA,NA
S5_193652783,5,193652783,NA,NA,NA,NA
S1_269322794,1,269322794,NA,NA,NA,NA
S5_32012144,5,32012144,NA,NA,NA,NA
S7_105628645,7,105628645,NA,NA,NA,NA
S8_163215185,8,163215185,NA,NA,NA,NA
S8_163215187,8,163215187,NA,NA,NA,NA
S5_29623371,5,29623371,NA,NA,NA,NA
S1_82916387,1,82916387,NA,NA,NA,NA
S6_162571391,6,162571391,NA,NA,NA,NA
S5_170164893,5,170164893,NA,NA,NA,NA
S2_44719183,2,44719183,NA,NA,NA,NA
S3_142252405,3,142252405,NA,NA,NA,NA
S6_36479821,6,36479821,NA,NA,NA,NA
S5_191372719,5,191372719,NA,NA,NA,NA
S8_171812427,8,171812427,NA,NA,NA,NA
S1_29614143,1,29614143,NA,NA,NA,NA
S1_29614144,1,29614144,NA,NA,NA,NA
S1_240146253,1,240146253,NA,NA,NA,NA
S6_40950131,6,40950131,NA,NA,NA,NA
S6_40950143,6,40950143,NA,NA,NA,NA
S5_10087023,5,10087023,NA,NA,NA,NA
S8_161710710,8,161710710,NA,NA,NA,NA
S5_39131919,5,39131919,NA,NA,NA,NA
S10_8356680,10,8356680,NA,NA,NA,NA
S5_188825424,5,188825424,NA,NA,NA,NA
S5_168533439,5,168533439,NA,NA,NA,NA
S5_25511877,5,25511877,NA,NA,NA,NA
S4_196694897,4,196694897,NA,NA,NA,NA
S4_196694899,4,196694899,NA,NA,NA,NA
S4_196694902,4,196694902,NA,NA,NA,NA
S4_196694934,4,196694934,NA,NA,NA,NA
S6_160624540,6,160624540,NA,NA,NA,NA
S2_8906592,2,8906592,NA,NA,NA,NA
S5_63229609,5,63229609,NA,NA,NA,NA
S6_143977758,6,143977758,NA,NA,NA,NA
S4_21583414,4,21583414,NA,NA,NA,NA
S5_151708934,5,151708934,NA,NA,NA,NA
S5_209757774,5,209757774,NA,NA,NA,NA
S1_48553168,1,48553168,NA,NA,NA,NA
S6_87402831,6,87402831,NA,NA,NA,NA
S1_205832395,1,205832395,NA,NA,NA,NA
S4_194610131,4,194610131,NA,NA,NA,NA
S3_16305466,3,16305466,NA,NA,NA,NA
S5_6874382,5,6874382,NA,NA,NA,NA
S5_18704386,5,18704386,NA,NA,NA,NA
S3_158781334,3,158781334,NA,NA,NA,NA
S3_158781341,3,158781341,NA,NA,NA,NA
S7_136023171,7,136023171,NA,NA,NA,NA
S7_172769301,7,172769301,NA,NA,NA,NA
S6_155240994,6,155240994,NA,NA,NA,NA
S3_25864003,3,25864003,NA,NA,NA,NA
S4_238356769,4,238356769,NA,NA,NA,NA
S9_119287527,9,119287527,NA,NA,NA,NA
S2_188053844,2,188053844,NA,NA,NA,NA
S1_3742398,1,3742398,NA,NA,NA,NA
S1_3742399,1,3742399,NA,NA,NA,NA
S2_165946406,2,165946406,NA,NA,NA,NA
S6_143129101,6,143129101,NA,NA,NA,NA
S5_212029891,5,212029891,NA,NA,NA,NA
S2_16306984,2,16306984,NA,NA,NA,NA
S4_123703096,4,123703096,NA,NA,NA,NA
S4_123703113,4,123703113,NA,NA,NA,NA
S4_222798125,4,222798125,NA,NA,NA,NA
S2_161039813,2,161039813,NA,NA,NA,NA
S1_38131442,1,38131442,NA,NA,NA,NA
S10_38530632,10,38530632,NA,NA,NA,NA
S8_115294116,8,115294116,NA,NA,NA,NA
S8_161779254,8,161779254,NA,NA,NA,NA
S3_196936271,3,196936271,NA,NA,NA,NA
S7_121225235,7,121225235,NA,NA,NA,NA
S1_201474689,1,201474689,NA,NA,NA,NA
S8_148008651,8,148008651,NA,NA,NA,NA
S4_215105671,4,215105671,NA,NA,NA,NA
S8_110375674,8,110375674,NA,NA,NA,NA
S2_196534405,2,196534405,NA,NA,NA,NA
S9_19533593,9,19533593,NA,NA,NA,NA
S4_172085151,4,172085151,NA,NA,NA,NA
S4_173176955,4,173176955,NA,NA,NA,NA
S4_173176956,4,173176956,NA,NA,NA,NA
S4_173176958,4,173176958,NA,NA,NA,NA
S10_148991774,10,148991774,NA,NA,NA,NA
S7_165754293,7,165754293,NA,NA,NA,NA
S10_140995211,10,140995211,NA,NA,NA,NA
S1_246201234,1,246201234,NA,NA,NA,NA
S2_21793021,2,21793021,NA,NA,NA,NA
S2_10228,2,10228,NA,NA,NA,NA
S1_200413431,1,200413431,NA,NA,NA,NA
S1_246547058,1,246547058,NA,NA,NA,NA
S1_205247545,1,205247545,NA,NA,NA,NA
S8_77095642,8,77095642,NA,NA,NA,NA
S3_217008631,3,217008631,NA,NA,NA,NA
S8_147523617,8,147523617,NA,NA,NA,NA
S5_13721708,5,13721708,NA,NA,NA,NA
S4_62353254,4,62353254,NA,NA,NA,NA
S9_64623327,9,64623327,NA,NA,NA,NA
S9_86661691,9,86661691,NA,NA,NA,NA
S5_147540764,5,147540764,NA,NA,NA,NA
S4_78613543,4,78613543,NA,NA,NA,NA
S10_6530039,10,6530039,NA,NA,NA,NA
S5_1488958,5,1488958,NA,NA,NA,NA
S8_171959918,8,171959918,NA,NA,NA,NA
S3_206952453,3,206952453,NA,NA,NA,NA
S8_172949812,8,172949812,NA,NA,NA,NA
S5_4426124,5,4426124,NA,NA,NA,NA
S3_185270312,3,185270312,NA,NA,NA,NA
S7_170252544,7,170252544,NA,NA,NA,NA
S5_156275094,5,156275094,NA,NA,NA,NA
S4_226616756,4,226616756,NA,NA,NA,NA
S7_161950697,7,161950697,NA,NA,NA,NA
S2_34567652,2,34567652,NA,NA,NA,NA
S7_13578597,7,13578597,NA,NA,NA,NA
S3_128668374,3,128668374,NA,NA,NA,NA
S7_2962338,7,2962338,NA,NA,NA,NA
S7_2962339,7,2962339,NA,NA,NA,NA
S2_136684672,2,136684672,NA,NA,NA,NA
S6_32457467,6,32457467,NA,NA,NA,NA
S5_12547274,5,12547274,NA,NA,NA,NA
S1_174002698,1,174002698,NA,NA,NA,NA
S9_139846094,9,139846094,NA,NA,NA,NA
S2_83190419,2,83190419,NA,NA,NA,NA
S10_85581890,10,85581890,NA,NA,NA,NA
S9_122871206,9,122871206,NA,NA,NA,NA
S9_122871220,9,122871220,NA,NA,NA,NA
S1_10826688,1,10826688,NA,NA,NA,NA
S5_8430965,5,8430965,NA,NA,NA,NA
S3_169030232,3,169030232,NA,NA,NA,NA
S9_140773680,9,140773680,NA,NA,NA,NA
S8_109910433,8,109910433,NA,NA,NA,NA
S3_160087106,3,160087106,NA,NA,NA,NA
S7_95431697,7,95431697,NA,NA,NA,NA
S9_149454893,9,149454893,NA,NA,NA,NA
S4_17978421,4,17978421,NA,NA,NA,NA
S2_23115802,2,23115802,NA,NA,NA,NA
S4_2693853,4,2693853,NA,NA,NA,NA
S3_5996759,3,5996759,NA,NA,NA,NA
S7_163669836,7,163669836,NA,NA,NA,NA
S6_155460904,6,155460904,NA,NA,NA,NA
S7_7277849,7,7277849,NA,NA,NA,NA
S5_178323618,5,178323618,NA,NA,NA,NA
S5_178323629,5,178323629,NA,NA,NA,NA
S3_166998435,3,166998435,NA,NA,NA,NA
S4_33663643,4,33663643,NA,NA,NA,NA
S8_17874143,8,17874143,NA,NA,NA,NA
S10_110201708,10,110201708,NA,NA,NA,NA
S9_124578559,9,124578559,NA,NA,NA,NA
S3_10521145,3,10521145,NA,NA,NA,NA
S8_75598527,8,75598527,NA,NA,NA,NA
S10_132883280,10,132883280,NA,NA,NA,NA
S8_92078017,8,92078017,NA,NA,NA,NA
S5_19890296,5,19890296,NA,NA,NA,NA
S1_172191162,1,172191162,NA,NA,NA,NA
S2_111357103,2,111357103,NA,NA,NA,NA
S5_141202792,5,141202792,NA,NA,NA,NA
S8_16910800,8,16910800,NA,NA,NA,NA
S2_225537893,2,225537893,NA,NA,NA,NA
S3_118288725,3,118288725,NA,NA,NA,NA
S9_8973962,9,8973962,NA,NA,NA,NA
S2_234112698,2,234112698,NA,NA,NA,NA
S2_65683927,2,65683927,NA,NA,NA,NA
S2_3106090,2,3106090,NA,NA,NA,NA
S3_146524929,3,146524929,NA,NA,NA,NA
S4_198132049,4,198132049,NA,NA,NA,NA
S3_172906553,3,172906553,NA,NA,NA,NA
S10_22264582,10,22264582,NA,NA,NA,NA
S2_192598923,2,192598923,NA,NA,NA,NA
S7_3169036,7,3169036,NA,NA,NA,NA
S2_72206089,2,72206089,NA,NA,NA,NA
S2_72206091,2,72206091,NA,NA,NA,NA
S4_26377846,4,26377846,NA,NA,NA,NA
S1_193247066,1,193247066,NA,NA,NA,NA
S3_155968232,3,155968232,NA,NA,NA,NA
S8_28479506,8,28479506,NA,NA,NA,NA
S8_70378676,8,70378676,NA,NA,NA,NA
S5_154995507,5,154995507,NA,NA,NA,NA
S4_188044467,4,188044467,NA,NA,NA,NA
S1_12852944,1,12852944,NA,NA,NA,NA
S6_107382227,6,107382227,NA,NA,NA,NA
S6_166810789,6,166810789,NA,NA,NA,NA
S5_192403633,5,192403633,NA,NA,NA,NA
S4_234572413,4,234572413,NA,NA,NA,NA
S9_137763543,9,137763543,NA,NA,NA,NA
S1_266991404,1,266991404,NA,NA,NA,NA
S1_266991447,1,266991447,NA,NA,NA,NA
S5_13967891,5,13967891,NA,NA,NA,NA
S3_46511540,3,46511540,NA,NA,NA,NA
S5_191089215,5,191089215,NA,NA,NA,NA
S5_33642415,5,33642415,NA,NA,NA,NA
S3_207988812,3,207988812,NA,NA,NA,NA
S3_28923840,3,28923840,NA,NA,NA,NA
S7_108386893,7,108386893,NA,NA,NA,NA
S2_60769708,2,60769708,NA,NA,NA,NA
S1_257972883,1,257972883,NA,NA,NA,NA
S1_247630822,1,247630822,NA,NA,NA,NA
S2_233801009,2,233801009,NA,NA,NA,NA
S1_274409168,1,274409168,NA,NA,NA,NA
S2_122946325,2,122946325,NA,NA,NA,NA
S5_19524302,5,19524302,NA,NA,NA,NA
S1_123753085,1,123753085,NA,NA,NA,NA
S5_194092725,5,194092725,NA,NA,NA,NA
S1_226922938,1,226922938,NA,NA,NA,NA
S10_31748305,10,31748305,NA,NA,NA,NA
S6_63434790,6,63434790,NA,NA,NA,NA
S8_137468581,8,137468581,NA,NA,NA,NA
S1_206123847,1,206123847,NA,NA,NA,NA
S4_35005077,4,35005077,NA,NA,NA,NA
S2_176239002,2,176239002,NA,NA,NA,NA
S5_91600654,5,91600654,NA,NA,NA,NA
S10_148513569,10,148513569,NA,NA,NA,NA
S9_97036388,9,97036388,NA,NA,NA,NA
S5_9651693,5,9651693,NA,NA,NA,NA
S2_234800977,2,234800977,NA,NA,NA,NA
S2_222675535,2,222675535,NA,NA,NA,NA
S7_10157514,7,10157514,NA,NA,NA,NA
S2_42801054,2,42801054,NA,NA,NA,NA
S4_237601339,4,237601339,NA,NA,NA,NA
S3_206703133,3,206703133,NA,NA,NA,NA
S7_160532106,7,160532106,NA,NA,NA,NA
S7_82086361,7,82086361,NA,NA,NA,NA
S7_82086369,7,82086369,NA,NA,NA,NA
S5_200938637,5,200938637,NA,NA,NA,NA
S1_200861067,1,200861067,NA,NA,NA,NA
S1_200861068,1,200861068,NA,NA,NA,NA
S1_200861069,1,200861069,NA,NA,NA,NA
S6_160624533,6,160624533,NA,NA,NA,NA
S8_38699163,8,38699163,NA,NA,NA,NA
S8_101755352,8,101755352,NA,NA,NA,NA
S10_133303718,10,133303718,NA,NA,NA,NA
S6_151793558,6,151793558,NA,NA,NA,NA
S2_168015572,2,168015572,NA,NA,NA,NA
S5_208164962,5,208164962,NA,NA,NA,NA
S9_103920444,9,103920444,NA,NA,NA,NA
S10_126872972,10,126872972,NA,NA,NA,NA
S3_213793997,3,213793997,NA,NA,NA,NA
S1_46406150,1,46406150,NA,NA,NA,NA
S8_146152758,8,146152758,NA,NA,NA,NA
S10_9540344,10,9540344,NA,NA,NA,NA
S7_173149105,7,173149105,NA,NA,NA,NA
S5_193846089,5,193846089,NA,NA,NA,NA
S3_216472260,3,216472260,NA,NA,NA,NA
S3_183312517,3,183312517,NA,NA,NA,NA
S9_146475865,9,146475865,NA,NA,NA,NA
S3_169030149,3,169030149,NA,NA,NA,NA
S6_147393198,6,147393198,NA,NA,NA,NA
S5_57430043,5,57430043,NA,NA,NA,NA
S5_57430059,5,57430059,NA,NA,NA,NA
S3_89433525,3,89433525,NA,NA,NA,NA
S1_139597124,1,139597124,NA,NA,NA,NA
S8_157723846,8,157723846,NA,NA,NA,NA
S5_143972828,5,143972828,NA,NA,NA,NA
S5_143972855,5,143972855,NA,NA,NA,NA
S5_159232792,5,159232792,NA,NA,NA,NA
S8_17189680,8,17189680,NA,NA,NA,NA
S10_135678095,10,135678095,NA,NA,NA,NA
S4_222712558,4,222712558,NA,NA,NA,NA
S4_222712588,4,222712588,NA,NA,NA,NA
S1_264553045,1,264553045,NA,NA,NA,NA
S10_129586342,10,129586342,NA,NA,NA,NA
S7_172108259,7,172108259,NA,NA,NA,NA
S9_154378819,9,154378819,NA,NA,NA,NA
S5_169838087,5,169838087,NA,NA,NA,NA
S9_152863032,9,152863032,NA,NA,NA,NA
S5_188128327,5,188128327,NA,NA,NA,NA
S1_182542945,1,182542945,NA,NA,NA,NA
S4_123703223,4,123703223,NA,NA,NA,NA
S1_183779929,1,183779929,NA,NA,NA,NA
S1_278352719,1,278352719,NA,NA,NA,NA
S5_3498744,5,3498744,NA,NA,NA,NA
S5_3498746,5,3498746,NA,NA,NA,NA
S5_3498747,5,3498747,NA,NA,NA,NA
S1_236156301,1,236156301,NA,NA,NA,NA
S10_1916122,10,1916122,NA,NA,NA,NA
S4_2887953,4,2887953,NA,NA,NA,NA
S2_193730314,2,193730314,NA,NA,NA,NA
S8_150907596,8,150907596,NA,NA,NA,NA
S2_222440175,2,222440175,NA,NA,NA,NA
S5_215487154,5,215487154,NA,NA,NA,NA
S5_13179212,5,13179212,NA,NA,NA,NA
S5_213916124,5,213916124,NA,NA,NA,NA
S7_157100626,7,157100626,NA,NA,NA,NA
S2_141596485,2,141596485,NA,NA,NA,NA
S6_153234245,6,153234245,NA,NA,NA,NA
S6_153234246,6,153234246,NA,NA,NA,NA
S1_40039680,1,40039680,NA,NA,NA,NA
S6_34826202,6,34826202,NA,NA,NA,NA
S3_40446928,3,40446928,NA,NA,NA,NA
S6_150804907,6,150804907,NA,NA,NA,NA
S10_146683872,10,146683872,NA,NA,NA,NA
S6_164802238,6,164802238,NA,NA,NA,NA
S4_157729631,4,157729631,NA,NA,NA,NA
S10_77410616,10,77410616,NA,NA,NA,NA
S2_38977357,2,38977357,NA,NA,NA,NA
S5_68511359,5,68511359,NA,NA,NA,NA
S4_18583681,4,18583681,NA,NA,NA,NA
S6_97634410,6,97634410,NA,NA,NA,NA
S6_156831310,6,156831310,NA,NA,NA,NA
S3_168838080,3,168838080,NA,NA,NA,NA
S8_170062363,8,170062363,NA,NA,NA,NA
S3_23077298,3,23077298,NA,NA,NA,NA
S9_109613239,9,109613239,NA,NA,NA,NA
S7_105221066,7,105221066,NA,NA,NA,NA
S6_34602890,6,34602890,NA,NA,NA,NA
S6_34602891,6,34602891,NA,NA,NA,NA
S4_237517605,4,237517605,NA,NA,NA,NA
S1_251621674,1,251621674,NA,NA,NA,NA
S5_150625304,5,150625304,NA,NA,NA,NA
S2_146049846,2,146049846,NA,NA,NA,NA
S7_6535944,7,6535944,NA,NA,NA,NA
S5_10438744,5,10438744,NA,NA,NA,NA
S5_2276598,5,2276598,NA,NA,NA,NA
S10_5642076,10,5642076,NA,NA,NA,NA
S9_152188180,9,152188180,NA,NA,NA,NA
S9_152188181,9,152188181,NA,NA,NA,NA
S1_290286497,1,290286497,NA,NA,NA,NA
S1_175897733,1,175897733,NA,NA,NA,NA
S2_68600919,2,68600919,NA,NA,NA,NA
S1_262171620,1,262171620,NA,NA,NA,NA
S1_237087641,1,237087641,NA,NA,NA,NA
S5_193299911,5,193299911,NA,NA,NA,NA
S7_115969947,7,115969947,NA,NA,NA,NA
S4_239441027,4,239441027,NA,NA,NA,NA
S9_2276078,9,2276078,NA,NA,NA,NA
S6_168093988,6,168093988,NA,NA,NA,NA
S7_154740996,7,154740996,NA,NA,NA,NA
S7_156509948,7,156509948,NA,NA,NA,NA
S10_138599067,10,138599067,NA,NA,NA,NA
S1_215842049,1,215842049,NA,NA,NA,NA
S9_154460714,9,154460714,NA,NA,NA,NA
S1_268877119,1,268877119,NA,NA,NA,NA
S8_175062188,8,175062188,NA,NA,NA,NA
S5_1828726,5,1828726,NA,NA,NA,NA
S3_171900685,3,171900685,NA,NA,NA,NA
S5_70885947,5,70885947,NA,NA,NA,NA
S9_86325201,9,86325201,NA,NA,NA,NA
S6_158470900,6,158470900,NA,NA,NA,NA
S1_121493056,1,121493056,NA,NA,NA,NA
S5_79866858,5,79866858,NA,NA,NA,NA
S10_14908739,10,14908739,NA,NA,NA,NA
S4_177042879,4,177042879,NA,NA,NA,NA
S8_111193032,8,111193032,NA,NA,NA,NA
S4_238738245,4,238738245,NA,NA,NA,NA
S6_122727990,6,122727990,NA,NA,NA,NA
S6_43907923,6,43907923,NA,NA,NA,NA
S6_43907957,6,43907957,NA,NA,NA,NA
S8_26861957,8,26861957,NA,NA,NA,NA
S5_166473856,5,166473856,NA,NA,NA,NA
S3_170111672,3,170111672,NA,NA,NA,NA
S1_113879792,1,113879792,NA,NA,NA,NA
S7_165946380,7,165946380,NA,NA,NA,NA
S4_233531582,4,233531582,NA,NA,NA,NA
S2_6177664,2,6177664,NA,NA,NA,NA
S4_235395452,4,235395452,NA,NA,NA,NA
S5_183518427,5,183518427,NA,NA,NA,NA
S7_127254789,7,127254789,NA,NA,NA,NA
S1_47906805,1,47906805,NA,NA,NA,NA
S4_173996870,4,173996870,NA,NA,NA,NA
S3_20746722,3,20746722,NA,NA,NA,NA
S4_2839163,4,2839163,NA,NA,NA,NA
S7_145179566,7,145179566,NA,NA,NA,NA
S7_145179614,7,145179614,NA,NA,NA,NA
S4_193507621,4,193507621,NA,NA,NA,NA
S4_171922466,4,171922466,NA,NA,NA,NA
S2_44262970,2,44262970,NA,NA,NA,NA
S9_103687960,9,103687960,NA,NA,NA,NA
S2_155786568,2,155786568,NA,NA,NA,NA
S10_99374062,10,99374062,NA,NA,NA,NA
S10_95691187,10,95691187,NA,NA,NA,NA
S10_95691188,10,95691188,NA,NA,NA,NA
S6_162662999,6,162662999,NA,NA,NA,NA
S9_134044206,9,134044206,NA,NA,NA,NA
S8_152769176,8,152769176,NA,NA,NA,NA
S9_88524344,9,88524344,NA,NA,NA,NA
S1_164629316,1,164629316,NA,NA,NA,NA
S1_189771456,1,189771456,NA,NA,NA,NA
S10_113351936,10,113351936,NA,NA,NA,NA
S2_36566150,2,36566150,NA,NA,NA,NA
S1_262998964,1,262998964,NA,NA,NA,NA
S3_172806460,3,172806460,NA,NA,NA,NA
S8_138523546,8,138523546,NA,NA,NA,NA
S3_138433623,3,138433623,NA,NA,NA,NA
S8_68933062,8,68933062,NA,NA,NA,NA
S9_22054747,9,22054747,NA,NA,NA,NA
S6_145187864,6,145187864,NA,NA,NA,NA
S9_7724376,9,7724376,NA,NA,NA,NA
S1_29399970,1,29399970,NA,NA,NA,NA
S8_128603133,8,128603133,NA,NA,NA,NA
S7_127591771,7,127591771,NA,NA,NA,NA
S7_170877644,7,170877644,NA,NA,NA,NA
S10_129706521,10,129706521,NA,NA,NA,NA
S5_1678620,5,1678620,NA,NA,NA,NA
S1_73232003,1,73232003,NA,NA,NA,NA
S10_131879919,10,131879919,NA,NA,NA,NA
S4_29117412,4,29117412,NA,NA,NA,NA
S5_14803082,5,14803082,NA,NA,NA,NA
S9_153186957,9,153186957,NA,NA,NA,NA
S8_164895916,8,164895916,NA,NA,NA,NA
S4_189589288,4,189589288,NA,NA,NA,NA
S3_58153136,3,58153136,NA,NA,NA,NA
S1_82702920,1,82702920,NA,NA,NA,NA
S1_29356741,1,29356741,NA,NA,NA,NA
S2_158614001,2,158614001,NA,NA,NA,NA
S7_19754146,7,19754146,NA,NA,NA,NA
S1_274410509,1,274410509,NA,NA,NA,NA
S5_155097824,5,155097824,NA,NA,NA,NA
S6_163930398,6,163930398,NA,NA,NA,NA
S4_212143163,4,212143163,NA,NA,NA,NA
S6_142099433,6,142099433,NA,NA,NA,NA
S9_126340337,9,126340337,NA,NA,NA,NA
S1_42847989,1,42847989,NA,NA,NA,NA
S5_6113645,5,6113645,NA,NA,NA,NA
S2_223284714,2,223284714,NA,NA,NA,NA
S1_10982521,1,10982521,NA,NA,NA,NA
S1_10982523,1,10982523,NA,NA,NA,NA
S4_2852591,4,2852591,NA,NA,NA,NA
S2_183941674,2,183941674,NA,NA,NA,NA
S4_185180702,4,185180702,NA,NA,NA,NA
S4_185180709,4,185180709,NA,NA,NA,NA
S4_185180712,4,185180712,NA,NA,NA,NA
S4_185180713,4,185180713,NA,NA,NA,NA
S4_185180715,4,185180715,NA,NA,NA,NA
S4_185180729,4,185180729,NA,NA,NA,NA
S5_3981841,5,3981841,NA,NA,NA,NA
S8_154106641,8,154106641,NA,NA,NA,NA
S2_180193495,2,180193495,NA,NA,NA,NA
S8_27637167,8,27637167,NA,NA,NA,NA
S8_27637188,8,27637188,NA,NA,NA,NA
S1_151258074,1,151258074,NA,NA,NA,NA
S7_5564548,7,5564548,NA,NA,NA,NA
S7_130252413,7,130252413,NA,NA,NA,NA
S2_232405610,2,232405610,NA,NA,NA,NA
S7_161819743,7,161819743,NA,NA,NA,NA
S1_92219253,1,92219253,NA,NA,NA,NA
S2_12352517,2,12352517,NA,NA,NA,NA
S4_193747690,4,193747690,NA,NA,NA,NA
S4_193747724,4,193747724,NA,NA,NA,NA
S4_87687677,4,87687677,NA,NA,NA,NA
S4_87687691,4,87687691,NA,NA,NA,NA
S4_49729852,4,49729852,NA,NA,NA,NA
S6_37026721,6,37026721,NA,NA,NA,NA
S6_37026722,6,37026722,NA,NA,NA,NA
S1_232742077,1,232742077,NA,NA,NA,NA
S6_154335228,6,154335228,NA,NA,NA,NA
S1_188055337,1,188055337,NA,NA,NA,NA
S5_49900402,5,49900402,NA,NA,NA,NA
S10_71472602,10,71472602,NA,NA,NA,NA
S4_173817068,4,173817068,NA,NA,NA,NA
S3_202777031,3,202777031,NA,NA,NA,NA
S8_68693679,8,68693679,NA,NA,NA,NA
S8_68693680,8,68693680,NA,NA,NA,NA
S8_68693682,8,68693682,NA,NA,NA,NA
S2_27588078,2,27588078,NA,NA,NA,NA
S8_26862211,8,26862211,NA,NA,NA,NA
S3_176798649,3,176798649,NA,NA,NA,NA
S2_211773080,2,211773080,NA,NA,NA,NA
S4_234420709,4,234420709,NA,NA,NA,NA
S9_63126350,9,63126350,NA,NA,NA,NA
S8_139985678,8,139985678,NA,NA,NA,NA
S5_203402855,5,203402855,NA,NA,NA,NA
S4_180200550,4,180200550,NA,NA,NA,NA
S9_150819848,9,150819848,NA,NA,NA,NA
S7_99893000,7,99893000,NA,NA,NA,NA
S1_150866781,1,150866781,NA,NA,NA,NA
S1_123753954,1,123753954,NA,NA,NA,NA
S4_236571606,4,236571606,NA,NA,NA,NA
S4_222806611,4,222806611,NA,NA,NA,NA
S8_11485031,8,11485031,NA,NA,NA,NA
S1_220117797,1,220117797,NA,NA,NA,NA
S5_25483696,5,25483696,NA,NA,NA,NA
S3_148974350,3,148974350,NA,NA,NA,NA
S9_113013591,9,113013591,NA,NA,NA,NA
S10_113149922,10,113149922,NA,NA,NA,NA
S4_234825808,4,234825808,NA,NA,NA,NA
S2_17862264,2,17862264,NA,NA,NA,NA
S3_225099527,3,225099527,NA,NA,NA,NA
S8_15046046,8,15046046,NA,NA,NA,NA
S7_85882212,7,85882212,NA,NA,NA,NA
S5_56236226,5,56236226,NA,NA,NA,NA
S1_281889087,1,281889087,NA,NA,NA,NA
S5_38014198,5,38014198,NA,NA,NA,NA
S5_69971496,5,69971496,NA,NA,NA,NA
S5_69971517,5,69971517,NA,NA,NA,NA
S7_3073843,7,3073843,NA,NA,NA,NA
S2_17574915,2,17574915,NA,NA,NA,NA
S4_224287758,4,224287758,NA,NA,NA,NA
S10_120282526,10,120282526,NA,NA,NA,NA
S3_184237235,3,184237235,NA,NA,NA,NA
S6_164369763,6,164369763,NA,NA,NA,NA
S1_297914018,1,297914018,NA,NA,NA,NA
S1_14039366,1,14039366,NA,NA,NA,NA
S4_122345475,4,122345475,NA,NA,NA,NA
S2_101270837,2,101270837,NA,NA,NA,NA
S7_166698336,7,166698336,NA,NA,NA,NA
S7_166698337,7,166698337,NA,NA,NA,NA
S9_145906354,9,145906354,NA,NA,NA,NA
S9_145906361,9,145906361,NA,NA,NA,NA
S1_281071242,1,281071242,NA,NA,NA,NA
S2_48834542,2,48834542,NA,NA,NA,NA
S2_233691374,2,233691374,NA,NA,NA,NA
S3_201330285,3,201330285,NA,NA,NA,NA
S7_170990706,7,170990706,NA,NA,NA,NA
S4_168991386,4,168991386,NA,NA,NA,NA
S2_190416147,2,190416147,NA,NA,NA,NA
S5_66999872,5,66999872,NA,NA,NA,NA
S1_15067722,1,15067722,NA,NA,NA,NA
S9_5076334,9,5076334,NA,NA,NA,NA
S9_121718995,9,121718995,NA,NA,NA,NA
S1_262459706,1,262459706,NA,NA,NA,NA
S6_162028301,6,162028301,NA,NA,NA,NA
S2_198110769,2,198110769,NA,NA,NA,NA
S9_140016043,9,140016043,NA,NA,NA,NA
S8_125197626,8,125197626,NA,NA,NA,NA
S3_191060867,3,191060867,NA,NA,NA,NA
S2_214671946,2,214671946,NA,NA,NA,NA
S7_153293879,7,153293879,NA,NA,NA,NA
S10_3191114,10,3191114,NA,NA,NA,NA
S4_204599348,4,204599348,NA,NA,NA,NA
S2_9318468,2,9318468,NA,NA,NA,NA
S7_99892998,7,99892998,NA,NA,NA,NA
S10_110298066,10,110298066,NA,NA,NA,NA
S5_174284724,5,174284724,NA,NA,NA,NA
S5_114099599,5,114099599,NA,NA,NA,NA
S2_33469683,2,33469683,NA,NA,NA,NA
S3_146363363,3,146363363,NA,NA,NA,NA
S8_103367952,8,103367952,NA,NA,NA,NA
S4_15694775,4,15694775,NA,NA,NA,NA
S9_77619223,9,77619223,NA,NA,NA,NA
S7_172243236,7,172243236,NA,NA,NA,NA
S8_166675291,8,166675291,NA,NA,NA,NA
S3_175700054,3,175700054,NA,NA,NA,NA
S3_207715780,3,207715780,NA,NA,NA,NA
S1_235909649,1,235909649,NA,NA,NA,NA
S8_171564679,8,171564679,NA,NA,NA,NA
S3_221218394,3,221218394,NA,NA,NA,NA
S1_18190426,1,18190426,NA,NA,NA,NA
S5_173805516,5,173805516,NA,NA,NA,NA
S10_25558345,10,25558345,NA,NA,NA,NA
S1_215611507,1,215611507,NA,NA,NA,NA
S7_2888472,7,2888472,NA,NA,NA,NA
S3_135695588,3,135695588,NA,NA,NA,NA
S5_208257961,5,208257961,NA,NA,NA,NA
S5_4303338,5,4303338,NA,NA,NA,NA
S2_186202006,2,186202006,NA,NA,NA,NA
S5_215618566,5,215618566,NA,NA,NA,NA
S9_141841277,9,141841277,NA,NA,NA,NA
S6_100083385,6,100083385,NA,NA,NA,NA
S2_6172330,2,6172330,NA,NA,NA,NA
S9_100304559,9,100304559,NA,NA,NA,NA
S4_237682064,4,237682064,NA,NA,NA,NA
S5_27683668,5,27683668,NA,NA,NA,NA
S3_133892312,3,133892312,NA,NA,NA,NA
S1_4358624,1,4358624,NA,NA,NA,NA
S2_15909191,2,15909191,NA,NA,NA,NA
S9_6794782,9,6794782,NA,NA,NA,NA
S9_6794789,9,6794789,NA,NA,NA,NA
S1_217252370,1,217252370,NA,NA,NA,NA
S10_74807759,10,74807759,NA,NA,NA,NA
S5_181213038,5,181213038,NA,NA,NA,NA
S5_11882479,5,11882479,NA,NA,NA,NA
S7_171629184,7,171629184,NA,NA,NA,NA
S2_154608188,2,154608188,NA,NA,NA,NA
S10_7917649,10,7917649,NA,NA,NA,NA
S7_137339983,7,137339983,NA,NA,NA,NA
S5_2251337,5,2251337,NA,NA,NA,NA
S1_9191955,1,9191955,NA,NA,NA,NA
S9_145849341,9,145849341,NA,NA,NA,NA
S5_143972864,5,143972864,NA,NA,NA,NA
S7_146118852,7,146118852,NA,NA,NA,NA
S1_107454949,1,107454949,NA,NA,NA,NA
S3_169045937,3,169045937,NA,NA,NA,NA
S8_164446857,8,164446857,NA,NA,NA,NA
S1_3029139,1,3029139,NA,NA,NA,NA
S1_15143038,1,15143038,NA,NA,NA,NA
S7_134141992,7,134141992,NA,NA,NA,NA
S5_3145164,5,3145164,NA,NA,NA,NA
S4_173598275,4,173598275,NA,NA,NA,NA
S8_27221054,8,27221054,NA,NA,NA,NA
S4_236184651,4,236184651,NA,NA,NA,NA
S1_183779952,1,183779952,NA,NA,NA,NA
S1_32228788,1,32228788,NA,NA,NA,NA
S1_32228830,1,32228830,NA,NA,NA,NA
S2_67542607,2,67542607,NA,NA,NA,NA
S2_67542624,2,67542624,NA,NA,NA,NA
S3_155735931,3,155735931,NA,NA,NA,NA
S10_1150676,10,1150676,NA,NA,NA,NA
S5_8175979,5,8175979,NA,NA,NA,NA
S10_14522437,10,14522437,NA,NA,NA,NA
S8_164907237,8,164907237,NA,NA,NA,NA
S3_204281364,3,204281364,NA,NA,NA,NA
S4_200032057,4,200032057,NA,NA,NA,NA
S9_142932257,9,142932257,NA,NA,NA,NA
S5_192134944,5,192134944,NA,NA,NA,NA
S5_27683658,5,27683658,NA,NA,NA,NA
S1_262512968,1,262512968,NA,NA,NA,NA
S7_174515234,7,174515234,NA,NA,NA,NA
S9_151819330,9,151819330,NA,NA,NA,NA
S2_27501249,2,27501249,NA,NA,NA,NA
S2_2271612,2,2271612,NA,NA,NA,NA
S7_153604396,7,153604396,NA,NA,NA,NA
S8_164937342,8,164937342,NA,NA,NA,NA
S3_13683935,3,13683935,NA,NA,NA,NA
S3_13683938,3,13683938,NA,NA,NA,NA
S2_198407292,2,198407292,NA,NA,NA,NA
S8_109378668,8,109378668,NA,NA,NA,NA
S10_19578397,10,19578397,NA,NA,NA,NA
S7_126805597,7,126805597,NA,NA,NA,NA
S2_203605244,2,203605244,NA,NA,NA,NA
S4_131765012,4,131765012,NA,NA,NA,NA
S2_164187699,2,164187699,NA,NA,NA,NA
S6_22911180,6,22911180,NA,NA,NA,NA
S9_147736061,9,147736061,NA,NA,NA,NA
S2_49160610,2,49160610,NA,NA,NA,NA
S9_153592054,9,153592054,NA,NA,NA,NA
S3_129298714,3,129298714,NA,NA,NA,NA
S1_87442594,1,87442594,NA,NA,NA,NA
S2_23544213,2,23544213,NA,NA,NA,NA
S2_102753366,2,102753366,NA,NA,NA,NA
S7_49733514,7,49733514,NA,NA,NA,NA
S3_2118672,3,2118672,NA,NA,NA,NA
S6_86625592,6,86625592,NA,NA,NA,NA
S3_229035806,3,229035806,NA,NA,NA,NA
S9_115957248,9,115957248,NA,NA,NA,NA
S5_5433692,5,5433692,NA,NA,NA,NA
S3_136909878,3,136909878,NA,NA,NA,NA
S3_136909901,3,136909901,NA,NA,NA,NA
S3_136909906,3,136909906,NA,NA,NA,NA
S2_222649333,2,222649333,NA,NA,NA,NA
S8_119747767,8,119747767,NA,NA,NA,NA
S2_27832961,2,27832961,NA,NA,NA,NA
S10_109485056,10,109485056,NA,NA,NA,NA
S1_208097436,1,208097436,NA,NA,NA,NA
S1_208097466,1,208097466,NA,NA,NA,NA
S2_150803066,2,150803066,NA,NA,NA,NA
S5_36283639,5,36283639,NA,NA,NA,NA
S2_101270833,2,101270833,NA,NA,NA,NA
S6_134304136,6,134304136,NA,NA,NA,NA
S2_212803577,2,212803577,NA,NA,NA,NA
S10_143169510,10,143169510,NA,NA,NA,NA
S2_19459606,2,19459606,NA,NA,NA,NA
S4_65745467,4,65745467,NA,NA,NA,NA
S9_151147419,9,151147419,NA,NA,NA,NA
S4_170810739,4,170810739,NA,NA,NA,NA
S3_93185590,3,93185590,NA,NA,NA,NA
S8_72654182,8,72654182,NA,NA,NA,NA
S5_188857940,5,188857940,NA,NA,NA,NA
S3_183313009,3,183313009,NA,NA,NA,NA
S8_18824247,8,18824247,NA,NA,NA,NA
S8_171974295,8,171974295,NA,NA,NA,NA
S8_163215113,8,163215113,NA,NA,NA,NA
S8_84946735,8,84946735,NA,NA,NA,NA
S1_25710814,1,25710814,NA,NA,NA,NA
S8_26629451,8,26629451,NA,NA,NA,NA
S6_22916520,6,22916520,NA,NA,NA,NA
S6_150687990,6,150687990,NA,NA,NA,NA
S1_264498237,1,264498237,NA,NA,NA,NA
S5_74653775,5,74653775,NA,NA,NA,NA
S6_115646597,6,115646597,NA,NA,NA,NA
S7_39637113,7,39637113,NA,NA,NA,NA
S7_170033812,7,170033812,NA,NA,NA,NA
S5_216538405,5,216538405,NA,NA,NA,NA
S4_158562031,4,158562031,NA,NA,NA,NA
S1_233814106,1,233814106,NA,NA,NA,NA
S1_274424174,1,274424174,NA,NA,NA,NA
S4_6438801,4,6438801,NA,NA,NA,NA
S5_199389319,5,199389319,NA,NA,NA,NA
S10_101893495,10,101893495,NA,NA,NA,NA
S3_215758489,3,215758489,NA,NA,NA,NA
S6_85588299,6,85588299,NA,NA,NA,NA
S3_9936116,3,9936116,NA,NA,NA,NA
S9_91476108,9,91476108,NA,NA,NA,NA
S1_235441603,1,235441603,NA,NA,NA,NA
S9_153038459,9,153038459,NA,NA,NA,NA
S10_144914224,10,144914224,NA,NA,NA,NA
S1_191586165,1,191586165,NA,NA,NA,NA
S6_112434597,6,112434597,NA,NA,NA,NA
S6_155402837,6,155402837,NA,NA,NA,NA
S2_85608677,2,85608677,NA,NA,NA,NA
S2_4306279,2,4306279,NA,NA,NA,NA
S2_64932211,2,64932211,NA,NA,NA,NA
S2_64932218,2,64932218,NA,NA,NA,NA
S7_144980938,7,144980938,NA,NA,NA,NA
S9_40773033,9,40773033,NA,NA,NA,NA
S2_192598964,2,192598964,NA,NA,NA,NA
S1_102245147,1,102245147,NA,NA,NA,NA
S1_295437019,1,295437019,NA,NA,NA,NA
S1_256514017,1,256514017,NA,NA,NA,NA
S1_279185947,1,279185947,NA,NA,NA,NA
S1_250906453,1,250906453,NA,NA,NA,NA
S5_58707035,5,58707035,NA,NA,NA,NA
S2_24813723,2,24813723,NA,NA,NA,NA
S2_24813755,2,24813755,NA,NA,NA,NA
S7_30969557,7,30969557,NA,NA,NA,NA
S1_280776886,1,280776886,NA,NA,NA,NA
S2_7220412,2,7220412,NA,NA,NA,NA
S3_41737159,3,41737159,NA,NA,NA,NA
S6_6270908,6,6270908,NA,NA,NA,NA
S4_163262914,4,163262914,NA,NA,NA,NA
S4_163262927,4,163262927,NA,NA,NA,NA
S3_165452851,3,165452851,NA,NA,NA,NA
S2_22998343,2,22998343,NA,NA,NA,NA
S9_2456618,9,2456618,NA,NA,NA,NA
S1_272041829,1,272041829,NA,NA,NA,NA
S8_25947043,8,25947043,NA,NA,NA,NA
S7_165856057,7,165856057,NA,NA,NA,NA
S4_197775190,4,197775190,NA,NA,NA,NA
S9_13662517,9,13662517,NA,NA,NA,NA
S4_157767758,4,157767758,NA,NA,NA,NA
S9_30980005,9,30980005,NA,NA,NA,NA
S5_4160425,5,4160425,NA,NA,NA,NA
S7_157468696,7,157468696,NA,NA,NA,NA
S5_50451633,5,50451633,NA,NA,NA,NA
S5_50451634,5,50451634,NA,NA,NA,NA
S9_154335707,9,154335707,NA,NA,NA,NA
S1_294494764,1,294494764,NA,NA,NA,NA
S10_99723340,10,99723340,NA,NA,NA,NA
S6_156407668,6,156407668,NA,NA,NA,NA
S8_157725541,8,157725541,NA,NA,NA,NA
S1_267956655,1,267956655,NA,NA,NA,NA
S3_146363360,3,146363360,NA,NA,NA,NA
S3_146363366,3,146363366,NA,NA,NA,NA
S4_237029997,4,237029997,NA,NA,NA,NA
S4_82237699,4,82237699,NA,NA,NA,NA
S7_145718106,7,145718106,NA,NA,NA,NA
S10_5875190,10,5875190,NA,NA,NA,NA
S3_220027969,3,220027969,NA,NA,NA,NA
S5_60134640,5,60134640,NA,NA,NA,NA
S2_6466928,2,6466928,NA,NA,NA,NA
S1_15068745,1,15068745,NA,NA,NA,NA
S3_135447910,3,135447910,NA,NA,NA,NA
S4_113105051,4,113105051,NA,NA,NA,NA
S6_109250449,6,109250449,NA,NA,NA,NA
S3_2061898,3,2061898,NA,NA,NA,NA
S4_178040283,4,178040283,NA,NA,NA,NA
S4_178040285,4,178040285,NA,NA,NA,NA
S5_210869404,5,210869404,NA,NA,NA,NA
S4_89433693,4,89433693,NA,NA,NA,NA
S7_172979959,7,172979959,NA,NA,NA,NA
S7_172979967,7,172979967,NA,NA,NA,NA
S1_182542905,1,182542905,NA,NA,NA,NA
S7_173817808,7,173817808,NA,NA,NA,NA
S7_173817812,7,173817812,NA,NA,NA,NA
S7_99892985,7,99892985,NA,NA,NA,NA
S10_10667383,10,10667383,NA,NA,NA,NA
S5_214337483,5,214337483,NA,NA,NA,NA
S1_10436225,1,10436225,NA,NA,NA,NA
S5_168667286,5,168667286,NA,NA,NA,NA
S9_145036106,9,145036106,NA,NA,NA,NA
S2_12299173,2,12299173,NA,NA,NA,NA
S7_103879944,7,103879944,NA,NA,NA,NA
S5_186796460,5,186796460,NA,NA,NA,NA
S6_132189792,6,132189792,NA,NA,NA,NA
S1_1763292,1,1763292,NA,NA,NA,NA
S1_141076934,1,141076934,NA,NA,NA,NA
S4_240226505,4,240226505,NA,NA,NA,NA
S5_211283556,5,211283556,NA,NA,NA,NA
S5_211283574,5,211283574,NA,NA,NA,NA
S2_222415794,2,222415794,NA,NA,NA,NA
S3_12422156,3,12422156,NA,NA,NA,NA
S3_136333890,3,136333890,NA,NA,NA,NA
S6_156444044,6,156444044,NA,NA,NA,NA
S5_77273369,5,77273369,NA,NA,NA,NA
S7_83459922,7,83459922,NA,NA,NA,NA
S2_47422746,2,47422746,NA,NA,NA,NA
S8_8350568,8,8350568,NA,NA,NA,NA
S9_16731844,9,16731844,NA,NA,NA,NA
S9_16731845,9,16731845,NA,NA,NA,NA
S5_178318936,5,178318936,NA,NA,NA,NA
S4_193764566,4,193764566,NA,NA,NA,NA
S3_19945718,3,19945718,NA,NA,NA,NA
S2_182256948,2,182256948,NA,NA,NA,NA
S10_146119207,10,146119207,NA,NA,NA,NA
S8_126379067,8,126379067,NA,NA,NA,NA
S7_156476374,7,156476374,NA,NA,NA,NA
S3_175965656,3,175965656,NA,NA,NA,NA
S2_207227092,2,207227092,NA,NA,NA,NA
S8_12933942,8,12933942,NA,NA,NA,NA
S3_132330277,3,132330277,NA,NA,NA,NA
S9_153223419,9,153223419,NA,NA,NA,NA
S9_137784058,9,137784058,NA,NA,NA,NA
S7_43706302,7,43706302,NA,NA,NA,NA
S8_111193031,8,111193031,NA,NA,NA,NA
S7_168082079,7,168082079,NA,NA,NA,NA
S4_216763528,4,216763528,NA,NA,NA,NA
S7_117541299,7,117541299,NA,NA,NA,NA
S5_148733204,5,148733204,NA,NA,NA,NA
S5_148733207,5,148733207,NA,NA,NA,NA
S5_148733217,5,148733217,NA,NA,NA,NA
S1_3703561,1,3703561,NA,NA,NA,NA
S2_8808660,2,8808660,NA,NA,NA,NA
S7_130887371,7,130887371,NA,NA,NA,NA
S7_6577770,7,6577770,NA,NA,NA,NA
S6_137031233,6,137031233,NA,NA,NA,NA
S1_25374605,1,25374605,NA,NA,NA,NA
S1_276818320,1,276818320,NA,NA,NA,NA
S2_49160585,2,49160585,NA,NA,NA,NA
S4_200874042,4,200874042,NA,NA,NA,NA
S2_196387282,2,196387282,NA,NA,NA,NA
S2_189190443,2,189190443,NA,NA,NA,NA
S5_56424596,5,56424596,NA,NA,NA,NA
S4_172687173,4,172687173,NA,NA,NA,NA
S1_36220941,1,36220941,NA,NA,NA,NA
S5_9622061,5,9622061,NA,NA,NA,NA
S6_156762388,6,156762388,NA,NA,NA,NA
S4_162565433,4,162565433,NA,NA,NA,NA
S4_205193349,4,205193349,NA,NA,NA,NA
S2_101270834,2,101270834,NA,NA,NA,NA
S8_116119078,8,116119078,NA,NA,NA,NA
S2_13648375,2,13648375,NA,NA,NA,NA
S2_13001876,2,13001876,NA,NA,NA,NA
S6_34570448,6,34570448,NA,NA,NA,NA
S8_155984563,8,155984563,NA,NA,NA,NA
S4_171919716,4,171919716,NA,NA,NA,NA
S2_189502261,2,189502261,NA,NA,NA,NA
S9_110495447,9,110495447,NA,NA,NA,NA
S8_26349938,8,26349938,NA,NA,NA,NA
S8_159954065,8,159954065,NA,NA,NA,NA
S4_130460021,4,130460021,NA,NA,NA,NA
S1_258875014,1,258875014,NA,NA,NA,NA
S4_35272840,4,35272840,NA,NA,NA,NA
S9_126936098,9,126936098,NA,NA,NA,NA
S1_45941735,1,45941735,NA,NA,NA,NA
S3_160087095,3,160087095,NA,NA,NA,NA
S1_31535892,1,31535892,NA,NA,NA,NA
S3_114792327,3,114792327,NA,NA,NA,NA
S1_182655089,1,182655089,NA,NA,NA,NA
S3_151047081,3,151047081,NA,NA,NA,NA
S10_629079,10,629079,NA,NA,NA,NA
S2_36077597,2,36077597,NA,NA,NA,NA
S2_32949658,2,32949658,NA,NA,NA,NA
S5_5924007,5,5924007,NA,NA,NA,NA
S6_26717497,6,26717497,NA,NA,NA,NA
S5_10857788,5,10857788,NA,NA,NA,NA
S2_12802369,2,12802369,NA,NA,NA,NA
S1_249580390,1,249580390,NA,NA,NA,NA
S6_160346873,6,160346873,NA,NA,NA,NA
S2_4344177,2,4344177,NA,NA,NA,NA
S5_211538223,5,211538223,NA,NA,NA,NA
S3_26078377,3,26078377,NA,NA,NA,NA
S8_153015622,8,153015622,NA,NA,NA,NA
S6_111022510,6,111022510,NA,NA,NA,NA
S5_100701761,5,100701761,NA,NA,NA,NA
S6_150886705,6,150886705,NA,NA,NA,NA
S9_20910403,9,20910403,NA,NA,NA,NA
S8_2511140,8,2511140,NA,NA,NA,NA
S3_129298818,3,129298818,NA,NA,NA,NA
S9_122124698,9,122124698,NA,NA,NA,NA
S9_122124705,9,122124705,NA,NA,NA,NA
S1_232742134,1,232742134,NA,NA,NA,NA
S10_89985417,10,89985417,NA,NA,NA,NA
S5_196142083,5,196142083,NA,NA,NA,NA
S5_23459825,5,23459825,NA,NA,NA,NA
S3_8881339,3,8881339,NA,NA,NA,NA
S10_71671890,10,71671890,NA,NA,NA,NA
S2_28126480,2,28126480,NA,NA,NA,NA
S1_26690896,1,26690896,NA,NA,NA,NA
S6_116772786,6,116772786,NA,NA,NA,NA
S10_142966026,10,142966026,NA,NA,NA,NA
S1_214154805,1,214154805,NA,NA,NA,NA
S1_164516435,1,164516435,NA,NA,NA,NA
S2_40409490,2,40409490,NA,NA,NA,NA
S2_215286795,2,215286795,NA,NA,NA,NA
S2_30130921,2,30130921,NA,NA,NA,NA
S5_7603838,5,7603838,NA,NA,NA,NA
S1_295455108,1,295455108,NA,NA,NA,NA
S8_162756335,8,162756335,NA,NA,NA,NA
S10_142397171,10,142397171,NA,NA,NA,NA
S10_144854284,10,144854284,NA,NA,NA,NA
S1_6199044,1,6199044,NA,NA,NA,NA
S1_6199054,1,6199054,NA,NA,NA,NA
S6_85608256,6,85608256,NA,NA,NA,NA
S6_163818725,6,163818725,NA,NA,NA,NA
S6_163818757,6,163818757,NA,NA,NA,NA
S8_23889259,8,23889259,NA,NA,NA,NA
S1_274498404,1,274498404,NA,NA,NA,NA
S10_123109212,10,123109212,NA,NA,NA,NA
S1_291258919,1,291258919,NA,NA,NA,NA
S3_212502390,3,212502390,NA,NA,NA,NA
S6_130840746,6,130840746,NA,NA,NA,NA
S4_21583426,4,21583426,NA,NA,NA,NA
S8_14613336,8,14613336,NA,NA,NA,NA
S6_148723459,6,148723459,NA,NA,NA,NA
S8_153015572,8,153015572,NA,NA,NA,NA
S10_2839573,10,2839573,NA,NA,NA,NA
S8_171327598,8,171327598,NA,NA,NA,NA
S6_110278560,6,110278560,NA,NA,NA,NA
S9_133150013,9,133150013,NA,NA,NA,NA
S1_17625428,1,17625428,NA,NA,NA,NA
S5_60775413,5,60775413,NA,NA,NA,NA
S3_89427671,3,89427671,NA,NA,NA,NA
S3_89427675,3,89427675,NA,NA,NA,NA
S3_89427704,3,89427704,NA,NA,NA,NA
S5_208988338,5,208988338,NA,NA,NA,NA
S6_151793561,6,151793561,NA,NA,NA,NA
S6_151793564,6,151793564,NA,NA,NA,NA
S6_151793578,6,151793578,NA,NA,NA,NA
S6_164803829,6,164803829,NA,NA,NA,NA
S3_208785934,3,208785934,NA,NA,NA,NA
S4_159994632,4,159994632,NA,NA,NA,NA
S8_164357105,8,164357105,NA,NA,NA,NA
S4_609771,4,609771,NA,NA,NA,NA
S4_235397447,4,235397447,NA,NA,NA,NA
S1_212522503,1,212522503,NA,NA,NA,NA
S2_163844495,2,163844495,NA,NA,NA,NA
S8_16851437,8,16851437,NA,NA,NA,NA
S8_157619714,8,157619714,NA,NA,NA,NA
S3_201947757,3,201947757,NA,NA,NA,NA
S7_29544038,7,29544038,NA,NA,NA,NA
S2_1958908,2,1958908,NA,NA,NA,NA
S5_54534525,5,54534525,NA,NA,NA,NA
S1_62675449,1,62675449,NA,NA,NA,NA
S5_11782847,5,11782847,NA,NA,NA,NA
S10_146653693,10,146653693,NA,NA,NA,NA
S9_148042690,9,148042690,NA,NA,NA,NA
S10_14676490,10,14676490,NA,NA,NA,NA
S6_142898528,6,142898528,NA,NA,NA,NA
S6_142898533,6,142898533,NA,NA,NA,NA
S6_142898538,6,142898538,NA,NA,NA,NA
S3_222623644,3,222623644,NA,NA,NA,NA
S3_222623649,3,222623649,NA,NA,NA,NA
S6_129841535,6,129841535,NA,NA,NA,NA
S2_118535743,2,118535743,NA,NA,NA,NA
S1_261218521,1,261218521,NA,NA,NA,NA
S3_217665446,3,217665446,NA,NA,NA,NA
S3_40530440,3,40530440,NA,NA,NA,NA
S6_155655648,6,155655648,NA,NA,NA,NA
S4_188156044,4,188156044,NA,NA,NA,NA
S5_67674312,5,67674312,NA,NA,NA,NA
S7_4959091,7,4959091,NA,NA,NA,NA
S7_170252477,7,170252477,NA,NA,NA,NA
S4_114022084,4,114022084,NA,NA,NA,NA
S3_5581196,3,5581196,NA,NA,NA,NA
S6_72008485,6,72008485,NA,NA,NA,NA
S6_151570452,6,151570452,NA,NA,NA,NA
S4_41890666,4,41890666,NA,NA,NA,NA
S1_39332712,1,39332712,NA,NA,NA,NA
S1_39332742,1,39332742,NA,NA,NA,NA
S5_209896796,5,209896796,NA,NA,NA,NA
S5_137853403,5,137853403,NA,NA,NA,NA
S5_143400287,5,143400287,NA,NA,NA,NA
S9_151480046,9,151480046,NA,NA,NA,NA
S1_36219679,1,36219679,NA,NA,NA,NA
S2_12101886,2,12101886,NA,NA,NA,NA
S6_148828380,6,148828380,NA,NA,NA,NA
S4_236394828,4,236394828,NA,NA,NA,NA
S9_120939794,9,120939794,NA,NA,NA,NA
S3_172199020,3,172199020,NA,NA,NA,NA
S9_96189324,9,96189324,NA,NA,NA,NA
S6_34123871,6,34123871,NA,NA,NA,NA
S3_11214731,3,11214731,NA,NA,NA,NA
S2_177240970,2,177240970,NA,NA,NA,NA
S3_207988802,3,207988802,NA,NA,NA,NA
S4_172110400,4,172110400,NA,NA,NA,NA
S3_133314476,3,133314476,NA,NA,NA,NA
S10_79987108,10,79987108,NA,NA,NA,NA
S4_208812091,4,208812091,NA,NA,NA,NA
S6_43908386,6,43908386,NA,NA,NA,NA
S7_135572348,7,135572348,NA,NA,NA,NA
S1_188055332,1,188055332,NA,NA,NA,NA
S1_188055333,1,188055333,NA,NA,NA,NA
S1_188055336,1,188055336,NA,NA,NA,NA
S7_2915558,7,2915558,NA,NA,NA,NA
S1_287720088,1,287720088,NA,NA,NA,NA
S6_21465769,6,21465769,NA,NA,NA,NA
S10_5589008,10,5589008,NA,NA,NA,NA
S9_97036391,9,97036391,NA,NA,NA,NA
S5_213106229,5,213106229,NA,NA,NA,NA
S1_16122861,1,16122861,NA,NA,NA,NA
S3_156052990,3,156052990,NA,NA,NA,NA
S8_75650054,8,75650054,NA,NA,NA,NA
S10_80482269,10,80482269,NA,NA,NA,NA
S3_3692858,3,3692858,NA,NA,NA,NA
S6_87409810,6,87409810,NA,NA,NA,NA
S10_138192880,10,138192880,NA,NA,NA,NA
S10_138192884,10,138192884,NA,NA,NA,NA
S3_126109262,3,126109262,NA,NA,NA,NA
S3_126109264,3,126109264,NA,NA,NA,NA
S10_80737722,10,80737722,NA,NA,NA,NA
S1_244749105,1,244749105,NA,NA,NA,NA
S1_266992064,1,266992064,NA,NA,NA,NA
S8_163215154,8,163215154,NA,NA,NA,NA
S7_120557889,7,120557889,NA,NA,NA,NA
S6_146563611,6,146563611,NA,NA,NA,NA
S7_175831840,7,175831840,NA,NA,NA,NA
S7_166959109,7,166959109,NA,NA,NA,NA
S9_152556814,9,152556814,NA,NA,NA,NA
S5_140936542,5,140936542,NA,NA,NA,NA
S5_49835502,5,49835502,NA,NA,NA,NA
S5_49835509,5,49835509,NA,NA,NA,NA
S6_158471330,6,158471330,NA,NA,NA,NA
S4_15583880,4,15583880,NA,NA,NA,NA
S3_215758453,3,215758453,NA,NA,NA,NA
S7_159232013,7,159232013,NA,NA,NA,NA
S3_188331226,3,188331226,NA,NA,NA,NA
S7_83459940,7,83459940,NA,NA,NA,NA
S2_9965143,2,9965143,NA,NA,NA,NA
S4_10181124,4,10181124,NA,NA,NA,NA
S8_100398696,8,100398696,NA,NA,NA,NA
S7_155304098,7,155304098,NA,NA,NA,NA
S3_180317159,3,180317159,NA,NA,NA,NA
S2_203263369,2,203263369,NA,NA,NA,NA
S1_96123458,1,96123458,NA,NA,NA,NA
S1_2691875,1,2691875,NA,NA,NA,NA
S2_1437975,2,1437975,NA,NA,NA,NA
S5_195419422,5,195419422,NA,NA,NA,NA
S7_104753814,7,104753814,NA,NA,NA,NA
S4_32534,4,32534,NA,NA,NA,NA
S9_88649569,9,88649569,NA,NA,NA,NA
S9_76536298,9,76536298,NA,NA,NA,NA
S3_154592809,3,154592809,NA,NA,NA,NA
S1_206325145,1,206325145,NA,NA,NA,NA
S5_21342320,5,21342320,NA,NA,NA,NA
S5_21342321,5,21342321,NA,NA,NA,NA
S1_200725472,1,200725472,NA,NA,NA,NA
S7_16098532,7,16098532,NA,NA,NA,NA
S2_122919091,2,122919091,NA,NA,NA,NA
S7_123681300,7,123681300,NA,NA,NA,NA
S3_208969899,3,208969899,NA,NA,NA,NA
S6_165945935,6,165945935,NA,NA,NA,NA
S2_67755337,2,67755337,NA,NA,NA,NA
S2_8996934,2,8996934,NA,NA,NA,NA
S8_130328762,8,130328762,NA,NA,NA,NA
S5_10498192,5,10498192,NA,NA,NA,NA
S8_40682203,8,40682203,NA,NA,NA,NA
S5_94257952,5,94257952,NA,NA,NA,NA
S4_38287648,4,38287648,NA,NA,NA,NA
S9_149454892,9,149454892,NA,NA,NA,NA
S5_93515076,5,93515076,NA,NA,NA,NA
S1_281633519,1,281633519,NA,NA,NA,NA
S2_36844766,2,36844766,NA,NA,NA,NA
S7_101902389,7,101902389,NA,NA,NA,NA
S8_26862234,8,26862234,NA,NA,NA,NA
S5_176610746,5,176610746,NA,NA,NA,NA
S5_206194735,5,206194735,NA,NA,NA,NA
S2_43119710,2,43119710,NA,NA,NA,NA
S6_6527815,6,6527815,NA,NA,NA,NA
S5_82234980,5,82234980,NA,NA,NA,NA
S2_37575563,2,37575563,NA,NA,NA,NA
S3_166431986,3,166431986,NA,NA,NA,NA
S5_189884464,5,189884464,NA,NA,NA,NA
S5_212203561,5,212203561,NA,NA,NA,NA
S3_136380337,3,136380337,NA,NA,NA,NA
S6_163179259,6,163179259,NA,NA,NA,NA
S5_169456691,5,169456691,NA,NA,NA,NA
S2_48131763,2,48131763,NA,NA,NA,NA
S9_30979516,9,30979516,NA,NA,NA,NA
S2_67542634,2,67542634,NA,NA,NA,NA
S5_189865687,5,189865687,NA,NA,NA,NA
S4_181890552,4,181890552,NA,NA,NA,NA
S9_143894804,9,143894804,NA,NA,NA,NA
S6_156385662,6,156385662,NA,NA,NA,NA
S8_137164004,8,137164004,NA,NA,NA,NA
S6_158007713,6,158007713,NA,NA,NA,NA
S2_15909202,2,15909202,NA,NA,NA,NA
S10_61953266,10,61953266,NA,NA,NA,NA
S3_170110281,3,170110281,NA,NA,NA,NA
S1_292528242,1,292528242,NA,NA,NA,NA
S7_163575325,7,163575325,NA,NA,NA,NA
S7_168218072,7,168218072,NA,NA,NA,NA
S7_155342302,7,155342302,NA,NA,NA,NA
S2_83190070,2,83190070,NA,NA,NA,NA
S3_3994840,3,3994840,NA,NA,NA,NA
S10_94588804,10,94588804,NA,NA,NA,NA
S10_94588819,10,94588819,NA,NA,NA,NA
S9_88648923,9,88648923,NA,NA,NA,NA
S8_168275520,8,168275520,NA,NA,NA,NA
S3_136380397,3,136380397,NA,NA,NA,NA
S4_56312454,4,56312454,NA,NA,NA,NA
S1_7077255,1,7077255,NA,NA,NA,NA
S8_69754447,8,69754447,NA,NA,NA,NA
S2_203522373,2,203522373,NA,NA,NA,NA
S2_31826828,2,31826828,NA,NA,NA,NA
S6_141470753,6,141470753,NA,NA,NA,NA
S8_38701792,8,38701792,NA,NA,NA,NA
S2_182254190,2,182254190,NA,NA,NA,NA
S3_11447750,3,11447750,NA,NA,NA,NA
S6_122664525,6,122664525,NA,NA,NA,NA
S5_13809503,5,13809503,NA,NA,NA,NA
S1_160818098,1,160818098,NA,NA,NA,NA
S10_133111728,10,133111728,NA,NA,NA,NA
S9_11250127,9,11250127,NA,NA,NA,NA
S1_155195161,1,155195161,NA,NA,NA,NA
S5_72601127,5,72601127,NA,NA,NA,NA
S9_116947993,9,116947993,NA,NA,NA,NA
S6_151135389,6,151135389,NA,NA,NA,NA
S10_16206586,10,16206586,NA,NA,NA,NA
S6_132161019,6,132161019,NA,NA,NA,NA
S8_143157061,8,143157061,NA,NA,NA,NA
S7_21279344,7,21279344,NA,NA,NA,NA
S3_211725355,3,211725355,NA,NA,NA,NA
S6_156929345,6,156929345,NA,NA,NA,NA
S2_48430442,2,48430442,NA,NA,NA,NA
S9_104885904,9,104885904,NA,NA,NA,NA
S5_178949897,5,178949897,NA,NA,NA,NA
S8_128541902,8,128541902,NA,NA,NA,NA
S3_114875183,3,114875183,NA,NA,NA,NA
S4_156069636,4,156069636,NA,NA,NA,NA
S7_134226283,7,134226283,NA,NA,NA,NA
S7_149718705,7,149718705,NA,NA,NA,NA
S1_88849610,1,88849610,NA,NA,NA,NA
S3_204363083,3,204363083,NA,NA,NA,NA
S2_51809433,2,51809433,NA,NA,NA,NA
S6_167034333,6,167034333,NA,NA,NA,NA
S7_174574335,7,174574335,NA,NA,NA,NA
S8_166561752,8,166561752,NA,NA,NA,NA
S1_231277843,1,231277843,NA,NA,NA,NA
S1_231277845,1,231277845,NA,NA,NA,NA
S1_231277846,1,231277846,NA,NA,NA,NA
S1_231277849,1,231277849,NA,NA,NA,NA
S1_202160398,1,202160398,NA,NA,NA,NA
S10_127259182,10,127259182,NA,NA,NA,NA
S2_232501587,2,232501587,NA,NA,NA,NA
S6_156218611,6,156218611,NA,NA,NA,NA
S9_78418285,9,78418285,NA,NA,NA,NA
S5_3768455,5,3768455,NA,NA,NA,NA
S3_176289245,3,176289245,NA,NA,NA,NA
S2_14715388,2,14715388,NA,NA,NA,NA
S7_9361749,7,9361749,NA,NA,NA,NA
S7_157473907,7,157473907,NA,NA,NA,NA
S8_170131268,8,170131268,NA,NA,NA,NA
S8_153015489,8,153015489,NA,NA,NA,NA
S7_174996275,7,174996275,NA,NA,NA,NA
S9_116681036,9,116681036,NA,NA,NA,NA
S9_11564904,9,11564904,NA,NA,NA,NA
S7_155590043,7,155590043,NA,NA,NA,NA
S9_7180681,9,7180681,NA,NA,NA,NA
S2_44719185,2,44719185,NA,NA,NA,NA
S3_130182739,3,130182739,NA,NA,NA,NA
S7_173251472,7,173251472,NA,NA,NA,NA
S3_9456569,3,9456569,NA,NA,NA,NA
S4_38724626,4,38724626,NA,NA,NA,NA
S4_182297409,4,182297409,NA,NA,NA,NA
S4_183597237,4,183597237,NA,NA,NA,NA
S5_211446200,5,211446200,NA,NA,NA,NA
S5_188609024,5,188609024,NA,NA,NA,NA
S3_184267141,3,184267141,NA,NA,NA,NA
S3_170423229,3,170423229,NA,NA,NA,NA
S8_153858509,8,153858509,NA,NA,NA,NA
S1_6851218,1,6851218,NA,NA,NA,NA
S2_1715843,2,1715843,NA,NA,NA,NA
S5_204207606,5,204207606,NA,NA,NA,NA
S5_215020931,5,215020931,NA,NA,NA,NA
S6_120913231,6,120913231,NA,NA,NA,NA
S1_174031172,1,174031172,NA,NA,NA,NA
S3_10433565,3,10433565,NA,NA,NA,NA
S9_37700279,9,37700279,NA,NA,NA,NA
S5_199739716,5,199739716,NA,NA,NA,NA
S8_12195406,8,12195406,NA,NA,NA,NA
S6_16526856,6,16526856,NA,NA,NA,NA
S4_4602533,4,4602533,NA,NA,NA,NA
S10_5917160,10,5917160,NA,NA,NA,NA
S10_31014426,10,31014426,NA,NA,NA,NA
S1_164373844,1,164373844,NA,NA,NA,NA
S6_30255172,6,30255172,NA,NA,NA,NA
S5_210058647,5,210058647,NA,NA,NA,NA
S2_231360244,2,231360244,NA,NA,NA,NA
S3_219739785,3,219739785,NA,NA,NA,NA
S1_33268155,1,33268155,NA,NA,NA,NA
S1_33268157,1,33268157,NA,NA,NA,NA
S4_235381719,4,235381719,NA,NA,NA,NA
S5_198789554,5,198789554,NA,NA,NA,NA
S1_58708762,1,58708762,NA,NA,NA,NA
S4_187875417,4,187875417,NA,NA,NA,NA
S3_60532123,3,60532123,NA,NA,NA,NA
S3_60532125,3,60532125,NA,NA,NA,NA
S3_166811333,3,166811333,NA,NA,NA,NA
S4_15688746,4,15688746,NA,NA,NA,NA
S2_9100820,2,9100820,NA,NA,NA,NA
S3_137520322,3,137520322,NA,NA,NA,NA
S3_217563564,3,217563564,NA,NA,NA,NA
S4_765347,4,765347,NA,NA,NA,NA
S5_3981883,5,3981883,NA,NA,NA,NA
S2_31924483,2,31924483,NA,NA,NA,NA
S9_23755694,9,23755694,NA,NA,NA,NA
S10_1499187,10,1499187,NA,NA,NA,NA
S3_229558531,3,229558531,NA,NA,NA,NA
S3_5989084,3,5989084,NA,NA,NA,NA
S6_135213411,6,135213411,NA,NA,NA,NA
S2_188535037,2,188535037,NA,NA,NA,NA
S3_189901696,3,189901696,NA,NA,NA,NA
S3_57146732,3,57146732,NA,NA,NA,NA
S3_219577991,3,219577991,NA,NA,NA,NA
S7_129965438,7,129965438,NA,NA,NA,NA
S8_149801733,8,149801733,NA,NA,NA,NA
S8_149801739,8,149801739,NA,NA,NA,NA
S4_46054870,4,46054870,NA,NA,NA,NA
S2_207150990,2,207150990,NA,NA,NA,NA
S1_38617624,1,38617624,NA,NA,NA,NA
S6_150800751,6,150800751,NA,NA,NA,NA
S10_83692788,10,83692788,NA,NA,NA,NA
S10_83692790,10,83692790,NA,NA,NA,NA
S1_238818340,1,238818340,NA,NA,NA,NA
S9_147289574,9,147289574,NA,NA,NA,NA
S7_8901984,7,8901984,NA,NA,NA,NA
S2_180661354,2,180661354,NA,NA,NA,NA
S1_294100294,1,294100294,NA,NA,NA,NA
S3_178218077,3,178218077,NA,NA,NA,NA
S8_107791296,8,107791296,NA,NA,NA,NA
S6_117452607,6,117452607,NA,NA,NA,NA
S3_45047466,3,45047466,NA,NA,NA,NA
S1_276702283,1,276702283,NA,NA,NA,NA
S4_689413,4,689413,NA,NA,NA,NA
S6_31421644,6,31421644,NA,NA,NA,NA
S1_239829467,1,239829467,NA,NA,NA,NA
S5_208098756,5,208098756,NA,NA,NA,NA
S1_148515231,1,148515231,NA,NA,NA,NA
S9_136829975,9,136829975,NA,NA,NA,NA
S4_35552105,4,35552105,NA,NA,NA,NA
S3_201013990,3,201013990,NA,NA,NA,NA
S9_140949777,9,140949777,NA,NA,NA,NA
S6_149087183,6,149087183,NA,NA,NA,NA
S8_399925,8,399925,NA,NA,NA,NA
S7_42226584,7,42226584,NA,NA,NA,NA
S3_46511518,3,46511518,NA,NA,NA,NA
S1_236779996,1,236779996,NA,NA,NA,NA
S3_196091137,3,196091137,NA,NA,NA,NA
S6_109285500,6,109285500,NA,NA,NA,NA
S6_162739883,6,162739883,NA,NA,NA,NA
S10_2035068,10,2035068,NA,NA,NA,NA
S3_124185176,3,124185176,NA,NA,NA,NA
S2_21904836,2,21904836,NA,NA,NA,NA
S2_21904837,2,21904837,NA,NA,NA,NA
S1_253108830,1,253108830,NA,NA,NA,NA
S5_214504691,5,214504691,NA,NA,NA,NA
S5_213293385,5,213293385,NA,NA,NA,NA
S1_262513988,1,262513988,NA,NA,NA,NA
S7_101842532,7,101842532,NA,NA,NA,NA
S9_100923973,9,100923973,NA,NA,NA,NA
S2_2676137,2,2676137,NA,NA,NA,NA
S3_209602477,3,209602477,NA,NA,NA,NA
S2_52948822,2,52948822,NA,NA,NA,NA
S7_131445910,7,131445910,NA,NA,NA,NA
S7_173252242,7,173252242,NA,NA,NA,NA
S6_63537229,6,63537229,NA,NA,NA,NA
S7_167988304,7,167988304,NA,NA,NA,NA
S1_214781466,1,214781466,NA,NA,NA,NA
S6_156533099,6,156533099,NA,NA,NA,NA
S5_212619257,5,212619257,NA,NA,NA,NA
S1_182162777,1,182162777,NA,NA,NA,NA
S1_44959744,1,44959744,NA,NA,NA,NA
S4_4601397,4,4601397,NA,NA,NA,NA
S7_5069302,7,5069302,NA,NA,NA,NA
S4_196808595,4,196808595,NA,NA,NA,NA
S8_162965133,8,162965133,NA,NA,NA,NA
S3_184237170,3,184237170,NA,NA,NA,NA
S5_46265175,5,46265175,NA,NA,NA,NA
S1_33124576,1,33124576,NA,NA,NA,NA
S7_139724303,7,139724303,NA,NA,NA,NA
S1_60835167,1,60835167,NA,NA,NA,NA
S10_80576135,10,80576135,NA,NA,NA,NA
S2_204080270,2,204080270,NA,NA,NA,NA
S2_147619297,2,147619297,NA,NA,NA,NA
S9_146761123,9,146761123,NA,NA,NA,NA
S5_214126955,5,214126955,NA,NA,NA,NA
S7_132922862,7,132922862,NA,NA,NA,NA
S6_150804438,6,150804438,NA,NA,NA,NA
S3_166598084,3,166598084,NA,NA,NA,NA
S5_163418528,5,163418528,NA,NA,NA,NA
S2_141423267,2,141423267,NA,NA,NA,NA
S2_208977355,2,208977355,NA,NA,NA,NA
S2_9965203,2,9965203,NA,NA,NA,NA
S2_185171167,2,185171167,NA,NA,NA,NA
S2_185171169,2,185171169,NA,NA,NA,NA
S3_145176100,3,145176100,NA,NA,NA,NA
S1_123753345,1,123753345,NA,NA,NA,NA
S10_121751057,10,121751057,NA,NA,NA,NA
S5_196935229,5,196935229,NA,NA,NA,NA
S7_173807402,7,173807402,NA,NA,NA,NA
S3_29012551,3,29012551,NA,NA,NA,NA
S5_193849751,5,193849751,NA,NA,NA,NA
S5_193849754,5,193849754,NA,NA,NA,NA
S5_111307176,5,111307176,NA,NA,NA,NA
S1_39747927,1,39747927,NA,NA,NA,NA
S7_170496561,7,170496561,NA,NA,NA,NA
S4_60024689,4,60024689,NA,NA,NA,NA
S1_105326422,1,105326422,NA,NA,NA,NA
S1_62489694,1,62489694,NA,NA,NA,NA
S5_11405500,5,11405500,NA,NA,NA,NA
S1_7358593,1,7358593,NA,NA,NA,NA
S9_62750467,9,62750467,NA,NA,NA,NA
S9_62750476,9,62750476,NA,NA,NA,NA
S8_142226274,8,142226274,NA,NA,NA,NA
S8_152322774,8,152322774,NA,NA,NA,NA
S6_107360145,6,107360145,NA,NA,NA,NA
S5_20834468,5,20834468,NA,NA,NA,NA
S9_130489318,9,130489318,NA,NA,NA,NA
S5_9472791,5,9472791,NA,NA,NA,NA
S8_152716509,8,152716509,NA,NA,NA,NA
S1_165136111,1,165136111,NA,NA,NA,NA
S5_181588555,5,181588555,NA,NA,NA,NA
S8_152589953,8,152589953,NA,NA,NA,NA
S1_287981955,1,287981955,NA,NA,NA,NA
S4_204276093,4,204276093,NA,NA,NA,NA
S7_21124155,7,21124155,NA,NA,NA,NA
S3_12422188,3,12422188,NA,NA,NA,NA
S7_78812755,7,78812755,NA,NA,NA,NA
S10_114852934,10,114852934,NA,NA,NA,NA
S6_103141159,6,103141159,NA,NA,NA,NA
S9_73472792,9,73472792,NA,NA,NA,NA
S10_132538995,10,132538995,NA,NA,NA,NA
S5_206019279,5,206019279,NA,NA,NA,NA
S4_215038861,4,215038861,NA,NA,NA,NA
S2_18133200,2,18133200,NA,NA,NA,NA
S7_167635022,7,167635022,NA,NA,NA,NA
S9_152531815,9,152531815,NA,NA,NA,NA
S4_74269202,4,74269202,NA,NA,NA,NA
S5_74451569,5,74451569,NA,NA,NA,NA
S9_79119932,9,79119932,NA,NA,NA,NA
S9_79119944,9,79119944,NA,NA,NA,NA
S9_79119981,9,79119981,NA,NA,NA,NA
S2_211157264,2,211157264,NA,NA,NA,NA
S10_61493223,10,61493223,NA,NA,NA,NA
S6_31567272,6,31567272,NA,NA,NA,NA
S9_153844399,9,153844399,NA,NA,NA,NA
S9_154576594,9,154576594,NA,NA,NA,NA
S8_34390437,8,34390437,NA,NA,NA,NA
S2_187816872,2,187816872,NA,NA,NA,NA
S4_12939756,4,12939756,NA,NA,NA,NA
S2_234015268,2,234015268,NA,NA,NA,NA
S9_134769995,9,134769995,NA,NA,NA,NA
S6_44008422,6,44008422,NA,NA,NA,NA
S6_34602893,6,34602893,NA,NA,NA,NA
S6_34602899,6,34602899,NA,NA,NA,NA
S1_290590838,1,290590838,NA,NA,NA,NA
S10_84072087,10,84072087,NA,NA,NA,NA
S8_96344,8,96344,NA,NA,NA,NA
S8_96346,8,96346,NA,NA,NA,NA
S7_4110835,7,4110835,NA,NA,NA,NA
S6_156929338,6,156929338,NA,NA,NA,NA
S6_164871111,6,164871111,NA,NA,NA,NA
S7_131112302,7,131112302,NA,NA,NA,NA
S6_82615925,6,82615925,NA,NA,NA,NA
S7_6577769,7,6577769,NA,NA,NA,NA
S3_1610903,3,1610903,NA,NA,NA,NA
S5_13807499,5,13807499,NA,NA,NA,NA
S7_142907806,7,142907806,NA,NA,NA,NA
S2_3180228,2,3180228,NA,NA,NA,NA
S7_118508558,7,118508558,NA,NA,NA,NA
S8_170709552,8,170709552,NA,NA,NA,NA
S8_170709557,8,170709557,NA,NA,NA,NA
S10_94002288,10,94002288,NA,NA,NA,NA
S5_200938666,5,200938666,NA,NA,NA,NA
S3_32241140,3,32241140,NA,NA,NA,NA
S3_42865683,3,42865683,NA,NA,NA,NA
S5_29707410,5,29707410,NA,NA,NA,NA
S9_2213924,9,2213924,NA,NA,NA,NA
S9_135309972,9,135309972,NA,NA,NA,NA
S1_260144097,1,260144097,NA,NA,NA,NA
S7_159236113,7,159236113,NA,NA,NA,NA
S7_4958302,7,4958302,NA,NA,NA,NA
S10_141506121,10,141506121,NA,NA,NA,NA
S10_141506124,10,141506124,NA,NA,NA,NA
S2_216613683,2,216613683,NA,NA,NA,NA
S8_175220781,8,175220781,NA,NA,NA,NA
S6_144414239,6,144414239,NA,NA,NA,NA
S9_89705406,9,89705406,NA,NA,NA,NA
S2_166122461,2,166122461,NA,NA,NA,NA
S4_171674785,4,171674785,NA,NA,NA,NA
S8_8290329,8,8290329,NA,NA,NA,NA
S7_140104975,7,140104975,NA,NA,NA,NA
S3_145178393,3,145178393,NA,NA,NA,NA
S1_36154257,1,36154257,NA,NA,NA,NA
S1_281633775,1,281633775,NA,NA,NA,NA
S4_1473016,4,1473016,NA,NA,NA,NA
S5_146259316,5,146259316,NA,NA,NA,NA
S1_180400142,1,180400142,NA,NA,NA,NA
S3_162435985,3,162435985,NA,NA,NA,NA
S8_40686159,8,40686159,NA,NA,NA,NA
S1_35936683,1,35936683,NA,NA,NA,NA
S10_51007457,10,51007457,NA,NA,NA,NA
S1_195185917,1,195185917,NA,NA,NA,NA
S6_111019322,6,111019322,NA,NA,NA,NA
S9_132043251,9,132043251,NA,NA,NA,NA
S4_37101046,4,37101046,NA,NA,NA,NA
S10_55989558,10,55989558,NA,NA,NA,NA
S10_148229061,10,148229061,NA,NA,NA,NA
S1_269304383,1,269304383,NA,NA,NA,NA
S7_165946422,7,165946422,NA,NA,NA,NA
S4_63536678,4,63536678,NA,NA,NA,NA
S4_140347529,4,140347529,NA,NA,NA,NA
S8_91422843,8,91422843,NA,NA,NA,NA
S8_91422846,8,91422846,NA,NA,NA,NA
S9_23759246,9,23759246,NA,NA,NA,NA
S2_139517616,2,139517616,NA,NA,NA,NA
S1_90327183,1,90327183,NA,NA,NA,NA
S4_239704653,4,239704653,NA,NA,NA,NA
S2_183296504,2,183296504,NA,NA,NA,NA
S2_183296518,2,183296518,NA,NA,NA,NA
S6_108064929,6,108064929,NA,NA,NA,NA
S10_10196798,10,10196798,NA,NA,NA,NA
S9_114969092,9,114969092,NA,NA,NA,NA
S9_114969094,9,114969094,NA,NA,NA,NA
S2_214671578,2,214671578,NA,NA,NA,NA
S6_155627857,6,155627857,NA,NA,NA,NA
S8_143309520,8,143309520,NA,NA,NA,NA
S3_21998691,3,21998691,NA,NA,NA,NA
S6_37903478,6,37903478,NA,NA,NA,NA
S1_29082703,1,29082703,NA,NA,NA,NA
S4_146287747,4,146287747,NA,NA,NA,NA
S10_124301444,10,124301444,NA,NA,NA,NA
S2_79284263,2,79284263,NA,NA,NA,NA
S9_115957276,9,115957276,NA,NA,NA,NA
S6_118141281,6,118141281,NA,NA,NA,NA
S8_159988973,8,159988973,NA,NA,NA,NA
S1_44161823,1,44161823,NA,NA,NA,NA
S3_147292520,3,147292520,NA,NA,NA,NA
S7_163964646,7,163964646,NA,NA,NA,NA
S7_21800956,7,21800956,NA,NA,NA,NA
S2_155918441,2,155918441,NA,NA,NA,NA
S5_187661037,5,187661037,NA,NA,NA,NA
S9_153419371,9,153419371,NA,NA,NA,NA
S6_165635560,6,165635560,NA,NA,NA,NA
S1_54617061,1,54617061,NA,NA,NA,NA
S1_253135468,1,253135468,NA,NA,NA,NA
S6_111249509,6,111249509,NA,NA,NA,NA
S10_94002792,10,94002792,NA,NA,NA,NA
S3_219197319,3,219197319,NA,NA,NA,NA
S1_187342813,1,187342813,NA,NA,NA,NA
S8_149077515,8,149077515,NA,NA,NA,NA
S3_15896086,3,15896086,NA,NA,NA,NA
S8_119747800,8,119747800,NA,NA,NA,NA
S3_211719007,3,211719007,NA,NA,NA,NA
S3_211719025,3,211719025,NA,NA,NA,NA
S6_103708694,6,103708694,NA,NA,NA,NA
S2_200456510,2,200456510,NA,NA,NA,NA
S6_151793555,6,151793555,NA,NA,NA,NA
S4_187465382,4,187465382,NA,NA,NA,NA
S1_237958155,1,237958155,NA,NA,NA,NA
S1_237958168,1,237958168,NA,NA,NA,NA
S2_235929837,2,235929837,NA,NA,NA,NA
S2_235929838,2,235929838,NA,NA,NA,NA
S5_204902959,5,204902959,NA,NA,NA,NA
S6_161722510,6,161722510,NA,NA,NA,NA
S8_161526668,8,161526668,NA,NA,NA,NA
S8_161526694,8,161526694,NA,NA,NA,NA
S6_166736376,6,166736376,NA,NA,NA,NA
S6_166736377,6,166736377,NA,NA,NA,NA
S4_10032048,4,10032048,NA,NA,NA,NA
S4_240613762,4,240613762,NA,NA,NA,NA
S4_240613766,4,240613766,NA,NA,NA,NA
S4_240613768,4,240613768,NA,NA,NA,NA
S4_240613771,4,240613771,NA,NA,NA,NA
S9_21677289,9,21677289,NA,NA,NA,NA
S9_139698182,9,139698182,NA,NA,NA,NA
S3_11442070,3,11442070,NA,NA,NA,NA
S3_11442073,3,11442073,NA,NA,NA,NA
S3_11442106,3,11442106,NA,NA,NA,NA
S9_91249706,9,91249706,NA,NA,NA,NA
S9_7615114,9,7615114,NA,NA,NA,NA
S9_59158465,9,59158465,NA,NA,NA,NA
S5_56361141,5,56361141,NA,NA,NA,NA
S5_198790696,5,198790696,NA,NA,NA,NA
S3_200701054,3,200701054,NA,NA,NA,NA
S6_36361823,6,36361823,NA,NA,NA,NA
S10_145105078,10,145105078,NA,NA,NA,NA
S1_75692633,1,75692633,NA,NA,NA,NA
S2_41733910,2,41733910,NA,NA,NA,NA
S1_119412945,1,119412945,NA,NA,NA,NA
S6_160622705,6,160622705,NA,NA,NA,NA
S4_173800767,4,173800767,NA,NA,NA,NA
S3_6435962,3,6435962,NA,NA,NA,NA
S7_176404752,7,176404752,NA,NA,NA,NA
S7_162959580,7,162959580,NA,NA,NA,NA
S1_32228736,1,32228736,NA,NA,NA,NA
S1_280579378,1,280579378,NA,NA,NA,NA
S10_99374261,10,99374261,NA,NA,NA,NA
S1_8972449,1,8972449,NA,NA,NA,NA
S5_7443266,5,7443266,NA,NA,NA,NA
S3_8123863,3,8123863,NA,NA,NA,NA
S5_4153982,5,4153982,NA,NA,NA,NA
S1_230366795,1,230366795,NA,NA,NA,NA
S3_197508026,3,197508026,NA,NA,NA,NA
S6_154887901,6,154887901,NA,NA,NA,NA
S10_75814843,10,75814843,NA,NA,NA,NA
S3_59613992,3,59613992,NA,NA,NA,NA
S9_151823313,9,151823313,NA,NA,NA,NA
S10_132557064,10,132557064,NA,NA,NA,NA
S1_29399963,1,29399963,NA,NA,NA,NA
S2_19283895,2,19283895,NA,NA,NA,NA
S2_17610350,2,17610350,NA,NA,NA,NA
S1_279156218,1,279156218,NA,NA,NA,NA
S10_101893498,10,101893498,NA,NA,NA,NA
S5_10279041,5,10279041,NA,NA,NA,NA
S5_10279057,5,10279057,NA,NA,NA,NA
S3_148974338,3,148974338,NA,NA,NA,NA
S8_15271453,8,15271453,NA,NA,NA,NA
S2_10512068,2,10512068,NA,NA,NA,NA
S1_95486622,1,95486622,NA,NA,NA,NA
S10_123816877,10,123816877,NA,NA,NA,NA
S6_105752004,6,105752004,NA,NA,NA,NA
S3_32510731,3,32510731,NA,NA,NA,NA
S5_214521170,5,214521170,NA,NA,NA,NA
S3_15913711,3,15913711,NA,NA,NA,NA
S2_41483135,2,41483135,NA,NA,NA,NA
S3_194824029,3,194824029,NA,NA,NA,NA
S5_215845523,5,215845523,NA,NA,NA,NA
S8_171564599,8,171564599,NA,NA,NA,NA
S1_230886997,1,230886997,NA,NA,NA,NA
S9_123423347,9,123423347,NA,NA,NA,NA
S1_273233027,1,273233027,NA,NA,NA,NA
S4_2647301,4,2647301,NA,NA,NA,NA
S1_283604352,1,283604352,NA,NA,NA,NA
S9_21820615,9,21820615,NA,NA,NA,NA
S1_295762684,1,295762684,NA,NA,NA,NA
S8_72182524,8,72182524,NA,NA,NA,NA
S4_236860156,4,236860156,NA,NA,NA,NA
S4_195545334,4,195545334,NA,NA,NA,NA
S9_86864186,9,86864186,NA,NA,NA,NA
S3_115111431,3,115111431,NA,NA,NA,NA
S4_235601592,4,235601592,NA,NA,NA,NA
S8_116850198,8,116850198,NA,NA,NA,NA
S10_84239929,10,84239929,NA,NA,NA,NA
S1_174639574,1,174639574,NA,NA,NA,NA
S5_19124943,5,19124943,NA,NA,NA,NA
S3_108415264,3,108415264,NA,NA,NA,NA
S2_207359171,2,207359171,NA,NA,NA,NA
S8_401058,8,401058,NA,NA,NA,NA
S2_11823774,2,11823774,NA,NA,NA,NA
S9_149444518,9,149444518,NA,NA,NA,NA
S1_165136160,1,165136160,NA,NA,NA,NA
S10_71472683,10,71472683,NA,NA,NA,NA
S3_136165573,3,136165573,NA,NA,NA,NA
S1_215340665,1,215340665,NA,NA,NA,NA
S1_215340680,1,215340680,NA,NA,NA,NA
S9_59158481,9,59158481,NA,NA,NA,NA
S5_83745296,5,83745296,NA,NA,NA,NA
S2_79769986,2,79769986,NA,NA,NA,NA
S8_151257050,8,151257050,NA,NA,NA,NA
S1_251113528,1,251113528,NA,NA,NA,NA
S3_193604683,3,193604683,NA,NA,NA,NA
S9_135273064,9,135273064,NA,NA,NA,NA
S8_17663094,8,17663094,NA,NA,NA,NA
S1_187977669,1,187977669,NA,NA,NA,NA
S3_157569999,3,157569999,NA,NA,NA,NA
S6_156035860,6,156035860,NA,NA,NA,NA
S6_156035862,6,156035862,NA,NA,NA,NA
S6_156035864,6,156035864,NA,NA,NA,NA
S6_156035866,6,156035866,NA,NA,NA,NA
S4_5197054,4,5197054,NA,NA,NA,NA
S1_253151544,1,253151544,NA,NA,NA,NA
S1_191893687,1,191893687,NA,NA,NA,NA
S1_191893712,1,191893712,NA,NA,NA,NA
S1_191893727,1,191893727,NA,NA,NA,NA
S1_191893731,1,191893731,NA,NA,NA,NA
S1_91191770,1,91191770,NA,NA,NA,NA
S10_90244683,10,90244683,NA,NA,NA,NA
S1_154315179,1,154315179,NA,NA,NA,NA
S1_199742008,1,199742008,NA,NA,NA,NA
S7_171537766,7,171537766,NA,NA,NA,NA
S3_3116568,3,3116568,NA,NA,NA,NA
S9_144527961,9,144527961,NA,NA,NA,NA
S10_4591488,10,4591488,NA,NA,NA,NA
S1_150866546,1,150866546,NA,NA,NA,NA
S10_2255921,10,2255921,NA,NA,NA,NA
S9_152649765,9,152649765,NA,NA,NA,NA
S1_8972453,1,8972453,NA,NA,NA,NA
S10_131744545,10,131744545,NA,NA,NA,NA
S5_215065383,5,215065383,NA,NA,NA,NA
S9_10942259,9,10942259,NA,NA,NA,NA
S3_166670352,3,166670352,NA,NA,NA,NA
S3_166670380,3,166670380,NA,NA,NA,NA
S7_141142129,7,141142129,NA,NA,NA,NA
S7_141142144,7,141142144,NA,NA,NA,NA
S1_20056199,1,20056199,NA,NA,NA,NA
S1_20056220,1,20056220,NA,NA,NA,NA
S1_20056228,1,20056228,NA,NA,NA,NA
S1_20056240,1,20056240,NA,NA,NA,NA
S6_53881622,6,53881622,NA,NA,NA,NA
S2_193506093,2,193506093,NA,NA,NA,NA
S1_3409331,1,3409331,NA,NA,NA,NA
S3_154661254,3,154661254,NA,NA,NA,NA
S7_174983184,7,174983184,NA,NA,NA,NA
S6_137265611,6,137265611,NA,NA,NA,NA
S6_137265619,6,137265619,NA,NA,NA,NA
S1_43055415,1,43055415,NA,NA,NA,NA
S4_157481424,4,157481424,NA,NA,NA,NA
S5_54612195,5,54612195,NA,NA,NA,NA
S10_2988861,10,2988861,NA,NA,NA,NA
S3_212692462,3,212692462,NA,NA,NA,NA
S6_150800727,6,150800727,NA,NA,NA,NA
S7_163597821,7,163597821,NA,NA,NA,NA
S2_230292278,2,230292278,NA,NA,NA,NA
S4_173932190,4,173932190,NA,NA,NA,NA
S10_143390533,10,143390533,NA,NA,NA,NA
S2_41028479,2,41028479,NA,NA,NA,NA
S9_1447827,9,1447827,NA,NA,NA,NA
S1_13991719,1,13991719,NA,NA,NA,NA
S5_33824335,5,33824335,NA,NA,NA,NA
S4_239141141,4,239141141,NA,NA,NA,NA
S1_148230543,1,148230543,NA,NA,NA,NA
S7_83143728,7,83143728,NA,NA,NA,NA
S1_258651627,1,258651627,NA,NA,NA,NA
S6_166674039,6,166674039,NA,NA,NA,NA
S7_153822264,7,153822264,NA,NA,NA,NA
S10_140737775,10,140737775,NA,NA,NA,NA
S1_296563114,1,296563114,NA,NA,NA,NA
S1_175296355,1,175296355,NA,NA,NA,NA
S1_192407739,1,192407739,NA,NA,NA,NA
S1_195779535,1,195779535,NA,NA,NA,NA
S5_21702471,5,21702471,NA,NA,NA,NA
S5_135287553,5,135287553,NA,NA,NA,NA
S2_236797598,2,236797598,NA,NA,NA,NA
S8_39469882,8,39469882,NA,NA,NA,NA
S5_204207582,5,204207582,NA,NA,NA,NA
S1_288696735,1,288696735,NA,NA,NA,NA
S7_174569718,7,174569718,NA,NA,NA,NA
S1_283604318,1,283604318,NA,NA,NA,NA
S6_164557871,6,164557871,NA,NA,NA,NA
S3_19945710,3,19945710,NA,NA,NA,NA
S6_159612247,6,159612247,NA,NA,NA,NA
S8_165340843,8,165340843,NA,NA,NA,NA
S1_286849902,1,286849902,NA,NA,NA,NA
S2_57644906,2,57644906,NA,NA,NA,NA
S6_128319590,6,128319590,NA,NA,NA,NA
S10_38474963,10,38474963,NA,NA,NA,NA
S1_286849905,1,286849905,NA,NA,NA,NA
S5_133338510,5,133338510,NA,NA,NA,NA
S3_191053596,3,191053596,NA,NA,NA,NA
S3_191053608,3,191053608,NA,NA,NA,NA
S1_280776873,1,280776873,NA,NA,NA,NA
S2_67755545,2,67755545,NA,NA,NA,NA
S1_205412365,1,205412365,NA,NA,NA,NA
S2_141162595,2,141162595,NA,NA,NA,NA
S7_170417448,7,170417448,NA,NA,NA,NA
S7_170417478,7,170417478,NA,NA,NA,NA
S7_170417479,7,170417479,NA,NA,NA,NA
S7_170417481,7,170417481,NA,NA,NA,NA
S7_170417483,7,170417483,NA,NA,NA,NA
S7_170417487,7,170417487,NA,NA,NA,NA
S8_143157045,8,143157045,NA,NA,NA,NA
S8_143157046,8,143157046,NA,NA,NA,NA
S2_9414219,2,9414219,NA,NA,NA,NA
S9_129267611,9,129267611,NA,NA,NA,NA
S2_199175440,2,199175440,NA,NA,NA,NA
S8_2428299,8,2428299,NA,NA,NA,NA
S2_182188401,2,182188401,NA,NA,NA,NA
S7_171181992,7,171181992,NA,NA,NA,NA
S4_173800765,4,173800765,NA,NA,NA,NA
S2_26499793,2,26499793,NA,NA,NA,NA
S9_120939788,9,120939788,NA,NA,NA,NA
S1_166805378,1,166805378,NA,NA,NA,NA
S5_189889931,5,189889931,NA,NA,NA,NA
S1_36915562,1,36915562,NA,NA,NA,NA
S7_922298,7,922298,NA,NA,NA,NA
S8_164741106,8,164741106,NA,NA,NA,NA
S9_136146421,9,136146421,NA,NA,NA,NA
S3_173590239,3,173590239,NA,NA,NA,NA
S4_181871681,4,181871681,NA,NA,NA,NA
S5_8456664,5,8456664,NA,NA,NA,NA
S5_8456665,5,8456665,NA,NA,NA,NA
S6_62445039,6,62445039,NA,NA,NA,NA
S3_221953604,3,221953604,NA,NA,NA,NA
S1_188747424,1,188747424,NA,NA,NA,NA
S6_152316884,6,152316884,NA,NA,NA,NA
S2_187368264,2,187368264,NA,NA,NA,NA
S2_1563603,2,1563603,NA,NA,NA,NA
S8_2079427,8,2079427,NA,NA,NA,NA
S9_147494947,9,147494947,NA,NA,NA,NA
S9_130495085,9,130495085,NA,NA,NA,NA
S9_130495087,9,130495087,NA,NA,NA,NA
S6_112280689,6,112280689,NA,NA,NA,NA
S4_36217096,4,36217096,NA,NA,NA,NA
S1_40726720,1,40726720,NA,NA,NA,NA
S5_200879239,5,200879239,NA,NA,NA,NA
S4_236948945,4,236948945,NA,NA,NA,NA
S8_135051539,8,135051539,NA,NA,NA,NA
S1_68241282,1,68241282,NA,NA,NA,NA
S4_230348680,4,230348680,NA,NA,NA,NA
S2_143181323,2,143181323,NA,NA,NA,NA
S7_145596886,7,145596886,NA,NA,NA,NA
S4_60024634,4,60024634,NA,NA,NA,NA
S9_55508331,9,55508331,NA,NA,NA,NA
S3_209024697,3,209024697,NA,NA,NA,NA
S1_144967559,1,144967559,NA,NA,NA,NA
S1_191199604,1,191199604,NA,NA,NA,NA
S10_74888588,10,74888588,NA,NA,NA,NA
S7_156501462,7,156501462,NA,NA,NA,NA
S7_137521205,7,137521205,NA,NA,NA,NA
S3_191841394,3,191841394,NA,NA,NA,NA
S7_135204960,7,135204960,NA,NA,NA,NA
S7_162810670,7,162810670,NA,NA,NA,NA
S2_14545408,2,14545408,NA,NA,NA,NA
S4_184478971,4,184478971,NA,NA,NA,NA
S10_4750083,10,4750083,NA,NA,NA,NA
S6_127887398,6,127887398,NA,NA,NA,NA
S8_165858643,8,165858643,NA,NA,NA,NA
S2_206538807,2,206538807,NA,NA,NA,NA
S10_89985489,10,89985489,NA,NA,NA,NA
S6_24182447,6,24182447,NA,NA,NA,NA
S1_68546121,1,68546121,NA,NA,NA,NA
S1_293797078,1,293797078,NA,NA,NA,NA
S10_75814607,10,75814607,NA,NA,NA,NA
S3_4835318,3,4835318,NA,NA,NA,NA
S5_48803409,5,48803409,NA,NA,NA,NA
S2_26721406,2,26721406,NA,NA,NA,NA
S9_147144947,9,147144947,NA,NA,NA,NA
S10_4585759,10,4585759,NA,NA,NA,NA
S3_167430871,3,167430871,NA,NA,NA,NA
S1_23564478,1,23564478,NA,NA,NA,NA
S1_165073956,1,165073956,NA,NA,NA,NA
S8_173243139,8,173243139,NA,NA,NA,NA
S4_237318181,4,237318181,NA,NA,NA,NA
S3_209548374,3,209548374,NA,NA,NA,NA
S4_202760002,4,202760002,NA,NA,NA,NA
S2_1462824,2,1462824,NA,NA,NA,NA
S10_62373075,10,62373075,NA,NA,NA,NA
S5_173806070,5,173806070,NA,NA,NA,NA
S6_110809548,6,110809548,NA,NA,NA,NA
S6_110809552,6,110809552,NA,NA,NA,NA
S10_107289422,10,107289422,NA,NA,NA,NA
S10_107289433,10,107289433,NA,NA,NA,NA
S2_204117443,2,204117443,NA,NA,NA,NA
S9_26933041,9,26933041,NA,NA,NA,NA
S9_20609097,9,20609097,NA,NA,NA,NA
S5_153378382,5,153378382,NA,NA,NA,NA
S6_38064679,6,38064679,NA,NA,NA,NA
S6_38064683,6,38064683,NA,NA,NA,NA
S4_173800764,4,173800764,NA,NA,NA,NA
S7_167501464,7,167501464,NA,NA,NA,NA
S3_57990860,3,57990860,NA,NA,NA,NA
S9_145337394,9,145337394,NA,NA,NA,NA
S7_131035230,7,131035230,NA,NA,NA,NA
S1_5006755,1,5006755,NA,NA,NA,NA
S3_18184709,3,18184709,NA,NA,NA,NA
S1_56978205,1,56978205,NA,NA,NA,NA
S6_93337461,6,93337461,NA,NA,NA,NA
S6_93337464,6,93337464,NA,NA,NA,NA
S7_172738947,7,172738947,NA,NA,NA,NA
S1_12176349,1,12176349,NA,NA,NA,NA
S7_160597133,7,160597133,NA,NA,NA,NA
S7_160597165,7,160597165,NA,NA,NA,NA
S5_204625148,5,204625148,NA,NA,NA,NA
S5_146259303,5,146259303,NA,NA,NA,NA
S5_146259310,5,146259310,NA,NA,NA,NA
S5_146259317,5,146259317,NA,NA,NA,NA
S5_146259348,5,146259348,NA,NA,NA,NA
S3_217572648,3,217572648,NA,NA,NA,NA
S3_202943544,3,202943544,NA,NA,NA,NA
S5_130662855,5,130662855,NA,NA,NA,NA
S6_150800755,6,150800755,NA,NA,NA,NA
S5_51355494,5,51355494,NA,NA,NA,NA
S5_21877543,5,21877543,NA,NA,NA,NA
S6_160330725,6,160330725,NA,NA,NA,NA
S2_1543169,2,1543169,NA,NA,NA,NA
S3_205363922,3,205363922,NA,NA,NA,NA
S8_23423644,8,23423644,NA,NA,NA,NA
S1_174846018,1,174846018,NA,NA,NA,NA
S1_217935787,1,217935787,NA,NA,NA,NA
S6_158368808,6,158368808,NA,NA,NA,NA
S2_197223303,2,197223303,NA,NA,NA,NA
S2_199175409,2,199175409,NA,NA,NA,NA
S9_154758425,9,154758425,NA,NA,NA,NA
S6_164377446,6,164377446,NA,NA,NA,NA
S9_108293526,9,108293526,NA,NA,NA,NA
S2_6190860,2,6190860,NA,NA,NA,NA
S3_5675783,3,5675783,NA,NA,NA,NA
S5_206844712,5,206844712,NA,NA,NA,NA
S5_173414051,5,173414051,NA,NA,NA,NA
S6_8679152,6,8679152,NA,NA,NA,NA
S3_56044505,3,56044505,NA,NA,NA,NA
S1_182096206,1,182096206,NA,NA,NA,NA
S10_24613598,10,24613598,NA,NA,NA,NA
S10_72773238,10,72773238,NA,NA,NA,NA
S5_87949464,5,87949464,NA,NA,NA,NA
S8_163215161,8,163215161,NA,NA,NA,NA
S8_163215162,8,163215162,NA,NA,NA,NA
S5_19188838,5,19188838,NA,NA,NA,NA
S7_161436132,7,161436132,NA,NA,NA,NA
S5_214950057,5,214950057,NA,NA,NA,NA
S2_216822372,2,216822372,NA,NA,NA,NA
S5_4103199,5,4103199,NA,NA,NA,NA
S10_148294946,10,148294946,NA,NA,NA,NA
S9_155438039,9,155438039,NA,NA,NA,NA
S5_200938664,5,200938664,NA,NA,NA,NA
S10_110591334,10,110591334,NA,NA,NA,NA
S2_215015931,2,215015931,NA,NA,NA,NA
S6_164843058,6,164843058,NA,NA,NA,NA
S7_5324023,7,5324023,NA,NA,NA,NA
S7_141639010,7,141639010,NA,NA,NA,NA
S1_8136850,1,8136850,NA,NA,NA,NA
S5_2784717,5,2784717,NA,NA,NA,NA
S5_176866898,5,176866898,NA,NA,NA,NA
S7_147159640,7,147159640,NA,NA,NA,NA
S3_12529822,3,12529822,NA,NA,NA,NA
S3_12529826,3,12529826,NA,NA,NA,NA
S3_12529829,3,12529829,NA,NA,NA,NA
S4_156718600,4,156718600,NA,NA,NA,NA
S1_14803790,1,14803790,NA,NA,NA,NA
S2_78699684,2,78699684,NA,NA,NA,NA
S10_116425233,10,116425233,NA,NA,NA,NA
S5_160460097,5,160460097,NA,NA,NA,NA
S2_174345445,2,174345445,NA,NA,NA,NA
S1_95112556,1,95112556,NA,NA,NA,NA
S4_11886978,4,11886978,NA,NA,NA,NA
S2_169147184,2,169147184,NA,NA,NA,NA
S7_172163713,7,172163713,NA,NA,NA,NA
S7_172163727,7,172163727,NA,NA,NA,NA
S2_71628180,2,71628180,NA,NA,NA,NA
S9_119839322,9,119839322,NA,NA,NA,NA
S2_213805695,2,213805695,NA,NA,NA,NA
S1_94820789,1,94820789,NA,NA,NA,NA
S2_36082399,2,36082399,NA,NA,NA,NA
S7_134226254,7,134226254,NA,NA,NA,NA
S9_146083968,9,146083968,NA,NA,NA,NA
S6_107627670,6,107627670,NA,NA,NA,NA
S5_208165149,5,208165149,NA,NA,NA,NA
S10_108118046,10,108118046,NA,NA,NA,NA
S7_40413652,7,40413652,NA,NA,NA,NA
S7_83143726,7,83143726,NA,NA,NA,NA
S1_187342719,1,187342719,NA,NA,NA,NA
S7_161434919,7,161434919,NA,NA,NA,NA
S9_92916843,9,92916843,NA,NA,NA,NA
S2_15282999,2,15282999,NA,NA,NA,NA
S1_209819134,1,209819134,NA,NA,NA,NA
S1_45771878,1,45771878,NA,NA,NA,NA
S9_135814431,9,135814431,NA,NA,NA,NA
S2_184763179,2,184763179,NA,NA,NA,NA
S10_109801667,10,109801667,NA,NA,NA,NA
S8_171877741,8,171877741,NA,NA,NA,NA
S2_193735689,2,193735689,NA,NA,NA,NA
S1_25374584,1,25374584,NA,NA,NA,NA
S9_147613059,9,147613059,NA,NA,NA,NA
S7_171695333,7,171695333,NA,NA,NA,NA
S3_227050330,3,227050330,NA,NA,NA,NA
S2_13620260,2,13620260,NA,NA,NA,NA
S2_13620268,2,13620268,NA,NA,NA,NA
S3_212406545,3,212406545,NA,NA,NA,NA
S8_8280152,8,8280152,NA,NA,NA,NA
S3_132611458,3,132611458,NA,NA,NA,NA
S6_158274979,6,158274979,NA,NA,NA,NA
S5_69456289,5,69456289,NA,NA,NA,NA
S4_174722384,4,174722384,NA,NA,NA,NA
S6_28148063,6,28148063,NA,NA,NA,NA
S6_26652231,6,26652231,NA,NA,NA,NA
S6_26652235,6,26652235,NA,NA,NA,NA
S3_190448420,3,190448420,NA,NA,NA,NA
S5_6577949,5,6577949,NA,NA,NA,NA
S5_205149595,5,205149595,NA,NA,NA,NA
S2_195046875,2,195046875,NA,NA,NA,NA
S4_201122439,4,201122439,NA,NA,NA,NA
S5_215025672,5,215025672,NA,NA,NA,NA
S10_6402586,10,6402586,NA,NA,NA,NA
S1_33268124,1,33268124,NA,NA,NA,NA
S2_192438492,2,192438492,NA,NA,NA,NA
S2_192438495,2,192438495,NA,NA,NA,NA
S4_143822114,4,143822114,NA,NA,NA,NA
S4_12045156,4,12045156,NA,NA,NA,NA
S4_36909648,4,36909648,NA,NA,NA,NA
S1_182623103,1,182623103,NA,NA,NA,NA
S5_32798131,5,32798131,NA,NA,NA,NA
S5_205728005,5,205728005,NA,NA,NA,NA
S1_124777357,1,124777357,NA,NA,NA,NA
S3_133783417,3,133783417,NA,NA,NA,NA
S8_164446873,8,164446873,NA,NA,NA,NA
S7_131443333,7,131443333,NA,NA,NA,NA
S7_131443348,7,131443348,NA,NA,NA,NA
S3_219891165,3,219891165,NA,NA,NA,NA
S4_238994614,4,238994614,NA,NA,NA,NA
S4_190263621,4,190263621,NA,NA,NA,NA
S2_211168475,2,211168475,NA,NA,NA,NA
S9_106627325,9,106627325,NA,NA,NA,NA
S3_201069018,3,201069018,NA,NA,NA,NA
S7_95431673,7,95431673,NA,NA,NA,NA
S3_214273820,3,214273820,NA,NA,NA,NA
S5_193539469,5,193539469,NA,NA,NA,NA
S1_281168868,1,281168868,NA,NA,NA,NA
S1_15068428,1,15068428,NA,NA,NA,NA
S7_162673770,7,162673770,NA,NA,NA,NA
S10_54467995,10,54467995,NA,NA,NA,NA
S5_145105976,5,145105976,NA,NA,NA,NA
S1_44960105,1,44960105,NA,NA,NA,NA
S7_154702433,7,154702433,NA,NA,NA,NA
S8_146609954,8,146609954,NA,NA,NA,NA
S2_197222790,2,197222790,NA,NA,NA,NA
S6_9499570,6,9499570,NA,NA,NA,NA
S10_120793355,10,120793355,NA,NA,NA,NA
S6_150687989,6,150687989,NA,NA,NA,NA
S3_124098195,3,124098195,NA,NA,NA,NA
S4_191633429,4,191633429,NA,NA,NA,NA
S8_174155804,8,174155804,NA,NA,NA,NA
S8_170062382,8,170062382,NA,NA,NA,NA
S8_152891642,8,152891642,NA,NA,NA,NA
S8_152891647,8,152891647,NA,NA,NA,NA
S1_265680816,1,265680816,NA,NA,NA,NA
S7_132081836,7,132081836,NA,NA,NA,NA
S1_206789090,1,206789090,NA,NA,NA,NA
S1_240039874,1,240039874,NA,NA,NA,NA
S4_240523225,4,240523225,NA,NA,NA,NA
S9_155570082,9,155570082,NA,NA,NA,NA
S2_107850040,2,107850040,NA,NA,NA,NA
S4_237390755,4,237390755,NA,NA,NA,NA
S9_103176798,9,103176798,NA,NA,NA,NA
S9_103176830,9,103176830,NA,NA,NA,NA
S9_146426846,9,146426846,NA,NA,NA,NA
S4_166000939,4,166000939,NA,NA,NA,NA
S7_175565635,7,175565635,NA,NA,NA,NA
S2_4514077,2,4514077,NA,NA,NA,NA
S2_4514087,2,4514087,NA,NA,NA,NA
S5_40952168,5,40952168,NA,NA,NA,NA
S10_148410152,10,148410152,NA,NA,NA,NA
S10_148410157,10,148410157,NA,NA,NA,NA
S8_145840791,8,145840791,NA,NA,NA,NA
S8_145840794,8,145840794,NA,NA,NA,NA
S2_109491430,2,109491430,NA,NA,NA,NA
S2_57661172,2,57661172,NA,NA,NA,NA
S8_84359515,8,84359515,NA,NA,NA,NA
S9_153519828,9,153519828,NA,NA,NA,NA
S4_2072594,4,2072594,NA,NA,NA,NA
S3_23181769,3,23181769,NA,NA,NA,NA
S9_124264979,9,124264979,NA,NA,NA,NA
S5_30775947,5,30775947,NA,NA,NA,NA
S2_17477043,2,17477043,NA,NA,NA,NA
S2_205643142,2,205643142,NA,NA,NA,NA
S2_141423652,2,141423652,NA,NA,NA,NA
S1_290590855,1,290590855,NA,NA,NA,NA
S5_58704943,5,58704943,NA,NA,NA,NA
S8_162586794,8,162586794,NA,NA,NA,NA
S1_199486287,1,199486287,NA,NA,NA,NA
S3_47831894,3,47831894,NA,NA,NA,NA
S3_47831900,3,47831900,NA,NA,NA,NA
S2_224333217,2,224333217,NA,NA,NA,NA
S6_159247812,6,159247812,NA,NA,NA,NA
S5_204625113,5,204625113,NA,NA,NA,NA
S7_4958550,7,4958550,NA,NA,NA,NA
S4_28415607,4,28415607,NA,NA,NA,NA
S9_8433911,9,8433911,NA,NA,NA,NA
S3_54469328,3,54469328,NA,NA,NA,NA
S5_149463131,5,149463131,NA,NA,NA,NA
S1_288856006,1,288856006,NA,NA,NA,NA
S4_35080918,4,35080918,NA,NA,NA,NA
S5_138140802,5,138140802,NA,NA,NA,NA
S5_186999499,5,186999499,NA,NA,NA,NA
S5_186999500,5,186999500,NA,NA,NA,NA
S5_186999527,5,186999527,NA,NA,NA,NA
S9_154421613,9,154421613,NA,NA,NA,NA
S9_154421614,9,154421614,NA,NA,NA,NA
S2_213163003,2,213163003,NA,NA,NA,NA
S4_6600099,4,6600099,NA,NA,NA,NA
S10_139035826,10,139035826,NA,NA,NA,NA
S7_171936421,7,171936421,NA,NA,NA,NA
S2_14806147,2,14806147,NA,NA,NA,NA
S5_184233503,5,184233503,NA,NA,NA,NA
S10_113149927,10,113149927,NA,NA,NA,NA
S4_170247253,4,170247253,NA,NA,NA,NA
S2_141595783,2,141595783,NA,NA,NA,NA
S2_45987069,2,45987069,NA,NA,NA,NA
S7_82724877,7,82724877,NA,NA,NA,NA
S6_36361798,6,36361798,NA,NA,NA,NA
S8_132170809,8,132170809,NA,NA,NA,NA
S1_45776976,1,45776976,NA,NA,NA,NA
S6_164566893,6,164566893,NA,NA,NA,NA
S6_164566872,6,164566872,NA,NA,NA,NA
S3_190572616,3,190572616,NA,NA,NA,NA
S5_211283572,5,211283572,NA,NA,NA,NA
S4_234466832,4,234466832,NA,NA,NA,NA
S2_109107380,2,109107380,NA,NA,NA,NA
S3_180041892,3,180041892,NA,NA,NA,NA
S1_202160389,1,202160389,NA,NA,NA,NA
S6_155627779,6,155627779,NA,NA,NA,NA
S1_200861079,1,200861079,NA,NA,NA,NA
S2_33619892,2,33619892,NA,NA,NA,NA
S9_127969451,9,127969451,NA,NA,NA,NA
S7_170417434,7,170417434,NA,NA,NA,NA
S7_170417445,7,170417445,NA,NA,NA,NA
S7_170417461,7,170417461,NA,NA,NA,NA
S8_130509996,8,130509996,NA,NA,NA,NA
S5_205362490,5,205362490,NA,NA,NA,NA
S1_6234740,1,6234740,NA,NA,NA,NA
S4_180773914,4,180773914,NA,NA,NA,NA
S5_189323200,5,189323200,NA,NA,NA,NA
S5_189323221,5,189323221,NA,NA,NA,NA
S9_78207792,9,78207792,NA,NA,NA,NA
S3_189936763,3,189936763,NA,NA,NA,NA
S1_10978001,1,10978001,NA,NA,NA,NA
S9_12621226,9,12621226,NA,NA,NA,NA
S3_192912402,3,192912402,NA,NA,NA,NA
S4_4867003,4,4867003,NA,NA,NA,NA
S5_208675127,5,208675127,NA,NA,NA,NA
S5_46426896,5,46426896,NA,NA,NA,NA
S8_105674102,8,105674102,NA,NA,NA,NA
S6_155456670,6,155456670,NA,NA,NA,NA
S3_158525403,3,158525403,NA,NA,NA,NA
S7_29544003,7,29544003,NA,NA,NA,NA
S7_137701245,7,137701245,NA,NA,NA,NA
S4_56311641,4,56311641,NA,NA,NA,NA
S9_133792757,9,133792757,NA,NA,NA,NA
S5_181383485,5,181383485,NA,NA,NA,NA
S6_165624959,6,165624959,NA,NA,NA,NA
S10_2839563,10,2839563,NA,NA,NA,NA
S6_168068393,6,168068393,NA,NA,NA,NA
S8_135773615,8,135773615,NA,NA,NA,NA
S5_49830305,5,49830305,NA,NA,NA,NA
S8_168958246,8,168958246,NA,NA,NA,NA
S4_126473675,4,126473675,NA,NA,NA,NA
S2_211280855,2,211280855,NA,NA,NA,NA
S2_211280856,2,211280856,NA,NA,NA,NA
S2_211280857,2,211280857,NA,NA,NA,NA
S3_205375793,3,205375793,NA,NA,NA,NA
S4_42143609,4,42143609,NA,NA,NA,NA
S3_2720554,3,2720554,NA,NA,NA,NA
S3_132330276,3,132330276,NA,NA,NA,NA
S3_92980624,3,92980624,NA,NA,NA,NA
S8_166617831,8,166617831,NA,NA,NA,NA
S2_177240991,2,177240991,NA,NA,NA,NA
S1_70768509,1,70768509,NA,NA,NA,NA
S4_123667094,4,123667094,NA,NA,NA,NA
S8_153015301,8,153015301,NA,NA,NA,NA
S4_26833499,4,26833499,NA,NA,NA,NA
S7_171582235,7,171582235,NA,NA,NA,NA
S1_230200801,1,230200801,NA,NA,NA,NA
S1_34154447,1,34154447,NA,NA,NA,NA
S3_5989985,3,5989985,NA,NA,NA,NA
S3_5989996,3,5989996,NA,NA,NA,NA
S1_192033080,1,192033080,NA,NA,NA,NA
S9_23759253,9,23759253,NA,NA,NA,NA
S3_3551665,3,3551665,NA,NA,NA,NA
S2_207227116,2,207227116,NA,NA,NA,NA
S8_118859136,8,118859136,NA,NA,NA,NA
S4_240455563,4,240455563,NA,NA,NA,NA
S7_127586454,7,127586454,NA,NA,NA,NA
S3_160516202,3,160516202,NA,NA,NA,NA
S8_152972819,8,152972819,NA,NA,NA,NA
S1_298973762,1,298973762,NA,NA,NA,NA
S1_198473371,1,198473371,NA,NA,NA,NA
S10_82205036,10,82205036,NA,NA,NA,NA
S6_106468868,6,106468868,NA,NA,NA,NA
S7_128636053,7,128636053,NA,NA,NA,NA
S8_106742593,8,106742593,NA,NA,NA,NA
S1_249319740,1,249319740,NA,NA,NA,NA
S8_130100484,8,130100484,NA,NA,NA,NA
S4_3745502,4,3745502,NA,NA,NA,NA
S3_209656349,3,209656349,NA,NA,NA,NA
S7_5337444,7,5337444,NA,NA,NA,NA
S8_134080553,8,134080553,NA,NA,NA,NA
S4_183942031,4,183942031,NA,NA,NA,NA
S4_183942033,4,183942033,NA,NA,NA,NA
S7_145969373,7,145969373,NA,NA,NA,NA
S1_299405479,1,299405479,NA,NA,NA,NA
S6_158274989,6,158274989,NA,NA,NA,NA
S2_11582494,2,11582494,NA,NA,NA,NA
S10_146165262,10,146165262,NA,NA,NA,NA
S4_146287805,4,146287805,NA,NA,NA,NA
S6_151793589,6,151793589,NA,NA,NA,NA
S1_206431930,1,206431930,NA,NA,NA,NA
S10_29602027,10,29602027,NA,NA,NA,NA
S1_151258126,1,151258126,NA,NA,NA,NA
S1_32156691,1,32156691,NA,NA,NA,NA
S2_71628175,2,71628175,NA,NA,NA,NA
S2_71628179,2,71628179,NA,NA,NA,NA
S8_94872258,8,94872258,NA,NA,NA,NA
S5_72696594,5,72696594,NA,NA,NA,NA
S1_32836798,1,32836798,NA,NA,NA,NA
S1_18128981,1,18128981,NA,NA,NA,NA
S1_45513715,1,45513715,NA,NA,NA,NA
S2_234722573,2,234722573,NA,NA,NA,NA
S2_23837726,2,23837726,NA,NA,NA,NA
S6_31600920,6,31600920,NA,NA,NA,NA
S3_179641773,3,179641773,NA,NA,NA,NA
S8_162965077,8,162965077,NA,NA,NA,NA
S4_28980793,4,28980793,NA,NA,NA,NA
S4_28980796,4,28980796,NA,NA,NA,NA
S1_226929082,1,226929082,NA,NA,NA,NA
S6_162739885,6,162739885,NA,NA,NA,NA
S6_162739886,6,162739886,NA,NA,NA,NA
S2_47364290,2,47364290,NA,NA,NA,NA
S2_158387981,2,158387981,NA,NA,NA,NA
S5_213178598,5,213178598,NA,NA,NA,NA
S5_212617706,5,212617706,NA,NA,NA,NA
S1_12338383,1,12338383,NA,NA,NA,NA
S8_135452638,8,135452638,NA,NA,NA,NA
S9_45850085,9,45850085,NA,NA,NA,NA
S9_45850091,9,45850091,NA,NA,NA,NA
S9_50763084,9,50763084,NA,NA,NA,NA
S1_268564469,1,268564469,NA,NA,NA,NA
S1_46737762,1,46737762,NA,NA,NA,NA
S10_125214388,10,125214388,NA,NA,NA,NA
S9_149239175,9,149239175,NA,NA,NA,NA
S10_98151592,10,98151592,NA,NA,NA,NA
S7_172731416,7,172731416,NA,NA,NA,NA
S8_122063795,8,122063795,NA,NA,NA,NA
S4_123703177,4,123703177,NA,NA,NA,NA
S6_163930362,6,163930362,NA,NA,NA,NA
S7_127579152,7,127579152,NA,NA,NA,NA
S3_208416893,3,208416893,NA,NA,NA,NA
S6_166585396,6,166585396,NA,NA,NA,NA
S2_223506932,2,223506932,NA,NA,NA,NA
S6_165989029,6,165989029,NA,NA,NA,NA
S4_128603640,4,128603640,NA,NA,NA,NA
S2_236475529,2,236475529,NA,NA,NA,NA
S2_197223291,2,197223291,NA,NA,NA,NA
S1_200823204,1,200823204,NA,NA,NA,NA
S1_147896068,1,147896068,NA,NA,NA,NA
S2_111278684,2,111278684,NA,NA,NA,NA
S5_40835307,5,40835307,NA,NA,NA,NA
S10_148581085,10,148581085,NA,NA,NA,NA
S2_72206088,2,72206088,NA,NA,NA,NA
S5_162842045,5,162842045,NA,NA,NA,NA
S2_6345048,2,6345048,NA,NA,NA,NA
S9_137350532,9,137350532,NA,NA,NA,NA
S10_112938587,10,112938587,NA,NA,NA,NA
S4_172685869,4,172685869,NA,NA,NA,NA
S3_27552198,3,27552198,NA,NA,NA,NA
S8_160385444,8,160385444,NA,NA,NA,NA
S3_192088276,3,192088276,NA,NA,NA,NA
S9_132043268,9,132043268,NA,NA,NA,NA
S10_8762295,10,8762295,NA,NA,NA,NA
S1_294100238,1,294100238,NA,NA,NA,NA
S2_207613202,2,207613202,NA,NA,NA,NA
S2_196527926,2,196527926,NA,NA,NA,NA
S5_25883075,5,25883075,NA,NA,NA,NA
S2_20101566,2,20101566,NA,NA,NA,NA
S5_188490577,5,188490577,NA,NA,NA,NA
S3_20704726,3,20704726,NA,NA,NA,NA
S2_184172135,2,184172135,NA,NA,NA,NA
S6_22915764,6,22915764,NA,NA,NA,NA
S10_138084505,10,138084505,NA,NA,NA,NA
S8_171775667,8,171775667,NA,NA,NA,NA
S4_123979393,4,123979393,NA,NA,NA,NA
S3_201229606,3,201229606,NA,NA,NA,NA
S9_8037717,9,8037717,NA,NA,NA,NA
S7_135408163,7,135408163,NA,NA,NA,NA
S5_175615745,5,175615745,NA,NA,NA,NA
S3_181910732,3,181910732,NA,NA,NA,NA
S9_140023478,9,140023478,NA,NA,NA,NA
S4_202761802,4,202761802,NA,NA,NA,NA
S6_164146840,6,164146840,NA,NA,NA,NA
S6_164146843,6,164146843,NA,NA,NA,NA
S4_10901414,4,10901414,NA,NA,NA,NA
S1_5518073,1,5518073,NA,NA,NA,NA
S7_105609668,7,105609668,NA,NA,NA,NA
S5_57425097,5,57425097,NA,NA,NA,NA
S9_92109521,9,92109521,NA,NA,NA,NA
S6_58557123,6,58557123,NA,NA,NA,NA
S4_183910675,4,183910675,NA,NA,NA,NA
S4_11467406,4,11467406,NA,NA,NA,NA
S9_138770876,9,138770876,NA,NA,NA,NA
S2_54360934,2,54360934,NA,NA,NA,NA
S8_65179710,8,65179710,NA,NA,NA,NA
S1_182872560,1,182872560,NA,NA,NA,NA
S8_37672646,8,37672646,NA,NA,NA,NA
S6_157381478,6,157381478,NA,NA,NA,NA
S8_159954550,8,159954550,NA,NA,NA,NA
S7_31086650,7,31086650,NA,NA,NA,NA
S2_218532946,2,218532946,NA,NA,NA,NA
S1_202160381,1,202160381,NA,NA,NA,NA
S9_27637873,9,27637873,NA,NA,NA,NA
S9_99440296,9,99440296,NA,NA,NA,NA
S1_45275915,1,45275915,NA,NA,NA,NA
S3_157087836,3,157087836,NA,NA,NA,NA
S2_11951219,2,11951219,NA,NA,NA,NA
S8_163215121,8,163215121,NA,NA,NA,NA
S9_149457728,9,149457728,NA,NA,NA,NA
S7_92650590,7,92650590,NA,NA,NA,NA
S5_216084957,5,216084957,NA,NA,NA,NA
S8_159798727,8,159798727,NA,NA,NA,NA
S5_20834466,5,20834466,NA,NA,NA,NA
S1_32996777,1,32996777,NA,NA,NA,NA
S9_60087805,9,60087805,NA,NA,NA,NA
S2_9445877,2,9445877,NA,NA,NA,NA
S10_121897622,10,121897622,NA,NA,NA,NA
S9_144448905,9,144448905,NA,NA,NA,NA
S3_186210729,3,186210729,NA,NA,NA,NA
S3_178135987,3,178135987,NA,NA,NA,NA
S2_178262734,2,178262734,NA,NA,NA,NA
S8_3890836,8,3890836,NA,NA,NA,NA
S6_3678075,6,3678075,NA,NA,NA,NA
S1_221486398,1,221486398,NA,NA,NA,NA
S10_121897613,10,121897613,NA,NA,NA,NA
S1_4055044,1,4055044,NA,NA,NA,NA
S4_198181206,4,198181206,NA,NA,NA,NA
S1_253911797,1,253911797,NA,NA,NA,NA
S2_14716963,2,14716963,NA,NA,NA,NA
S2_14716964,2,14716964,NA,NA,NA,NA
S10_141078749,10,141078749,NA,NA,NA,NA
S2_233114975,2,233114975,NA,NA,NA,NA
S2_26982536,2,26982536,NA,NA,NA,NA
S2_211280872,2,211280872,NA,NA,NA,NA
S4_222798120,4,222798120,NA,NA,NA,NA
S8_121485958,8,121485958,NA,NA,NA,NA
S10_117789239,10,117789239,NA,NA,NA,NA
S10_144684802,10,144684802,NA,NA,NA,NA
S7_161663968,7,161663968,NA,NA,NA,NA
S1_286510393,1,286510393,NA,NA,NA,NA
S9_25816545,9,25816545,NA,NA,NA,NA
S1_32870948,1,32870948,NA,NA,NA,NA
S2_88728413,2,88728413,NA,NA,NA,NA
S1_21757746,1,21757746,NA,NA,NA,NA
S2_218004937,2,218004937,NA,NA,NA,NA
S10_127808211,10,127808211,NA,NA,NA,NA
S3_2117932,3,2117932,NA,NA,NA,NA
S10_117785444,10,117785444,NA,NA,NA,NA
S4_202550291,4,202550291,NA,NA,NA,NA
S10_144610807,10,144610807,NA,NA,NA,NA
S10_144610817,10,144610817,NA,NA,NA,NA
S6_151135404,6,151135404,NA,NA,NA,NA
S5_62086311,5,62086311,NA,NA,NA,NA
S5_4426205,5,4426205,NA,NA,NA,NA
S2_234441006,2,234441006,NA,NA,NA,NA
S2_2812047,2,2812047,NA,NA,NA,NA
S6_2591199,6,2591199,NA,NA,NA,NA
S8_137752068,8,137752068,NA,NA,NA,NA
S4_182639128,4,182639128,NA,NA,NA,NA
S5_204813193,5,204813193,NA,NA,NA,NA
S2_30361503,2,30361503,NA,NA,NA,NA
S7_145974768,7,145974768,NA,NA,NA,NA
S7_15155761,7,15155761,NA,NA,NA,NA
S3_156637883,3,156637883,NA,NA,NA,NA
S1_199485132,1,199485132,NA,NA,NA,NA
S6_132075830,6,132075830,NA,NA,NA,NA
S6_132075852,6,132075852,NA,NA,NA,NA
S8_38699187,8,38699187,NA,NA,NA,NA
S1_35888648,1,35888648,NA,NA,NA,NA
S1_281709239,1,281709239,NA,NA,NA,NA
S2_29667500,2,29667500,NA,NA,NA,NA
S8_149041039,8,149041039,NA,NA,NA,NA
S1_39112407,1,39112407,NA,NA,NA,NA
S9_140845651,9,140845651,NA,NA,NA,NA
S7_147202974,7,147202974,NA,NA,NA,NA
S9_127969466,9,127969466,NA,NA,NA,NA
S9_127969469,9,127969469,NA,NA,NA,NA
S4_18458970,4,18458970,NA,NA,NA,NA
S7_6302722,7,6302722,NA,NA,NA,NA
S5_34044515,5,34044515,NA,NA,NA,NA
S7_10575407,7,10575407,NA,NA,NA,NA
S9_120249586,9,120249586,NA,NA,NA,NA
S1_232404928,1,232404928,NA,NA,NA,NA
S6_160547157,6,160547157,NA,NA,NA,NA
S5_657198,5,657198,NA,NA,NA,NA
S3_17434316,3,17434316,NA,NA,NA,NA
S3_153261599,3,153261599,NA,NA,NA,NA
S4_185180700,4,185180700,NA,NA,NA,NA
S6_158649412,6,158649412,NA,NA,NA,NA
S1_287720085,1,287720085,NA,NA,NA,NA
S1_287720092,1,287720092,NA,NA,NA,NA
S2_128586630,2,128586630,NA,NA,NA,NA
S1_233457676,1,233457676,NA,NA,NA,NA
S5_36548350,5,36548350,NA,NA,NA,NA
S2_118080294,2,118080294,NA,NA,NA,NA
S10_83641631,10,83641631,NA,NA,NA,NA
S4_11644706,4,11644706,NA,NA,NA,NA
S10_90244691,10,90244691,NA,NA,NA,NA
S1_172121005,1,172121005,NA,NA,NA,NA
S1_128803584,1,128803584,NA,NA,NA,NA
S2_15993073,2,15993073,NA,NA,NA,NA
S2_15993075,2,15993075,NA,NA,NA,NA
S2_196871428,2,196871428,NA,NA,NA,NA
S1_218286546,1,218286546,NA,NA,NA,NA
S3_188375836,3,188375836,NA,NA,NA,NA
S10_77337927,10,77337927,NA,NA,NA,NA
S2_236485906,2,236485906,NA,NA,NA,NA
S1_191586161,1,191586161,NA,NA,NA,NA
S7_4111898,7,4111898,NA,NA,NA,NA
S1_103826231,1,103826231,NA,NA,NA,NA
S7_174254016,7,174254016,NA,NA,NA,NA
S8_174606846,8,174606846,NA,NA,NA,NA
S4_29168950,4,29168950,NA,NA,NA,NA
S6_76876310,6,76876310,NA,NA,NA,NA
S2_175259848,2,175259848,NA,NA,NA,NA
S1_238607332,1,238607332,NA,NA,NA,NA
S6_76968009,6,76968009,NA,NA,NA,NA
S2_6177205,2,6177205,NA,NA,NA,NA
S9_108351530,9,108351530,NA,NA,NA,NA
S1_52394698,1,52394698,NA,NA,NA,NA
S1_3200277,1,3200277,NA,NA,NA,NA
S2_222649363,2,222649363,NA,NA,NA,NA
S6_141723416,6,141723416,NA,NA,NA,NA
S7_162324627,7,162324627,NA,NA,NA,NA
S1_258921234,1,258921234,NA,NA,NA,NA
S4_158561436,4,158561436,NA,NA,NA,NA
S4_158561470,4,158561470,NA,NA,NA,NA
S10_55989528,10,55989528,NA,NA,NA,NA
S9_91418196,9,91418196,NA,NA,NA,NA
S8_1823850,8,1823850,NA,NA,NA,NA
S5_194340512,5,194340512,NA,NA,NA,NA
S5_204728483,5,204728483,NA,NA,NA,NA
S3_64661589,3,64661589,NA,NA,NA,NA
S3_33065148,3,33065148,NA,NA,NA,NA
S8_147097674,8,147097674,NA,NA,NA,NA
S7_107232489,7,107232489,NA,NA,NA,NA
S6_155627528,6,155627528,NA,NA,NA,NA
S2_45988012,2,45988012,NA,NA,NA,NA
S1_77258494,1,77258494,NA,NA,NA,NA
S1_36216827,1,36216827,NA,NA,NA,NA
S2_38977648,2,38977648,NA,NA,NA,NA
S8_10440240,8,10440240,NA,NA,NA,NA
S1_17890924,1,17890924,NA,NA,NA,NA
S3_96869612,3,96869612,NA,NA,NA,NA
S1_54617050,1,54617050,NA,NA,NA,NA
S3_189822482,3,189822482,NA,NA,NA,NA
S2_32493768,2,32493768,NA,NA,NA,NA
S4_199598188,4,199598188,NA,NA,NA,NA
S10_124301431,10,124301431,NA,NA,NA,NA
S10_124301440,10,124301440,NA,NA,NA,NA
S6_160545970,6,160545970,NA,NA,NA,NA
S3_191142082,3,191142082,NA,NA,NA,NA
S2_23837252,2,23837252,NA,NA,NA,NA
S10_71472608,10,71472608,NA,NA,NA,NA
S9_7869380,9,7869380,NA,NA,NA,NA
S4_185727728,4,185727728,NA,NA,NA,NA
S8_156885323,8,156885323,NA,NA,NA,NA
S2_6823205,2,6823205,NA,NA,NA,NA
S1_42849094,1,42849094,NA,NA,NA,NA
S6_155240662,6,155240662,NA,NA,NA,NA
S10_12409954,10,12409954,NA,NA,NA,NA
S1_11944300,1,11944300,NA,NA,NA,NA
S1_11944325,1,11944325,NA,NA,NA,NA
S5_208094335,5,208094335,NA,NA,NA,NA
S8_22979184,8,22979184,NA,NA,NA,NA
S2_216928399,2,216928399,NA,NA,NA,NA
S10_126307678,10,126307678,NA,NA,NA,NA
S1_92344899,1,92344899,NA,NA,NA,NA
S2_234229145,2,234229145,NA,NA,NA,NA
S5_172936752,5,172936752,NA,NA,NA,NA
S8_62515228,8,62515228,NA,NA,NA,NA
S10_27273307,10,27273307,NA,NA,NA,NA
S1_105231207,1,105231207,NA,NA,NA,NA
S1_262460879,1,262460879,NA,NA,NA,NA
S2_15868016,2,15868016,NA,NA,NA,NA
S7_176404753,7,176404753,NA,NA,NA,NA
S1_48777577,1,48777577,NA,NA,NA,NA
S1_100824582,1,100824582,NA,NA,NA,NA
S6_97804891,6,97804891,NA,NA,NA,NA
S6_97804900,6,97804900,NA,NA,NA,NA
S2_228800545,2,228800545,NA,NA,NA,NA
S10_132620588,10,132620588,NA,NA,NA,NA
S4_193738421,4,193738421,NA,NA,NA,NA
S7_40413612,7,40413612,NA,NA,NA,NA
S9_145513196,9,145513196,NA,NA,NA,NA
S4_171634218,4,171634218,NA,NA,NA,NA
S2_33506451,2,33506451,NA,NA,NA,NA
S9_12599819,9,12599819,NA,NA,NA,NA
S10_147958952,10,147958952,NA,NA,NA,NA
S7_149604054,7,149604054,NA,NA,NA,NA
S6_131149639,6,131149639,NA,NA,NA,NA
S2_43428492,2,43428492,NA,NA,NA,NA
S7_157758553,7,157758553,NA,NA,NA,NA
S2_24808106,2,24808106,NA,NA,NA,NA
S5_83133321,5,83133321,NA,NA,NA,NA
S3_130182737,3,130182737,NA,NA,NA,NA
S10_6530103,10,6530103,NA,NA,NA,NA
S3_27552759,3,27552759,NA,NA,NA,NA
S10_132620492,10,132620492,NA,NA,NA,NA
S6_111972339,6,111972339,NA,NA,NA,NA
S1_259949194,1,259949194,NA,NA,NA,NA
S1_85896690,1,85896690,NA,NA,NA,NA
S7_141840121,7,141840121,NA,NA,NA,NA
S5_209467921,5,209467921,NA,NA,NA,NA
S7_139724388,7,139724388,NA,NA,NA,NA
S3_194824024,3,194824024,NA,NA,NA,NA
S3_194824025,3,194824025,NA,NA,NA,NA
S3_194824027,3,194824027,NA,NA,NA,NA
S3_194824028,3,194824028,NA,NA,NA,NA
S10_64919896,10,64919896,NA,NA,NA,NA
S4_143822112,4,143822112,NA,NA,NA,NA
S7_30505694,7,30505694,NA,NA,NA,NA
S7_165820129,7,165820129,NA,NA,NA,NA
S6_56809331,6,56809331,NA,NA,NA,NA
S5_48803416,5,48803416,NA,NA,NA,NA
S6_120883336,6,120883336,NA,NA,NA,NA
S3_93312579,3,93312579,NA,NA,NA,NA
S7_172736886,7,172736886,NA,NA,NA,NA
S3_1568536,3,1568536,NA,NA,NA,NA
S4_189367517,4,189367517,NA,NA,NA,NA
S10_77410601,10,77410601,NA,NA,NA,NA
S1_232521067,1,232521067,NA,NA,NA,NA
S1_232521071,1,232521071,NA,NA,NA,NA
S3_58537616,3,58537616,NA,NA,NA,NA
S1_208277876,1,208277876,NA,NA,NA,NA
S7_71622537,7,71622537,NA,NA,NA,NA
S5_13177651,5,13177651,NA,NA,NA,NA
S5_13177656,5,13177656,NA,NA,NA,NA
S7_78361592,7,78361592,NA,NA,NA,NA
S1_64720573,1,64720573,NA,NA,NA,NA
S3_35738058,3,35738058,NA,NA,NA,NA
S3_35738059,3,35738059,NA,NA,NA,NA
S1_73231928,1,73231928,NA,NA,NA,NA
S1_202445808,1,202445808,NA,NA,NA,NA
S4_16301969,4,16301969,NA,NA,NA,NA
S9_152760384,9,152760384,NA,NA,NA,NA
S2_34568309,2,34568309,NA,NA,NA,NA
S9_138243194,9,138243194,NA,NA,NA,NA
S3_130182754,3,130182754,NA,NA,NA,NA
S7_141546622,7,141546622,NA,NA,NA,NA
S10_26358411,10,26358411,NA,NA,NA,NA
S10_26358442,10,26358442,NA,NA,NA,NA
S8_173276770,8,173276770,NA,NA,NA,NA
S3_211231541,3,211231541,NA,NA,NA,NA
S3_143488318,3,143488318,NA,NA,NA,NA
S3_217837353,3,217837353,NA,NA,NA,NA
S3_223691940,3,223691940,NA,NA,NA,NA
S2_150754742,2,150754742,NA,NA,NA,NA
S2_24808092,2,24808092,NA,NA,NA,NA
S3_17432761,3,17432761,NA,NA,NA,NA
S3_17432762,3,17432762,NA,NA,NA,NA
S3_17432763,3,17432763,NA,NA,NA,NA
S6_117452688,6,117452688,NA,NA,NA,NA
S1_244158291,1,244158291,NA,NA,NA,NA
S4_237951483,4,237951483,NA,NA,NA,NA
S6_96557457,6,96557457,NA,NA,NA,NA
S4_5709546,4,5709546,NA,NA,NA,NA
S9_145036110,9,145036110,NA,NA,NA,NA
S2_24737190,2,24737190,NA,NA,NA,NA
S8_138561999,8,138561999,NA,NA,NA,NA
S2_144802116,2,144802116,NA,NA,NA,NA
S6_88116739,6,88116739,NA,NA,NA,NA
S6_88116740,6,88116740,NA,NA,NA,NA
S6_88116746,6,88116746,NA,NA,NA,NA
S6_88116747,6,88116747,NA,NA,NA,NA
S6_88116749,6,88116749,NA,NA,NA,NA
S10_120120762,10,120120762,NA,NA,NA,NA
S10_120120763,10,120120763,NA,NA,NA,NA
S1_160818122,1,160818122,NA,NA,NA,NA
S6_154164339,6,154164339,NA,NA,NA,NA
S2_47116663,2,47116663,NA,NA,NA,NA
S3_2117273,3,2117273,NA,NA,NA,NA
S5_58707027,5,58707027,NA,NA,NA,NA
S8_18203332,8,18203332,NA,NA,NA,NA
S1_68241302,1,68241302,NA,NA,NA,NA
S4_229965426,4,229965426,NA,NA,NA,NA
S9_33670979,9,33670979,NA,NA,NA,NA
S7_82724891,7,82724891,NA,NA,NA,NA
S6_154893510,6,154893510,NA,NA,NA,NA
S5_189401996,5,189401996,NA,NA,NA,NA
S3_127500261,3,127500261,NA,NA,NA,NA
S3_21463409,3,21463409,NA,NA,NA,NA
S5_193453465,5,193453465,NA,NA,NA,NA
S1_148451789,1,148451789,NA,NA,NA,NA
S9_22101542,9,22101542,NA,NA,NA,NA
S9_22101564,9,22101564,NA,NA,NA,NA
S1_187979932,1,187979932,NA,NA,NA,NA
S8_107014688,8,107014688,NA,NA,NA,NA
S5_205369976,5,205369976,NA,NA,NA,NA
S4_2115988,4,2115988,NA,NA,NA,NA
S5_188833040,5,188833040,NA,NA,NA,NA
S5_188833050,5,188833050,NA,NA,NA,NA
S3_173586054,3,173586054,NA,NA,NA,NA
S8_152769780,8,152769780,NA,NA,NA,NA
S4_141602751,4,141602751,NA,NA,NA,NA
S8_116485337,8,116485337,NA,NA,NA,NA
S8_78857312,8,78857312,NA,NA,NA,NA
S5_46766288,5,46766288,NA,NA,NA,NA
S4_223519868,4,223519868,NA,NA,NA,NA
S2_164188153,2,164188153,NA,NA,NA,NA
S1_115405533,1,115405533,NA,NA,NA,NA
S8_130100393,8,130100393,NA,NA,NA,NA
S4_49729965,4,49729965,NA,NA,NA,NA
S7_162717623,7,162717623,NA,NA,NA,NA
S3_42889608,3,42889608,NA,NA,NA,NA
S6_68202619,6,68202619,NA,NA,NA,NA
S2_29667502,2,29667502,NA,NA,NA,NA
S1_280579399,1,280579399,NA,NA,NA,NA
S2_40152463,2,40152463,NA,NA,NA,NA
S1_296205832,1,296205832,NA,NA,NA,NA
S2_233802695,2,233802695,NA,NA,NA,NA
S8_170277728,8,170277728,NA,NA,NA,NA
S5_176611246,5,176611246,NA,NA,NA,NA
S10_98689021,10,98689021,NA,NA,NA,NA
S1_251041463,1,251041463,NA,NA,NA,NA
S1_72224007,1,72224007,NA,NA,NA,NA
S9_136829542,9,136829542,NA,NA,NA,NA
S7_128646868,7,128646868,NA,NA,NA,NA
S1_206305281,1,206305281,NA,NA,NA,NA
S4_159994593,4,159994593,NA,NA,NA,NA
S6_154347667,6,154347667,NA,NA,NA,NA
S2_48738665,2,48738665,NA,NA,NA,NA
S4_204269594,4,204269594,NA,NA,NA,NA
S8_165858707,8,165858707,NA,NA,NA,NA
S10_21552265,10,21552265,NA,NA,NA,NA
S6_36361784,6,36361784,NA,NA,NA,NA
S6_36361836,6,36361836,NA,NA,NA,NA
S4_5037450,4,5037450,NA,NA,NA,NA
S10_21860023,10,21860023,NA,NA,NA,NA
S4_194977780,4,194977780,NA,NA,NA,NA
S4_194977781,4,194977781,NA,NA,NA,NA
S8_17058672,8,17058672,NA,NA,NA,NA
S2_26731071,2,26731071,NA,NA,NA,NA
S9_147294103,9,147294103,NA,NA,NA,NA
S5_5637857,5,5637857,NA,NA,NA,NA
S8_5911817,8,5911817,NA,NA,NA,NA
S5_12151698,5,12151698,NA,NA,NA,NA
S2_187124669,2,187124669,NA,NA,NA,NA
S3_2154904,3,2154904,NA,NA,NA,NA
S1_10584085,1,10584085,NA,NA,NA,NA
S9_99076912,9,99076912,NA,NA,NA,NA
S3_24356596,3,24356596,NA,NA,NA,NA
S3_24356618,3,24356618,NA,NA,NA,NA
S9_91475256,9,91475256,NA,NA,NA,NA
S9_8957176,9,8957176,NA,NA,NA,NA
S4_158338250,4,158338250,NA,NA,NA,NA
S1_19642337,1,19642337,NA,NA,NA,NA
S1_148514664,1,148514664,NA,NA,NA,NA
S2_233746665,2,233746665,NA,NA,NA,NA
S1_253315522,1,253315522,NA,NA,NA,NA
S7_142782652,7,142782652,NA,NA,NA,NA
S3_191060885,3,191060885,NA,NA,NA,NA
S6_90549597,6,90549597,NA,NA,NA,NA
S6_90549600,6,90549600,NA,NA,NA,NA
S2_33500007,2,33500007,NA,NA,NA,NA
S6_88152910,6,88152910,NA,NA,NA,NA
S1_299283355,1,299283355,NA,NA,NA,NA
S8_14728634,8,14728634,NA,NA,NA,NA
S3_169876616,3,169876616,NA,NA,NA,NA
S1_3474893,1,3474893,NA,NA,NA,NA
S7_140689091,7,140689091,NA,NA,NA,NA
S3_3551346,3,3551346,NA,NA,NA,NA
S1_16825995,1,16825995,NA,NA,NA,NA
S6_165152203,6,165152203,NA,NA,NA,NA
S5_214425167,5,214425167,NA,NA,NA,NA
S6_96919447,6,96919447,NA,NA,NA,NA
S2_108143510,2,108143510,NA,NA,NA,NA
S10_114852610,10,114852610,NA,NA,NA,NA
S1_78364283,1,78364283,NA,NA,NA,NA
S2_14836590,2,14836590,NA,NA,NA,NA
S8_64650372,8,64650372,NA,NA,NA,NA
S5_212617639,5,212617639,NA,NA,NA,NA
S5_212617642,5,212617642,NA,NA,NA,NA
S2_186642403,2,186642403,NA,NA,NA,NA
S2_20394084,2,20394084,NA,NA,NA,NA
S9_130883256,9,130883256,NA,NA,NA,NA
S4_239683666,4,239683666,NA,NA,NA,NA
S5_72810875,5,72810875,NA,NA,NA,NA
S3_220678250,3,220678250,NA,NA,NA,NA
S10_148833773,10,148833773,NA,NA,NA,NA
S10_148833776,10,148833776,NA,NA,NA,NA
S10_148833779,10,148833779,NA,NA,NA,NA
S2_127825818,2,127825818,NA,NA,NA,NA
S4_228665029,4,228665029,NA,NA,NA,NA
S2_208882240,2,208882240,NA,NA,NA,NA
S6_160052487,6,160052487,NA,NA,NA,NA
S1_93073541,1,93073541,NA,NA,NA,NA
S1_166767252,1,166767252,NA,NA,NA,NA
S6_90307798,6,90307798,NA,NA,NA,NA
S4_163647750,4,163647750,NA,NA,NA,NA
S4_163647767,4,163647767,NA,NA,NA,NA
S6_147393416,6,147393416,NA,NA,NA,NA
S3_33476858,3,33476858,NA,NA,NA,NA
S5_135583033,5,135583033,NA,NA,NA,NA
S5_135583038,5,135583038,NA,NA,NA,NA
S5_135583041,5,135583041,NA,NA,NA,NA
S5_135583043,5,135583043,NA,NA,NA,NA
S5_135583044,5,135583044,NA,NA,NA,NA
S1_212353408,1,212353408,NA,NA,NA,NA
S7_162758560,7,162758560,NA,NA,NA,NA
S1_48379080,1,48379080,NA,NA,NA,NA
S8_94872184,8,94872184,NA,NA,NA,NA
S4_13688235,4,13688235,NA,NA,NA,NA
S5_4670903,5,4670903,NA,NA,NA,NA
S9_105518619,9,105518619,NA,NA,NA,NA
S6_155614959,6,155614959,NA,NA,NA,NA
S6_168069801,6,168069801,NA,NA,NA,NA
S2_45193019,2,45193019,NA,NA,NA,NA
S10_83670914,10,83670914,NA,NA,NA,NA
S7_82942951,7,82942951,NA,NA,NA,NA
S2_45518434,2,45518434,NA,NA,NA,NA
S4_124279802,4,124279802,NA,NA,NA,NA
S1_32839033,1,32839033,NA,NA,NA,NA
S1_165411251,1,165411251,NA,NA,NA,NA
S6_168069768,6,168069768,NA,NA,NA,NA
S7_175205112,7,175205112,NA,NA,NA,NA
S4_4271229,4,4271229,NA,NA,NA,NA
S4_189107447,4,189107447,NA,NA,NA,NA
S6_97804888,6,97804888,NA,NA,NA,NA
S7_130426122,7,130426122,NA,NA,NA,NA
S5_197606505,5,197606505,NA,NA,NA,NA
S6_150368315,6,150368315,NA,NA,NA,NA
S1_202919545,1,202919545,NA,NA,NA,NA
S3_209853867,3,209853867,NA,NA,NA,NA
S2_215520101,2,215520101,NA,NA,NA,NA
S4_4060910,4,4060910,NA,NA,NA,NA
S10_83670925,10,83670925,NA,NA,NA,NA
S5_38985427,5,38985427,NA,NA,NA,NA
S5_185574270,5,185574270,NA,NA,NA,NA
S2_49733169,2,49733169,NA,NA,NA,NA
S3_2813307,3,2813307,NA,NA,NA,NA
S9_102197238,9,102197238,NA,NA,NA,NA
S8_137219220,8,137219220,NA,NA,NA,NA
S8_17069800,8,17069800,NA,NA,NA,NA
S1_245869853,1,245869853,NA,NA,NA,NA
S4_159994615,4,159994615,NA,NA,NA,NA
S6_160053860,6,160053860,NA,NA,NA,NA
S1_208247644,1,208247644,NA,NA,NA,NA
S2_187276747,2,187276747,NA,NA,NA,NA
S1_219719651,1,219719651,NA,NA,NA,NA
S3_147969891,3,147969891,NA,NA,NA,NA
S5_86190596,5,86190596,NA,NA,NA,NA
S3_213790582,3,213790582,NA,NA,NA,NA
S4_18574170,4,18574170,NA,NA,NA,NA
S10_27646074,10,27646074,NA,NA,NA,NA
S3_169053705,3,169053705,NA,NA,NA,NA
S1_291901727,1,291901727,NA,NA,NA,NA
S9_55347591,9,55347591,NA,NA,NA,NA
S7_140248919,7,140248919,NA,NA,NA,NA
S2_193164055,2,193164055,NA,NA,NA,NA
S8_104819788,8,104819788,NA,NA,NA,NA
S10_112205816,10,112205816,NA,NA,NA,NA
S1_298141774,1,298141774,NA,NA,NA,NA
S8_40686163,8,40686163,NA,NA,NA,NA
S3_19942353,3,19942353,NA,NA,NA,NA
S5_85864723,5,85864723,NA,NA,NA,NA
S7_166699068,7,166699068,NA,NA,NA,NA
S9_145886360,9,145886360,NA,NA,NA,NA
S1_208827599,1,208827599,NA,NA,NA,NA
S5_210303111,5,210303111,NA,NA,NA,NA
S1_102945935,1,102945935,NA,NA,NA,NA
S4_7010197,4,7010197,NA,NA,NA,NA
S6_117452679,6,117452679,NA,NA,NA,NA
S6_44824453,6,44824453,NA,NA,NA,NA
S6_156593921,6,156593921,NA,NA,NA,NA
S6_156593924,6,156593924,NA,NA,NA,NA
S5_111341918,5,111341918,NA,NA,NA,NA
S4_177307849,4,177307849,NA,NA,NA,NA
S8_16743005,8,16743005,NA,NA,NA,NA
S8_170709613,8,170709613,NA,NA,NA,NA
S4_152408222,4,152408222,NA,NA,NA,NA
S4_152408243,4,152408243,NA,NA,NA,NA
S3_29979146,3,29979146,NA,NA,NA,NA
S8_147097779,8,147097779,NA,NA,NA,NA
S10_57996986,10,57996986,NA,NA,NA,NA
S4_36217107,4,36217107,NA,NA,NA,NA
S5_53081607,5,53081607,NA,NA,NA,NA
S8_21700404,8,21700404,NA,NA,NA,NA
S8_90189467,8,90189467,NA,NA,NA,NA
S8_166633868,8,166633868,NA,NA,NA,NA
S9_128786661,9,128786661,NA,NA,NA,NA
S5_70063049,5,70063049,NA,NA,NA,NA
S5_200435041,5,200435041,NA,NA,NA,NA
S4_191045569,4,191045569,NA,NA,NA,NA
S3_127613676,3,127613676,NA,NA,NA,NA
S6_109250483,6,109250483,NA,NA,NA,NA
S2_4664814,2,4664814,NA,NA,NA,NA
S4_194316896,4,194316896,NA,NA,NA,NA
S5_199974693,5,199974693,NA,NA,NA,NA
S4_183929555,4,183929555,NA,NA,NA,NA
S1_33956213,1,33956213,NA,NA,NA,NA
S1_189771466,1,189771466,NA,NA,NA,NA
S8_23423716,8,23423716,NA,NA,NA,NA
S4_231736367,4,231736367,NA,NA,NA,NA
S8_169902798,8,169902798,NA,NA,NA,NA
S1_273309515,1,273309515,NA,NA,NA,NA
S7_168745410,7,168745410,NA,NA,NA,NA
S8_14589181,8,14589181,NA,NA,NA,NA
S6_62444959,6,62444959,NA,NA,NA,NA
S6_156444050,6,156444050,NA,NA,NA,NA
S4_26377858,4,26377858,NA,NA,NA,NA
S8_139344545,8,139344545,NA,NA,NA,NA
S3_229309532,3,229309532,NA,NA,NA,NA
S3_3551060,3,3551060,NA,NA,NA,NA
S4_220606219,4,220606219,NA,NA,NA,NA
S7_162762870,7,162762870,NA,NA,NA,NA
S5_200113540,5,200113540,NA,NA,NA,NA
S3_170457214,3,170457214,NA,NA,NA,NA
S1_107792455,1,107792455,NA,NA,NA,NA
S4_233629573,4,233629573,NA,NA,NA,NA
S1_46930060,1,46930060,NA,NA,NA,NA
S1_46930063,1,46930063,NA,NA,NA,NA
S1_46930065,1,46930065,NA,NA,NA,NA
S1_46930068,1,46930068,NA,NA,NA,NA
S1_46930071,1,46930071,NA,NA,NA,NA
S7_131188230,7,131188230,NA,NA,NA,NA
S5_61672156,5,61672156,NA,NA,NA,NA
S10_144528717,10,144528717,NA,NA,NA,NA
S1_74711166,1,74711166,NA,NA,NA,NA
S2_61491659,2,61491659,NA,NA,NA,NA
S2_61491660,2,61491660,NA,NA,NA,NA
S2_61491661,2,61491661,NA,NA,NA,NA
S2_61491663,2,61491663,NA,NA,NA,NA
S2_61491664,2,61491664,NA,NA,NA,NA
S3_3559753,3,3559753,NA,NA,NA,NA
S3_3559754,3,3559754,NA,NA,NA,NA
S5_33492237,5,33492237,NA,NA,NA,NA
S1_175897775,1,175897775,NA,NA,NA,NA
S7_18427020,7,18427020,NA,NA,NA,NA
S5_32798082,5,32798082,NA,NA,NA,NA
S8_131580810,8,131580810,NA,NA,NA,NA
S1_217736061,1,217736061,NA,NA,NA,NA
S4_238040901,4,238040901,NA,NA,NA,NA
S2_199180856,2,199180856,NA,NA,NA,NA
S2_23837256,2,23837256,NA,NA,NA,NA
S7_158951505,7,158951505,NA,NA,NA,NA
S1_250863445,1,250863445,NA,NA,NA,NA
S2_209111987,2,209111987,NA,NA,NA,NA
S3_20306056,3,20306056,NA,NA,NA,NA
S6_120275442,6,120275442,NA,NA,NA,NA
S5_82234156,5,82234156,NA,NA,NA,NA
S9_137552421,9,137552421,NA,NA,NA,NA
S9_141407033,9,141407033,NA,NA,NA,NA
S5_51435988,5,51435988,NA,NA,NA,NA
S5_212545560,5,212545560,NA,NA,NA,NA
S2_54360009,2,54360009,NA,NA,NA,NA
S5_202305221,5,202305221,NA,NA,NA,NA
S5_110178310,5,110178310,NA,NA,NA,NA
S1_119551193,1,119551193,NA,NA,NA,NA
S2_181538947,2,181538947,NA,NA,NA,NA
S2_148506853,2,148506853,NA,NA,NA,NA
S2_148506860,2,148506860,NA,NA,NA,NA
S2_148506863,2,148506863,NA,NA,NA,NA
S3_4680505,3,4680505,NA,NA,NA,NA
S3_4680535,3,4680535,NA,NA,NA,NA
S2_164188141,2,164188141,NA,NA,NA,NA
S9_143887199,9,143887199,NA,NA,NA,NA
S5_39361455,5,39361455,NA,NA,NA,NA
S5_39361479,5,39361479,NA,NA,NA,NA
S1_22316748,1,22316748,NA,NA,NA,NA
S5_173619449,5,173619449,NA,NA,NA,NA
S1_288638900,1,288638900,NA,NA,NA,NA
S2_206891842,2,206891842,NA,NA,NA,NA
S7_125320810,7,125320810,NA,NA,NA,NA
S6_150596857,6,150596857,NA,NA,NA,NA
S1_179980347,1,179980347,NA,NA,NA,NA
S1_33268130,1,33268130,NA,NA,NA,NA
S2_2069896,2,2069896,NA,NA,NA,NA
S5_76216149,5,76216149,NA,NA,NA,NA
S10_3191113,10,3191113,NA,NA,NA,NA
S10_3191116,10,3191116,NA,NA,NA,NA
S10_3191118,10,3191118,NA,NA,NA,NA
S10_3191120,10,3191120,NA,NA,NA,NA
S9_17724746,9,17724746,NA,NA,NA,NA
S3_166449870,3,166449870,NA,NA,NA,NA
S5_4322045,5,4322045,NA,NA,NA,NA
S6_165022525,6,165022525,NA,NA,NA,NA
S1_214152642,1,214152642,NA,NA,NA,NA
S8_156042796,8,156042796,NA,NA,NA,NA
S1_52626995,1,52626995,NA,NA,NA,NA
S10_91358318,10,91358318,NA,NA,NA,NA
S5_5210204,5,5210204,NA,NA,NA,NA
S3_57372503,3,57372503,NA,NA,NA,NA
S6_161548595,6,161548595,NA,NA,NA,NA
S8_159796954,8,159796954,NA,NA,NA,NA
S1_15169935,1,15169935,NA,NA,NA,NA
S2_38342079,2,38342079,NA,NA,NA,NA
S4_171785744,4,171785744,NA,NA,NA,NA
S5_93280712,5,93280712,NA,NA,NA,NA
S5_93280721,5,93280721,NA,NA,NA,NA
S3_4542443,3,4542443,NA,NA,NA,NA
S2_1436467,2,1436467,NA,NA,NA,NA
S2_23837702,2,23837702,NA,NA,NA,NA
S8_159501530,8,159501530,NA,NA,NA,NA
S9_12600389,9,12600389,NA,NA,NA,NA
S10_107811206,10,107811206,NA,NA,NA,NA
S10_17676463,10,17676463,NA,NA,NA,NA
S5_4294705,5,4294705,NA,NA,NA,NA
S5_4294708,5,4294708,NA,NA,NA,NA
S8_132327770,8,132327770,NA,NA,NA,NA
S7_168995211,7,168995211,NA,NA,NA,NA
S1_71001765,1,71001765,NA,NA,NA,NA
S5_190295743,5,190295743,NA,NA,NA,NA
S7_82724860,7,82724860,NA,NA,NA,NA
S3_86774255,3,86774255,NA,NA,NA,NA
S9_151123987,9,151123987,NA,NA,NA,NA
S8_26350602,8,26350602,NA,NA,NA,NA
S1_297297412,1,297297412,NA,NA,NA,NA
S1_207709390,1,207709390,NA,NA,NA,NA
S1_27108578,1,27108578,NA,NA,NA,NA
S5_137151770,5,137151770,NA,NA,NA,NA
S7_15827627,7,15827627,NA,NA,NA,NA
S7_15827634,7,15827634,NA,NA,NA,NA
S3_172672706,3,172672706,NA,NA,NA,NA
S7_174754794,7,174754794,NA,NA,NA,NA
S7_2615513,7,2615513,NA,NA,NA,NA
S6_144374218,6,144374218,NA,NA,NA,NA
S4_12909643,4,12909643,NA,NA,NA,NA
S3_215663539,3,215663539,NA,NA,NA,NA
S5_205730659,5,205730659,NA,NA,NA,NA
S9_27180301,9,27180301,NA,NA,NA,NA
S7_120721225,7,120721225,NA,NA,NA,NA
S5_193555403,5,193555403,NA,NA,NA,NA
S10_140843373,10,140843373,NA,NA,NA,NA
S7_98568222,7,98568222,NA,NA,NA,NA
S7_98568231,7,98568231,NA,NA,NA,NA
S6_72861507,6,72861507,NA,NA,NA,NA
S8_162518712,8,162518712,NA,NA,NA,NA
S1_148515216,1,148515216,NA,NA,NA,NA
S3_210265629,3,210265629,NA,NA,NA,NA
S2_133190666,2,133190666,NA,NA,NA,NA
S7_21800944,7,21800944,NA,NA,NA,NA
S5_204760073,5,204760073,NA,NA,NA,NA
S4_146287753,4,146287753,NA,NA,NA,NA
S5_150416081,5,150416081,NA,NA,NA,NA
S5_53079556,5,53079556,NA,NA,NA,NA
S3_45035564,3,45035564,NA,NA,NA,NA
S3_216424238,3,216424238,NA,NA,NA,NA
S3_207251136,3,207251136,NA,NA,NA,NA
S8_39016855,8,39016855,NA,NA,NA,NA
S7_128569871,7,128569871,NA,NA,NA,NA
S8_109910432,8,109910432,NA,NA,NA,NA
S10_126894464,10,126894464,NA,NA,NA,NA
S1_198474650,1,198474650,NA,NA,NA,NA
S10_126307599,10,126307599,NA,NA,NA,NA
S1_38316738,1,38316738,NA,NA,NA,NA
S1_23046246,1,23046246,NA,NA,NA,NA
S9_98678625,9,98678625,NA,NA,NA,NA
S3_154659620,3,154659620,NA,NA,NA,NA
S1_237964822,1,237964822,NA,NA,NA,NA
S1_237964823,1,237964823,NA,NA,NA,NA
S1_160530894,1,160530894,NA,NA,NA,NA
S5_213038590,5,213038590,NA,NA,NA,NA
S5_176800270,5,176800270,NA,NA,NA,NA
S9_149551831,9,149551831,NA,NA,NA,NA
S8_102656920,8,102656920,NA,NA,NA,NA
S5_198778123,5,198778123,NA,NA,NA,NA
S7_83459880,7,83459880,NA,NA,NA,NA
S10_5917154,10,5917154,NA,NA,NA,NA
S10_5917156,10,5917156,NA,NA,NA,NA
S10_5917159,10,5917159,NA,NA,NA,NA
S10_5917161,10,5917161,NA,NA,NA,NA
S10_5917162,10,5917162,NA,NA,NA,NA
S10_5917172,10,5917172,NA,NA,NA,NA
S5_208367916,5,208367916,NA,NA,NA,NA
S9_133920554,9,133920554,NA,NA,NA,NA
S9_133920569,9,133920569,NA,NA,NA,NA
S9_133920570,9,133920570,NA,NA,NA,NA
S2_206891813,2,206891813,NA,NA,NA,NA
S2_206891814,2,206891814,NA,NA,NA,NA
S3_153262873,3,153262873,NA,NA,NA,NA
S3_6977357,3,6977357,NA,NA,NA,NA
S1_283251697,1,283251697,NA,NA,NA,NA
S2_214078995,2,214078995,NA,NA,NA,NA
S4_39796764,4,39796764,NA,NA,NA,NA
S4_234954673,4,234954673,NA,NA,NA,NA
S10_139314716,10,139314716,NA,NA,NA,NA
S4_67652873,4,67652873,NA,NA,NA,NA
S5_88793942,5,88793942,NA,NA,NA,NA
S4_155296773,4,155296773,NA,NA,NA,NA
S4_155296785,4,155296785,NA,NA,NA,NA
S2_28315806,2,28315806,NA,NA,NA,NA
S7_165946277,7,165946277,NA,NA,NA,NA
S10_146995802,10,146995802,NA,NA,NA,NA
S7_103876956,7,103876956,NA,NA,NA,NA
S5_31444663,5,31444663,NA,NA,NA,NA
S6_156551634,6,156551634,NA,NA,NA,NA
S1_38445432,1,38445432,NA,NA,NA,NA
S2_225229216,2,225229216,NA,NA,NA,NA
S2_225229239,2,225229239,NA,NA,NA,NA
S9_153453087,9,153453087,NA,NA,NA,NA
S7_173807263,7,173807263,NA,NA,NA,NA
S6_147897446,6,147897446,NA,NA,NA,NA
S4_79106236,4,79106236,NA,NA,NA,NA
S8_14848403,8,14848403,NA,NA,NA,NA
S7_171703308,7,171703308,NA,NA,NA,NA
S1_213232464,1,213232464,NA,NA,NA,NA
S3_195653762,3,195653762,NA,NA,NA,NA
S6_142099405,6,142099405,NA,NA,NA,NA
S8_118675369,8,118675369,NA,NA,NA,NA
S8_118675399,8,118675399,NA,NA,NA,NA
S10_2230521,10,2230521,NA,NA,NA,NA
S7_137488847,7,137488847,NA,NA,NA,NA
S3_50098781,3,50098781,NA,NA,NA,NA
S4_78613549,4,78613549,NA,NA,NA,NA
S10_106312613,10,106312613,NA,NA,NA,NA
S1_119429738,1,119429738,NA,NA,NA,NA
S9_151987537,9,151987537,NA,NA,NA,NA
S6_163022338,6,163022338,NA,NA,NA,NA
S1_5089007,1,5089007,NA,NA,NA,NA
S4_14858986,4,14858986,NA,NA,NA,NA
S3_36217329,3,36217329,NA,NA,NA,NA
S1_40142639,1,40142639,NA,NA,NA,NA
S1_70768832,1,70768832,NA,NA,NA,NA
S1_70768843,1,70768843,NA,NA,NA,NA
S10_108360055,10,108360055,NA,NA,NA,NA
S1_44162398,1,44162398,NA,NA,NA,NA
S8_139147885,8,139147885,NA,NA,NA,NA
S3_190081952,3,190081952,NA,NA,NA,NA
S2_14206996,2,14206996,NA,NA,NA,NA
S2_45967754,2,45967754,NA,NA,NA,NA
S9_13755132,9,13755132,NA,NA,NA,NA
S1_45505804,1,45505804,NA,NA,NA,NA
S2_219330641,2,219330641,NA,NA,NA,NA
S5_18157235,5,18157235,NA,NA,NA,NA
S3_13538757,3,13538757,NA,NA,NA,NA
S8_137758520,8,137758520,NA,NA,NA,NA
S10_147141357,10,147141357,NA,NA,NA,NA
S5_55216459,5,55216459,NA,NA,NA,NA
S1_53423541,1,53423541,NA,NA,NA,NA
S8_123536901,8,123536901,NA,NA,NA,NA
S5_164989812,5,164989812,NA,NA,NA,NA
S2_202278793,2,202278793,NA,NA,NA,NA
S9_18702466,9,18702466,NA,NA,NA,NA
S1_76455892,1,76455892,NA,NA,NA,NA
S1_293930262,1,293930262,NA,NA,NA,NA
S1_71607318,1,71607318,NA,NA,NA,NA
S1_38870244,1,38870244,NA,NA,NA,NA
S7_308866,7,308866,NA,NA,NA,NA
S2_9023187,2,9023187,NA,NA,NA,NA
S10_75809759,10,75809759,NA,NA,NA,NA
S10_75809767,10,75809767,NA,NA,NA,NA
S10_75809774,10,75809774,NA,NA,NA,NA
S8_6512986,8,6512986,NA,NA,NA,NA
S3_18219906,3,18219906,NA,NA,NA,NA
S3_57145631,3,57145631,NA,NA,NA,NA
S7_1120988,7,1120988,NA,NA,NA,NA
S10_114869715,10,114869715,NA,NA,NA,NA
S6_145646257,6,145646257,NA,NA,NA,NA
S7_173176680,7,173176680,NA,NA,NA,NA
S4_158562214,4,158562214,NA,NA,NA,NA
S2_8783899,2,8783899,NA,NA,NA,NA
S2_191818312,2,191818312,NA,NA,NA,NA
S9_144527974,9,144527974,NA,NA,NA,NA
S8_21874439,8,21874439,NA,NA,NA,NA
S3_213532202,3,213532202,NA,NA,NA,NA
S3_123784748,3,123784748,NA,NA,NA,NA
S4_195019454,4,195019454,NA,NA,NA,NA
S10_109252708,10,109252708,NA,NA,NA,NA
S3_133782782,3,133782782,NA,NA,NA,NA
S3_142731582,3,142731582,NA,NA,NA,NA
S6_140019245,6,140019245,NA,NA,NA,NA
S8_105674147,8,105674147,NA,NA,NA,NA
S2_218775326,2,218775326,NA,NA,NA,NA
S3_1289855,3,1289855,NA,NA,NA,NA
S6_27118834,6,27118834,NA,NA,NA,NA
S3_200068296,3,200068296,NA,NA,NA,NA
S2_9601596,2,9601596,NA,NA,NA,NA
S1_46406068,1,46406068,NA,NA,NA,NA
S3_125426615,3,125426615,NA,NA,NA,NA
S3_2767079,3,2767079,NA,NA,NA,NA
S6_58454471,6,58454471,NA,NA,NA,NA
S10_83692738,10,83692738,NA,NA,NA,NA
S10_83692776,10,83692776,NA,NA,NA,NA
S10_83692784,10,83692784,NA,NA,NA,NA
S10_78378353,10,78378353,NA,NA,NA,NA
S4_237687561,4,237687561,NA,NA,NA,NA
S7_112945678,7,112945678,NA,NA,NA,NA
S7_112945682,7,112945682,NA,NA,NA,NA
S6_154331405,6,154331405,NA,NA,NA,NA
S5_199708344,5,199708344,NA,NA,NA,NA
S6_155456358,6,155456358,NA,NA,NA,NA
S3_190895445,3,190895445,NA,NA,NA,NA
S8_152589984,8,152589984,NA,NA,NA,NA
S9_88651683,9,88651683,NA,NA,NA,NA
S9_10762567,9,10762567,NA,NA,NA,NA
S2_234441193,2,234441193,NA,NA,NA,NA
S6_159719235,6,159719235,NA,NA,NA,NA
S5_177854480,5,177854480,NA,NA,NA,NA
S10_115611550,10,115611550,NA,NA,NA,NA
S3_149564328,3,149564328,NA,NA,NA,NA
S2_179011196,2,179011196,NA,NA,NA,NA
S5_211200063,5,211200063,NA,NA,NA,NA
S8_159955118,8,159955118,NA,NA,NA,NA
S9_152534806,9,152534806,NA,NA,NA,NA
S7_36419541,7,36419541,NA,NA,NA,NA
S8_159956100,8,159956100,NA,NA,NA,NA
S8_166561727,8,166561727,NA,NA,NA,NA
S2_146409161,2,146409161,NA,NA,NA,NA
S7_120721194,7,120721194,NA,NA,NA,NA
S1_277381979,1,277381979,NA,NA,NA,NA
S6_2428403,6,2428403,NA,NA,NA,NA
S5_186945127,5,186945127,NA,NA,NA,NA
S1_258655437,1,258655437,NA,NA,NA,NA
S2_40339034,2,40339034,NA,NA,NA,NA
S9_108296493,9,108296493,NA,NA,NA,NA
S7_159759828,7,159759828,NA,NA,NA,NA
S8_108661186,8,108661186,NA,NA,NA,NA
S9_45849929,9,45849929,NA,NA,NA,NA
S9_45849945,9,45849945,NA,NA,NA,NA
S9_45849947,9,45849947,NA,NA,NA,NA
S9_45849972,9,45849972,NA,NA,NA,NA
S10_98686686,10,98686686,NA,NA,NA,NA
S1_193250979,1,193250979,NA,NA,NA,NA
S1_4724596,1,4724596,NA,NA,NA,NA
S3_114873985,3,114873985,NA,NA,NA,NA
S8_155905405,8,155905405,NA,NA,NA,NA
S8_138658934,8,138658934,NA,NA,NA,NA
S10_1883806,10,1883806,NA,NA,NA,NA
S3_221275417,3,221275417,NA,NA,NA,NA
S8_8860221,8,8860221,NA,NA,NA,NA
S9_44451358,9,44451358,NA,NA,NA,NA
S2_210451892,2,210451892,NA,NA,NA,NA
S8_69125552,8,69125552,NA,NA,NA,NA
S7_131440970,7,131440970,NA,NA,NA,NA
S1_198734625,1,198734625,NA,NA,NA,NA
S2_144880858,2,144880858,NA,NA,NA,NA
S4_237322520,4,237322520,NA,NA,NA,NA
S1_206123871,1,206123871,NA,NA,NA,NA
S2_69707672,2,69707672,NA,NA,NA,NA
S4_6233708,4,6233708,NA,NA,NA,NA
S4_233070827,4,233070827,NA,NA,NA,NA
S5_16852485,5,16852485,NA,NA,NA,NA
S6_21465715,6,21465715,NA,NA,NA,NA
S6_67259789,6,67259789,NA,NA,NA,NA
S4_33223696,4,33223696,NA,NA,NA,NA
S1_21543129,1,21543129,NA,NA,NA,NA
S2_206891845,2,206891845,NA,NA,NA,NA
S3_36948972,3,36948972,NA,NA,NA,NA
S5_22798606,5,22798606,NA,NA,NA,NA
S1_297790683,1,297790683,NA,NA,NA,NA
S5_211767825,5,211767825,NA,NA,NA,NA
S5_10173997,5,10173997,NA,NA,NA,NA
S3_33065155,3,33065155,NA,NA,NA,NA
S5_206742829,5,206742829,NA,NA,NA,NA
S1_206424309,1,206424309,NA,NA,NA,NA
S2_184001372,2,184001372,NA,NA,NA,NA
S8_27312972,8,27312972,NA,NA,NA,NA
S5_202054239,5,202054239,NA,NA,NA,NA
S2_205898004,2,205898004,NA,NA,NA,NA
S3_211018244,3,211018244,NA,NA,NA,NA
S3_151708057,3,151708057,NA,NA,NA,NA
S7_3904567,7,3904567,NA,NA,NA,NA
S10_14001739,10,14001739,NA,NA,NA,NA
S2_26976730,2,26976730,NA,NA,NA,NA
S1_164493502,1,164493502,NA,NA,NA,NA
S2_86793300,2,86793300,NA,NA,NA,NA
S2_86793302,2,86793302,NA,NA,NA,NA
S5_188472767,5,188472767,NA,NA,NA,NA
S7_122717897,7,122717897,NA,NA,NA,NA
S7_122717936,7,122717936,NA,NA,NA,NA
S10_139839754,10,139839754,NA,NA,NA,NA
S4_171780554,4,171780554,NA,NA,NA,NA
S2_207150980,2,207150980,NA,NA,NA,NA
S5_199203151,5,199203151,NA,NA,NA,NA
S5_194093049,5,194093049,NA,NA,NA,NA
S3_191142066,3,191142066,NA,NA,NA,NA
S4_170814103,4,170814103,NA,NA,NA,NA
S7_162324268,7,162324268,NA,NA,NA,NA
S5_204728494,5,204728494,NA,NA,NA,NA
S1_288863322,1,288863322,NA,NA,NA,NA
S5_2272842,5,2272842,NA,NA,NA,NA
S9_127287163,9,127287163,NA,NA,NA,NA
S6_162940481,6,162940481,NA,NA,NA,NA
S8_145698377,8,145698377,NA,NA,NA,NA
S8_143492696,8,143492696,NA,NA,NA,NA
S6_93323515,6,93323515,NA,NA,NA,NA
S7_12275150,7,12275150,NA,NA,NA,NA
S3_224924777,3,224924777,NA,NA,NA,NA
S9_14906324,9,14906324,NA,NA,NA,NA
S2_38563820,2,38563820,NA,NA,NA,NA
S9_121601413,9,121601413,NA,NA,NA,NA
S1_262566403,1,262566403,NA,NA,NA,NA
S1_45366455,1,45366455,NA,NA,NA,NA
S1_191369823,1,191369823,NA,NA,NA,NA
S8_4258320,8,4258320,NA,NA,NA,NA
S10_92033803,10,92033803,NA,NA,NA,NA
S7_115182080,7,115182080,NA,NA,NA,NA
S1_61137508,1,61137508,NA,NA,NA,NA
S1_295304573,1,295304573,NA,NA,NA,NA
S8_109378680,8,109378680,NA,NA,NA,NA
S1_216164102,1,216164102,NA,NA,NA,NA
S4_181890713,4,181890713,NA,NA,NA,NA
S1_61145149,1,61145149,NA,NA,NA,NA
S1_61145151,1,61145151,NA,NA,NA,NA
S4_185566379,4,185566379,NA,NA,NA,NA
S8_22822347,8,22822347,NA,NA,NA,NA
S5_191899940,5,191899940,NA,NA,NA,NA
S1_73375502,1,73375502,NA,NA,NA,NA
S10_2232133,10,2232133,NA,NA,NA,NA
S9_91475232,9,91475232,NA,NA,NA,NA
S2_234229622,2,234229622,NA,NA,NA,NA
S2_234229633,2,234229633,NA,NA,NA,NA
S1_264953723,1,264953723,NA,NA,NA,NA
S3_180041907,3,180041907,NA,NA,NA,NA
S1_183782367,1,183782367,NA,NA,NA,NA
S4_831182,4,831182,NA,NA,NA,NA
S1_24308373,1,24308373,NA,NA,NA,NA
S2_19443471,2,19443471,NA,NA,NA,NA
S6_140908334,6,140908334,NA,NA,NA,NA
S2_21013411,2,21013411,NA,NA,NA,NA
S2_232166815,2,232166815,NA,NA,NA,NA
S4_167040079,4,167040079,NA,NA,NA,NA
S4_155210564,4,155210564,NA,NA,NA,NA
S10_117028387,10,117028387,NA,NA,NA,NA
S9_6312683,9,6312683,NA,NA,NA,NA
S3_206943389,3,206943389,NA,NA,NA,NA
S4_39796767,4,39796767,NA,NA,NA,NA
S6_156522456,6,156522456,NA,NA,NA,NA
S8_159956101,8,159956101,NA,NA,NA,NA
S8_159956102,8,159956102,NA,NA,NA,NA
S8_159956106,8,159956106,NA,NA,NA,NA
S8_159956108,8,159956108,NA,NA,NA,NA
S8_159956109,8,159956109,NA,NA,NA,NA
S1_8447991,1,8447991,NA,NA,NA,NA
S1_46930069,1,46930069,NA,NA,NA,NA
S1_206123810,1,206123810,NA,NA,NA,NA
S10_109703955,10,109703955,NA,NA,NA,NA
S5_33980491,5,33980491,NA,NA,NA,NA
S8_22684702,8,22684702,NA,NA,NA,NA
S2_3339801,2,3339801,NA,NA,NA,NA
S4_234112219,4,234112219,NA,NA,NA,NA
S4_234112228,4,234112228,NA,NA,NA,NA
S3_178409778,3,178409778,NA,NA,NA,NA
S7_173746142,7,173746142,NA,NA,NA,NA
S4_14632354,4,14632354,NA,NA,NA,NA
S1_199338776,1,199338776,NA,NA,NA,NA
S3_108428016,3,108428016,NA,NA,NA,NA
S8_149982925,8,149982925,NA,NA,NA,NA
S3_175549774,3,175549774,NA,NA,NA,NA
S4_220089473,4,220089473,NA,NA,NA,NA
S1_114222093,1,114222093,NA,NA,NA,NA
S1_19642436,1,19642436,NA,NA,NA,NA
S8_165398503,8,165398503,NA,NA,NA,NA
S2_236475550,2,236475550,NA,NA,NA,NA
S3_12291432,3,12291432,NA,NA,NA,NA
S3_1603166,3,1603166,NA,NA,NA,NA
S4_41841995,4,41841995,NA,NA,NA,NA
S2_1717402,2,1717402,NA,NA,NA,NA
S1_201957644,1,201957644,NA,NA,NA,NA
S9_151124022,9,151124022,NA,NA,NA,NA
S8_13912352,8,13912352,NA,NA,NA,NA
S2_6850594,2,6850594,NA,NA,NA,NA
S8_87034382,8,87034382,NA,NA,NA,NA
S6_165860607,6,165860607,NA,NA,NA,NA
S7_141906321,7,141906321,NA,NA,NA,NA
S6_154323811,6,154323811,NA,NA,NA,NA
S5_203400608,5,203400608,NA,NA,NA,NA
S2_217650053,2,217650053,NA,NA,NA,NA
S1_276695970,1,276695970,NA,NA,NA,NA
S3_155619613,3,155619613,NA,NA,NA,NA
S3_155619661,3,155619661,NA,NA,NA,NA
S5_215471933,5,215471933,NA,NA,NA,NA
S8_11528840,8,11528840,NA,NA,NA,NA
S8_166837731,8,166837731,NA,NA,NA,NA
S10_126532526,10,126532526,NA,NA,NA,NA
S9_102346833,9,102346833,NA,NA,NA,NA
S7_128672618,7,128672618,NA,NA,NA,NA
S3_154708852,3,154708852,NA,NA,NA,NA
S5_19528350,5,19528350,NA,NA,NA,NA
S2_226323250,2,226323250,NA,NA,NA,NA
S2_217120284,2,217120284,NA,NA,NA,NA
S1_35214633,1,35214633,NA,NA,NA,NA
S6_5505018,6,5505018,NA,NA,NA,NA
S3_172332492,3,172332492,NA,NA,NA,NA
S5_13809527,5,13809527,NA,NA,NA,NA
S1_74412794,1,74412794,NA,NA,NA,NA
S5_205329101,5,205329101,NA,NA,NA,NA
S2_8996922,2,8996922,NA,NA,NA,NA
S2_183918332,2,183918332,NA,NA,NA,NA
S1_43135951,1,43135951,NA,NA,NA,NA
S2_17676733,2,17676733,NA,NA,NA,NA
S9_145775529,9,145775529,NA,NA,NA,NA
S5_82326170,5,82326170,NA,NA,NA,NA
S1_58473436,1,58473436,NA,NA,NA,NA
S2_167402816,2,167402816,NA,NA,NA,NA
S9_145513238,9,145513238,NA,NA,NA,NA
S6_151135405,6,151135405,NA,NA,NA,NA
S3_185937565,3,185937565,NA,NA,NA,NA
S8_167777578,8,167777578,NA,NA,NA,NA
S1_279188004,1,279188004,NA,NA,NA,NA
S8_8104138,8,8104138,NA,NA,NA,NA
S3_14408480,3,14408480,NA,NA,NA,NA
S1_282793292,1,282793292,NA,NA,NA,NA
S1_170476432,1,170476432,NA,NA,NA,NA
S2_28316016,2,28316016,NA,NA,NA,NA
S8_166812429,8,166812429,NA,NA,NA,NA
S1_278357272,1,278357272,NA,NA,NA,NA
S3_210584033,3,210584033,NA,NA,NA,NA
S4_113417283,4,113417283,NA,NA,NA,NA
S4_191321803,4,191321803,NA,NA,NA,NA
S6_159824479,6,159824479,NA,NA,NA,NA
S4_6209179,4,6209179,NA,NA,NA,NA
S6_94700288,6,94700288,NA,NA,NA,NA
S3_187896997,3,187896997,NA,NA,NA,NA
S8_149301543,8,149301543,NA,NA,NA,NA
S2_197009294,2,197009294,NA,NA,NA,NA
S2_225537890,2,225537890,NA,NA,NA,NA
S2_225537894,2,225537894,NA,NA,NA,NA
S2_225537895,2,225537895,NA,NA,NA,NA
S4_215105674,4,215105674,NA,NA,NA,NA
S6_3677796,6,3677796,NA,NA,NA,NA
S2_40339058,2,40339058,NA,NA,NA,NA
S1_4606194,1,4606194,NA,NA,NA,NA
S1_4606196,1,4606196,NA,NA,NA,NA
S4_205977721,4,205977721,NA,NA,NA,NA
S1_42184756,1,42184756,NA,NA,NA,NA
S3_83972144,3,83972144,NA,NA,NA,NA
S8_150306705,8,150306705,NA,NA,NA,NA
S7_175565676,7,175565676,NA,NA,NA,NA
S6_156385683,6,156385683,NA,NA,NA,NA
S5_9622449,5,9622449,NA,NA,NA,NA
S6_108064937,6,108064937,NA,NA,NA,NA
S10_5917165,10,5917165,NA,NA,NA,NA
S3_197318599,3,197318599,NA,NA,NA,NA
S1_290955698,1,290955698,NA,NA,NA,NA
S3_196929095,3,196929095,NA,NA,NA,NA
S4_12977118,4,12977118,NA,NA,NA,NA
S1_250894640,1,250894640,NA,NA,NA,NA
S1_222450362,1,222450362,NA,NA,NA,NA
S8_133934508,8,133934508,NA,NA,NA,NA
S4_165833675,4,165833675,NA,NA,NA,NA
S1_242081544,1,242081544,NA,NA,NA,NA
S6_89823779,6,89823779,NA,NA,NA,NA
S1_23065759,1,23065759,NA,NA,NA,NA
S4_14858967,4,14858967,NA,NA,NA,NA
S5_142403819,5,142403819,NA,NA,NA,NA
S3_38439755,3,38439755,NA,NA,NA,NA
S1_209803349,1,209803349,NA,NA,NA,NA
S4_217096746,4,217096746,NA,NA,NA,NA
S1_74770977,1,74770977,NA,NA,NA,NA
S1_6534680,1,6534680,NA,NA,NA,NA
S6_134574867,6,134574867,NA,NA,NA,NA
S4_204382730,4,204382730,NA,NA,NA,NA
S5_2299255,5,2299255,NA,NA,NA,NA
S5_6112910,5,6112910,NA,NA,NA,NA
S7_2711974,7,2711974,NA,NA,NA,NA
S10_146599978,10,146599978,NA,NA,NA,NA
S5_176866875,5,176866875,NA,NA,NA,NA
S6_105125815,6,105125815,NA,NA,NA,NA
S2_9549750,2,9549750,NA,NA,NA,NA
S7_6535830,7,6535830,NA,NA,NA,NA
S8_106276204,8,106276204,NA,NA,NA,NA
S7_5128739,7,5128739,NA,NA,NA,NA
S7_5128733,7,5128733,NA,NA,NA,NA
S8_72383502,8,72383502,NA,NA,NA,NA
S2_236187946,2,236187946,NA,NA,NA,NA
S7_4115203,7,4115203,NA,NA,NA,NA
S5_214115988,5,214115988,NA,NA,NA,NA
S2_108409322,2,108409322,NA,NA,NA,NA
S1_69881124,1,69881124,NA,NA,NA,NA
S2_207359186,2,207359186,NA,NA,NA,NA
S4_22981345,4,22981345,NA,NA,NA,NA
S1_17673474,1,17673474,NA,NA,NA,NA
S8_111288489,8,111288489,NA,NA,NA,NA
S3_17182386,3,17182386,NA,NA,NA,NA
S1_45275419,1,45275419,NA,NA,NA,NA
S4_1295659,4,1295659,NA,NA,NA,NA
S7_303683,7,303683,NA,NA,NA,NA
S8_134742805,8,134742805,NA,NA,NA,NA
S1_255545029,1,255545029,NA,NA,NA,NA
S3_93364628,3,93364628,NA,NA,NA,NA
S3_93364633,3,93364633,NA,NA,NA,NA
S2_188535001,2,188535001,NA,NA,NA,NA
S2_112096349,2,112096349,NA,NA,NA,NA
S2_193815515,2,193815515,NA,NA,NA,NA
S1_246547942,1,246547942,NA,NA,NA,NA
S4_143804647,4,143804647,NA,NA,NA,NA
S2_220646900,2,220646900,NA,NA,NA,NA
S4_26377854,4,26377854,NA,NA,NA,NA
S6_93237080,6,93237080,NA,NA,NA,NA
S6_93237120,6,93237120,NA,NA,NA,NA
S1_14676966,1,14676966,NA,NA,NA,NA
S6_153785490,6,153785490,NA,NA,NA,NA
S10_8762265,10,8762265,NA,NA,NA,NA
S5_6675642,5,6675642,NA,NA,NA,NA
S7_173225557,7,173225557,NA,NA,NA,NA
S1_225577636,1,225577636,NA,NA,NA,NA
S8_152752276,8,152752276,NA,NA,NA,NA
S9_153214231,9,153214231,NA,NA,NA,NA
S4_80248180,4,80248180,NA,NA,NA,NA
S3_219845910,3,219845910,NA,NA,NA,NA
S4_240545199,4,240545199,NA,NA,NA,NA
S1_281633471,1,281633471,NA,NA,NA,NA
S1_255253576,1,255253576,NA,NA,NA,NA
S2_66745712,2,66745712,NA,NA,NA,NA
S5_71852764,5,71852764,NA,NA,NA,NA
S8_117611482,8,117611482,NA,NA,NA,NA
S8_117611495,8,117611495,NA,NA,NA,NA
S10_10394244,10,10394244,NA,NA,NA,NA
S2_19457677,2,19457677,NA,NA,NA,NA
S4_178670169,4,178670169,NA,NA,NA,NA
S9_82461294,9,82461294,NA,NA,NA,NA
S2_1958902,2,1958902,NA,NA,NA,NA
S2_23837257,2,23837257,NA,NA,NA,NA
S3_192912409,3,192912409,NA,NA,NA,NA
S8_168923213,8,168923213,NA,NA,NA,NA
S7_140710735,7,140710735,NA,NA,NA,NA
S2_150803073,2,150803073,NA,NA,NA,NA
S4_36026673,4,36026673,NA,NA,NA,NA
S5_33492197,5,33492197,NA,NA,NA,NA
S9_47753542,9,47753542,NA,NA,NA,NA
S1_12309647,1,12309647,NA,NA,NA,NA
S2_209479064,2,209479064,NA,NA,NA,NA
S6_148777029,6,148777029,NA,NA,NA,NA
S7_101886026,7,101886026,NA,NA,NA,NA
S2_12799892,2,12799892,NA,NA,NA,NA
S8_26870048,8,26870048,NA,NA,NA,NA
S2_236188597,2,236188597,NA,NA,NA,NA
S4_152413344,4,152413344,NA,NA,NA,NA
S8_144460678,8,144460678,NA,NA,NA,NA
S8_26350567,8,26350567,NA,NA,NA,NA
S7_165946345,7,165946345,NA,NA,NA,NA
S8_110711487,8,110711487,NA,NA,NA,NA
S8_110711503,8,110711503,NA,NA,NA,NA
S5_212613330,5,212613330,NA,NA,NA,NA
S6_130529289,6,130529289,NA,NA,NA,NA
S8_136047564,8,136047564,NA,NA,NA,NA
S1_12946709,1,12946709,NA,NA,NA,NA
S2_47605964,2,47605964,NA,NA,NA,NA
S3_173003348,3,173003348,NA,NA,NA,NA
S5_805081,5,805081,NA,NA,NA,NA
S8_146834423,8,146834423,NA,NA,NA,NA
S4_199711807,4,199711807,NA,NA,NA,NA
S8_162846072,8,162846072,NA,NA,NA,NA
S5_3091106,5,3091106,NA,NA,NA,NA
S1_46848879,1,46848879,NA,NA,NA,NA
S9_110495163,9,110495163,NA,NA,NA,NA
S6_89823756,6,89823756,NA,NA,NA,NA
S6_82615959,6,82615959,NA,NA,NA,NA
S8_38410967,8,38410967,NA,NA,NA,NA
S8_171403207,8,171403207,NA,NA,NA,NA
S5_207514176,5,207514176,NA,NA,NA,NA
S5_199724446,5,199724446,NA,NA,NA,NA
S2_46205307,2,46205307,NA,NA,NA,NA
S6_164143226,6,164143226,NA,NA,NA,NA
S3_158781338,3,158781338,NA,NA,NA,NA
S9_153511234,9,153511234,NA,NA,NA,NA
S5_12231111,5,12231111,NA,NA,NA,NA
S6_112817542,6,112817542,NA,NA,NA,NA
S3_218117336,3,218117336,NA,NA,NA,NA
S7_25910957,7,25910957,NA,NA,NA,NA
S10_142358809,10,142358809,NA,NA,NA,NA
S7_2614859,7,2614859,NA,NA,NA,NA
S1_241552939,1,241552939,NA,NA,NA,NA
S4_5266525,4,5266525,NA,NA,NA,NA
S1_3000850,1,3000850,NA,NA,NA,NA
S4_20409877,4,20409877,NA,NA,NA,NA
S5_19886926,5,19886926,NA,NA,NA,NA
S8_139890607,8,139890607,NA,NA,NA,NA
S7_160149739,7,160149739,NA,NA,NA,NA
S4_178386923,4,178386923,NA,NA,NA,NA
S8_164446847,8,164446847,NA,NA,NA,NA
S6_147340242,6,147340242,NA,NA,NA,NA
S9_146405971,9,146405971,NA,NA,NA,NA
S1_264498894,1,264498894,NA,NA,NA,NA
S3_40068784,3,40068784,NA,NA,NA,NA
S3_17432739,3,17432739,NA,NA,NA,NA
S1_12663162,1,12663162,NA,NA,NA,NA
S1_73685922,1,73685922,NA,NA,NA,NA
S10_2986806,10,2986806,NA,NA,NA,NA
S4_195760138,4,195760138,NA,NA,NA,NA
S3_196208669,3,196208669,NA,NA,NA,NA
S2_2547346,2,2547346,NA,NA,NA,NA
S1_3647399,1,3647399,NA,NA,NA,NA
S8_157958899,8,157958899,NA,NA,NA,NA
S2_179742798,2,179742798,NA,NA,NA,NA
S2_235226709,2,235226709,NA,NA,NA,NA
S4_172685890,4,172685890,NA,NA,NA,NA
S9_96247771,9,96247771,NA,NA,NA,NA
S8_130855335,8,130855335,NA,NA,NA,NA
S8_82495430,8,82495430,NA,NA,NA,NA
S1_291865904,1,291865904,NA,NA,NA,NA
S9_11126669,9,11126669,NA,NA,NA,NA
S8_160401910,8,160401910,NA,NA,NA,NA
S5_12270414,5,12270414,NA,NA,NA,NA
S2_22948445,2,22948445,NA,NA,NA,NA
S4_220089466,4,220089466,NA,NA,NA,NA
S6_110436705,6,110436705,NA,NA,NA,NA
S7_14463478,7,14463478,NA,NA,NA,NA
S9_42840868,9,42840868,NA,NA,NA,NA
S7_100264894,7,100264894,NA,NA,NA,NA
S9_143963343,9,143963343,NA,NA,NA,NA
S2_207829340,2,207829340,NA,NA,NA,NA
S2_49060733,2,49060733,NA,NA,NA,NA
S2_229588971,2,229588971,NA,NA,NA,NA
S8_133276287,8,133276287,NA,NA,NA,NA
S2_41965519,2,41965519,NA,NA,NA,NA
S1_276681730,1,276681730,NA,NA,NA,NA
S8_132874470,8,132874470,NA,NA,NA,NA
S8_132874471,8,132874471,NA,NA,NA,NA
S5_6112912,5,6112912,NA,NA,NA,NA
S4_30681,4,30681,NA,NA,NA,NA
S9_13486822,9,13486822,NA,NA,NA,NA
S3_66861113,3,66861113,NA,NA,NA,NA
S1_213232490,1,213232490,NA,NA,NA,NA
S3_164975232,3,164975232,NA,NA,NA,NA
S6_124151625,6,124151625,NA,NA,NA,NA
S2_9006182,2,9006182,NA,NA,NA,NA
S2_223943196,2,223943196,NA,NA,NA,NA
S8_155080191,8,155080191,NA,NA,NA,NA
S5_7986104,5,7986104,NA,NA,NA,NA
S5_7986114,5,7986114,NA,NA,NA,NA
S5_56842818,5,56842818,NA,NA,NA,NA
S1_175295000,1,175295000,NA,NA,NA,NA
S5_208367937,5,208367937,NA,NA,NA,NA
S8_120255729,8,120255729,NA,NA,NA,NA
S9_10942796,9,10942796,NA,NA,NA,NA
S2_218638586,2,218638586,NA,NA,NA,NA
S9_8017007,9,8017007,NA,NA,NA,NA
S3_119966598,3,119966598,NA,NA,NA,NA
S7_110911892,7,110911892,NA,NA,NA,NA
S2_1102278,2,1102278,NA,NA,NA,NA
S3_154708892,3,154708892,NA,NA,NA,NA
S9_153450853,9,153450853,NA,NA,NA,NA
S4_153395575,4,153395575,NA,NA,NA,NA
S2_143450705,2,143450705,NA,NA,NA,NA
S1_18190134,1,18190134,NA,NA,NA,NA
S8_26349626,8,26349626,NA,NA,NA,NA
S4_23166582,4,23166582,NA,NA,NA,NA
S4_23166588,4,23166588,NA,NA,NA,NA
S5_33138497,5,33138497,NA,NA,NA,NA
S2_111713996,2,111713996,NA,NA,NA,NA
S4_146135642,4,146135642,NA,NA,NA,NA
S1_66024216,1,66024216,NA,NA,NA,NA
S1_263393868,1,263393868,NA,NA,NA,NA
S7_155907923,7,155907923,NA,NA,NA,NA
S10_134399594,10,134399594,NA,NA,NA,NA
S3_119322983,3,119322983,NA,NA,NA,NA
S3_219891139,3,219891139,NA,NA,NA,NA
S3_219891170,3,219891170,NA,NA,NA,NA
S9_120079890,9,120079890,NA,NA,NA,NA
S1_187269276,1,187269276,NA,NA,NA,NA
S5_189866080,5,189866080,NA,NA,NA,NA
S8_117747302,8,117747302,NA,NA,NA,NA
S1_25813347,1,25813347,NA,NA,NA,NA
S1_4040233,1,4040233,NA,NA,NA,NA
S7_2461865,7,2461865,NA,NA,NA,NA
S4_182588423,4,182588423,NA,NA,NA,NA
S4_161500101,4,161500101,NA,NA,NA,NA
S4_134271217,4,134271217,NA,NA,NA,NA
S4_134271218,4,134271218,NA,NA,NA,NA
S9_77316921,9,77316921,NA,NA,NA,NA
S2_222648061,2,222648061,NA,NA,NA,NA
S1_251113833,1,251113833,NA,NA,NA,NA
S2_189219075,2,189219075,NA,NA,NA,NA
S7_33914381,7,33914381,NA,NA,NA,NA
S6_161709024,6,161709024,NA,NA,NA,NA
S6_161415186,6,161415186,NA,NA,NA,NA
S5_61073788,5,61073788,NA,NA,NA,NA
S3_144102885,3,144102885,NA,NA,NA,NA
S2_236475511,2,236475511,NA,NA,NA,NA
S2_236475549,2,236475549,NA,NA,NA,NA
S5_199974170,5,199974170,NA,NA,NA,NA
S2_109001385,2,109001385,NA,NA,NA,NA
S3_178136405,3,178136405,NA,NA,NA,NA
S1_43136165,1,43136165,NA,NA,NA,NA
S9_5455309,9,5455309,NA,NA,NA,NA
S5_62971442,5,62971442,NA,NA,NA,NA
S1_31767576,1,31767576,NA,NA,NA,NA
S1_31767580,1,31767580,NA,NA,NA,NA
S5_144575440,5,144575440,NA,NA,NA,NA
S6_82764461,6,82764461,NA,NA,NA,NA
S9_154251006,9,154251006,NA,NA,NA,NA
S9_154251024,9,154251024,NA,NA,NA,NA
S6_154313105,6,154313105,NA,NA,NA,NA
S2_232837944,2,232837944,NA,NA,NA,NA
S5_2249478,5,2249478,NA,NA,NA,NA
S1_192026515,1,192026515,NA,NA,NA,NA
S8_159954520,8,159954520,NA,NA,NA,NA
S6_106468103,6,106468103,NA,NA,NA,NA
S6_106468126,6,106468126,NA,NA,NA,NA
S8_173930113,8,173930113,NA,NA,NA,NA
S6_154335226,6,154335226,NA,NA,NA,NA
S4_16302036,4,16302036,NA,NA,NA,NA
S2_188535000,2,188535000,NA,NA,NA,NA
S1_203170511,1,203170511,NA,NA,NA,NA
S6_112434437,6,112434437,NA,NA,NA,NA
S4_166913783,4,166913783,NA,NA,NA,NA
S4_166913816,4,166913816,NA,NA,NA,NA
S3_10683556,3,10683556,NA,NA,NA,NA
S3_10683557,3,10683557,NA,NA,NA,NA
S3_10683559,3,10683559,NA,NA,NA,NA
S4_170652287,4,170652287,NA,NA,NA,NA
S4_170652293,4,170652293,NA,NA,NA,NA
S1_25165518,1,25165518,NA,NA,NA,NA
S2_185024702,2,185024702,NA,NA,NA,NA
S5_145490682,5,145490682,NA,NA,NA,NA
S8_106144053,8,106144053,NA,NA,NA,NA
S1_206123703,1,206123703,NA,NA,NA,NA
S1_22260038,1,22260038,NA,NA,NA,NA
S3_48494112,3,48494112,NA,NA,NA,NA
S10_83456689,10,83456689,NA,NA,NA,NA
S8_113842685,8,113842685,NA,NA,NA,NA
S8_11803184,8,11803184,NA,NA,NA,NA
S5_202816921,5,202816921,NA,NA,NA,NA
S6_162676017,6,162676017,NA,NA,NA,NA
S6_162676020,6,162676020,NA,NA,NA,NA
S3_206601618,3,206601618,NA,NA,NA,NA
S7_167504631,7,167504631,NA,NA,NA,NA
S1_182162789,1,182162789,NA,NA,NA,NA
S2_4344203,2,4344203,NA,NA,NA,NA
S8_128603114,8,128603114,NA,NA,NA,NA
S5_208900797,5,208900797,NA,NA,NA,NA
S4_182602934,4,182602934,NA,NA,NA,NA
S8_168937105,8,168937105,NA,NA,NA,NA
S2_7001233,2,7001233,NA,NA,NA,NA
S8_62836684,8,62836684,NA,NA,NA,NA
S2_40409399,2,40409399,NA,NA,NA,NA
S5_160468172,5,160468172,NA,NA,NA,NA
S5_160468202,5,160468202,NA,NA,NA,NA
S8_116119186,8,116119186,NA,NA,NA,NA
S10_87083928,10,87083928,NA,NA,NA,NA
S10_87083931,10,87083931,NA,NA,NA,NA
S7_125299673,7,125299673,NA,NA,NA,NA
S6_163349562,6,163349562,NA,NA,NA,NA
S1_274716708,1,274716708,NA,NA,NA,NA
S3_93986062,3,93986062,NA,NA,NA,NA
S2_17572479,2,17572479,NA,NA,NA,NA
S7_95431664,7,95431664,NA,NA,NA,NA
S8_24701301,8,24701301,NA,NA,NA,NA
S2_11207041,2,11207041,NA,NA,NA,NA
S1_275772396,1,275772396,NA,NA,NA,NA
S8_66556208,8,66556208,NA,NA,NA,NA
S5_1319672,5,1319672,NA,NA,NA,NA
S3_53146795,3,53146795,NA,NA,NA,NA
S9_96718512,9,96718512,NA,NA,NA,NA
S6_91632119,6,91632119,NA,NA,NA,NA
S6_160237010,6,160237010,NA,NA,NA,NA
S10_4099094,10,4099094,NA,NA,NA,NA
S3_213944371,3,213944371,NA,NA,NA,NA
S5_186117232,5,186117232,NA,NA,NA,NA
S8_152256291,8,152256291,NA,NA,NA,NA
S8_152256292,8,152256292,NA,NA,NA,NA
S10_2255896,10,2255896,NA,NA,NA,NA
S7_21633867,7,21633867,NA,NA,NA,NA
S8_26859109,8,26859109,NA,NA,NA,NA
S8_155081831,8,155081831,NA,NA,NA,NA
S4_227275165,4,227275165,NA,NA,NA,NA
S1_2957286,1,2957286,NA,NA,NA,NA
S2_146015298,2,146015298,NA,NA,NA,NA
S1_247419009,1,247419009,NA,NA,NA,NA
S1_209120152,1,209120152,NA,NA,NA,NA
S4_33697490,4,33697490,NA,NA,NA,NA
S9_7180635,9,7180635,NA,NA,NA,NA
S10_111288191,10,111288191,NA,NA,NA,NA
S6_166592586,6,166592586,NA,NA,NA,NA
S6_166592602,6,166592602,NA,NA,NA,NA
S8_165349508,8,165349508,NA,NA,NA,NA
S6_153198366,6,153198366,NA,NA,NA,NA
S1_282745512,1,282745512,NA,NA,NA,NA
S9_146680698,9,146680698,NA,NA,NA,NA
S7_126642262,7,126642262,NA,NA,NA,NA
S7_6577768,7,6577768,NA,NA,NA,NA
S6_166241325,6,166241325,NA,NA,NA,NA
S3_168863064,3,168863064,NA,NA,NA,NA
S5_196934308,5,196934308,NA,NA,NA,NA
S9_149239182,9,149239182,NA,NA,NA,NA
S9_149239184,9,149239184,NA,NA,NA,NA
S10_18399723,10,18399723,NA,NA,NA,NA
S10_18399726,10,18399726,NA,NA,NA,NA
S3_147938929,3,147938929,NA,NA,NA,NA
S1_111272008,1,111272008,NA,NA,NA,NA
S2_22967985,2,22967985,NA,NA,NA,NA
S4_184551757,4,184551757,NA,NA,NA,NA
S7_78785712,7,78785712,NA,NA,NA,NA
S3_92264147,3,92264147,NA,NA,NA,NA
S3_223986848,3,223986848,NA,NA,NA,NA
S3_224001586,3,224001586,NA,NA,NA,NA
S8_117612535,8,117612535,NA,NA,NA,NA
S10_81959060,10,81959060,NA,NA,NA,NA
S7_168994892,7,168994892,NA,NA,NA,NA
S2_196304616,2,196304616,NA,NA,NA,NA
S2_178613725,2,178613725,NA,NA,NA,NA
S2_178613733,2,178613733,NA,NA,NA,NA
S2_143259042,2,143259042,NA,NA,NA,NA
S8_16742993,8,16742993,NA,NA,NA,NA
S3_174535977,3,174535977,NA,NA,NA,NA
S2_232369866,2,232369866,NA,NA,NA,NA
S2_198723559,2,198723559,NA,NA,NA,NA
S2_111357129,2,111357129,NA,NA,NA,NA
S2_6473401,2,6473401,NA,NA,NA,NA
S10_122816319,10,122816319,NA,NA,NA,NA
S7_165243940,7,165243940,NA,NA,NA,NA
S1_266954497,1,266954497,NA,NA,NA,NA
S8_110372106,8,110372106,NA,NA,NA,NA
S2_222649628,2,222649628,NA,NA,NA,NA
S2_222649654,2,222649654,NA,NA,NA,NA
S10_10196528,10,10196528,NA,NA,NA,NA
S10_10196543,10,10196543,NA,NA,NA,NA
S1_73231932,1,73231932,NA,NA,NA,NA
S1_73231935,1,73231935,NA,NA,NA,NA
S6_150466053,6,150466053,NA,NA,NA,NA
S8_170862819,8,170862819,NA,NA,NA,NA
S8_170862820,8,170862820,NA,NA,NA,NA
S3_134922327,3,134922327,NA,NA,NA,NA
S10_3191140,10,3191140,NA,NA,NA,NA
S10_3191144,10,3191144,NA,NA,NA,NA
S3_185256943,3,185256943,NA,NA,NA,NA
S7_9341253,7,9341253,NA,NA,NA,NA
S9_154030447,9,154030447,NA,NA,NA,NA
S2_26976714,2,26976714,NA,NA,NA,NA
S7_15457068,7,15457068,NA,NA,NA,NA
S1_8451990,1,8451990,NA,NA,NA,NA
S3_202609143,3,202609143,NA,NA,NA,NA
S3_202609157,3,202609157,NA,NA,NA,NA
S10_4989380,10,4989380,NA,NA,NA,NA
S10_4989382,10,4989382,NA,NA,NA,NA
S7_100034795,7,100034795,NA,NA,NA,NA
S5_203547853,5,203547853,NA,NA,NA,NA
S6_29010192,6,29010192,NA,NA,NA,NA
S5_213038583,5,213038583,NA,NA,NA,NA
S7_152685027,7,152685027,NA,NA,NA,NA
S3_206704648,3,206704648,NA,NA,NA,NA
S6_93491445,6,93491445,NA,NA,NA,NA
S1_225038068,1,225038068,NA,NA,NA,NA
S5_155021592,5,155021592,NA,NA,NA,NA
S5_155021598,5,155021598,NA,NA,NA,NA
S5_155021604,5,155021604,NA,NA,NA,NA
S1_77258480,1,77258480,NA,NA,NA,NA
S5_169815165,5,169815165,NA,NA,NA,NA
S4_233800490,4,233800490,NA,NA,NA,NA
S7_25995913,7,25995913,NA,NA,NA,NA
S1_290590882,1,290590882,NA,NA,NA,NA
S6_141470079,6,141470079,NA,NA,NA,NA
S6_94003739,6,94003739,NA,NA,NA,NA
S4_235268661,4,235268661,NA,NA,NA,NA
S3_230255841,3,230255841,NA,NA,NA,NA
S2_189721314,2,189721314,NA,NA,NA,NA
S1_256513832,1,256513832,NA,NA,NA,NA
S2_226377289,2,226377289,NA,NA,NA,NA
S8_95778527,8,95778527,NA,NA,NA,NA
S10_111144494,10,111144494,NA,NA,NA,NA
S7_166754317,7,166754317,NA,NA,NA,NA
S2_188053789,2,188053789,NA,NA,NA,NA
S8_16854564,8,16854564,NA,NA,NA,NA
S4_224072440,4,224072440,NA,NA,NA,NA
S8_38699249,8,38699249,NA,NA,NA,NA
S5_20199298,5,20199298,NA,NA,NA,NA
S9_151123986,9,151123986,NA,NA,NA,NA
S4_237776709,4,237776709,NA,NA,NA,NA
S2_146408331,2,146408331,NA,NA,NA,NA
S9_126252117,9,126252117,NA,NA,NA,NA
S4_199598278,4,199598278,NA,NA,NA,NA
S9_19609686,9,19609686,NA,NA,NA,NA
S9_19609712,9,19609712,NA,NA,NA,NA
S1_36222117,1,36222117,NA,NA,NA,NA
S9_23759221,9,23759221,NA,NA,NA,NA
S10_59447864,10,59447864,NA,NA,NA,NA
S2_224909610,2,224909610,NA,NA,NA,NA
S5_137151766,5,137151766,NA,NA,NA,NA
S2_229130712,2,229130712,NA,NA,NA,NA
S1_224101680,1,224101680,NA,NA,NA,NA
S1_224101699,1,224101699,NA,NA,NA,NA
S4_128894301,4,128894301,NA,NA,NA,NA
S9_101393260,9,101393260,NA,NA,NA,NA
S8_160094765,8,160094765,NA,NA,NA,NA
S8_157464304,8,157464304,NA,NA,NA,NA
S1_83010800,1,83010800,NA,NA,NA,NA
S8_136296957,8,136296957,NA,NA,NA,NA
S5_142723254,5,142723254,NA,NA,NA,NA
S9_22681260,9,22681260,NA,NA,NA,NA
S1_217451519,1,217451519,NA,NA,NA,NA
S3_26102145,3,26102145,NA,NA,NA,NA
S5_66038102,5,66038102,NA,NA,NA,NA
S2_185399193,2,185399193,NA,NA,NA,NA
S9_18561096,9,18561096,NA,NA,NA,NA
S1_56078858,1,56078858,NA,NA,NA,NA
S6_3776342,6,3776342,NA,NA,NA,NA
S5_53534001,5,53534001,NA,NA,NA,NA
S8_123844210,8,123844210,NA,NA,NA,NA
S2_17677796,2,17677796,NA,NA,NA,NA
S9_26961214,9,26961214,NA,NA,NA,NA
S6_115756504,6,115756504,NA,NA,NA,NA
S9_99365180,9,99365180,NA,NA,NA,NA
S5_53906774,5,53906774,NA,NA,NA,NA
S1_287594294,1,287594294,NA,NA,NA,NA
S10_146472043,10,146472043,NA,NA,NA,NA
S10_77446496,10,77446496,NA,NA,NA,NA
S5_183882324,5,183882324,NA,NA,NA,NA
S6_133355118,6,133355118,NA,NA,NA,NA
S1_103419349,1,103419349,NA,NA,NA,NA
S2_47559178,2,47559178,NA,NA,NA,NA
S2_47559181,2,47559181,NA,NA,NA,NA
S10_10614931,10,10614931,NA,NA,NA,NA
S6_7150106,6,7150106,NA,NA,NA,NA
S7_140710756,7,140710756,NA,NA,NA,NA
S10_83692775,10,83692775,NA,NA,NA,NA
S4_172748729,4,172748729,NA,NA,NA,NA
S2_32492387,2,32492387,NA,NA,NA,NA
S1_36213792,1,36213792,NA,NA,NA,NA
S2_218638604,2,218638604,NA,NA,NA,NA
S3_187719259,3,187719259,NA,NA,NA,NA
S2_28316030,2,28316030,NA,NA,NA,NA
S8_145214615,8,145214615,NA,NA,NA,NA
S9_26477866,9,26477866,NA,NA,NA,NA
S7_167627564,7,167627564,NA,NA,NA,NA
S3_17579375,3,17579375,NA,NA,NA,NA
S4_237517546,4,237517546,NA,NA,NA,NA
S1_205218886,1,205218886,NA,NA,NA,NA
S3_13205840,3,13205840,NA,NA,NA,NA
S5_74615075,5,74615075,NA,NA,NA,NA
S9_141321681,9,141321681,NA,NA,NA,NA
S4_199711811,4,199711811,NA,NA,NA,NA
S4_199711814,4,199711814,NA,NA,NA,NA
S2_4673965,2,4673965,NA,NA,NA,NA
S7_171047611,7,171047611,NA,NA,NA,NA
S4_185690232,4,185690232,NA,NA,NA,NA
S10_99203456,10,99203456,NA,NA,NA,NA
S9_25928567,9,25928567,NA,NA,NA,NA
S2_199173754,2,199173754,NA,NA,NA,NA
S9_134997977,9,134997977,NA,NA,NA,NA
S4_220089460,4,220089460,NA,NA,NA,NA
S4_240523444,4,240523444,NA,NA,NA,NA
S2_185171132,2,185171132,NA,NA,NA,NA
S2_185171133,2,185171133,NA,NA,NA,NA
S2_140662928,2,140662928,NA,NA,NA,NA
S4_77013268,4,77013268,NA,NA,NA,NA
S7_161434915,7,161434915,NA,NA,NA,NA
S9_96774495,9,96774495,NA,NA,NA,NA
S1_32836833,1,32836833,NA,NA,NA,NA
S2_203263372,2,203263372,NA,NA,NA,NA
S3_166011058,3,166011058,NA,NA,NA,NA
S6_84671484,6,84671484,NA,NA,NA,NA
S9_27983467,9,27983467,NA,NA,NA,NA
S1_207321826,1,207321826,NA,NA,NA,NA
S2_226449821,2,226449821,NA,NA,NA,NA
S1_274941689,1,274941689,NA,NA,NA,NA
S1_175295858,1,175295858,NA,NA,NA,NA
S2_185112725,2,185112725,NA,NA,NA,NA
S1_183779938,1,183779938,NA,NA,NA,NA
S2_136271375,2,136271375,NA,NA,NA,NA
S2_143266726,2,143266726,NA,NA,NA,NA
S7_132081837,7,132081837,NA,NA,NA,NA
S7_132081838,7,132081838,NA,NA,NA,NA
S7_3891978,7,3891978,NA,NA,NA,NA
S6_152466448,6,152466448,NA,NA,NA,NA
S1_211265131,1,211265131,NA,NA,NA,NA
S4_233757495,4,233757495,NA,NA,NA,NA
S3_227586284,3,227586284,NA,NA,NA,NA
S4_126342002,4,126342002,NA,NA,NA,NA
S5_171050717,5,171050717,NA,NA,NA,NA
S8_155160472,8,155160472,NA,NA,NA,NA
S3_29575997,3,29575997,NA,NA,NA,NA
S7_129898859,7,129898859,NA,NA,NA,NA
S4_235724065,4,235724065,NA,NA,NA,NA
S2_208081389,2,208081389,NA,NA,NA,NA
S1_170192435,1,170192435,NA,NA,NA,NA
S3_7123327,3,7123327,NA,NA,NA,NA
S3_119698899,3,119698899,NA,NA,NA,NA
S7_5613839,7,5613839,NA,NA,NA,NA
S3_27552196,3,27552196,NA,NA,NA,NA
S5_214337496,5,214337496,NA,NA,NA,NA
S5_214337503,5,214337503,NA,NA,NA,NA
S1_74770956,1,74770956,NA,NA,NA,NA
S1_74770968,1,74770968,NA,NA,NA,NA
S10_10394248,10,10394248,NA,NA,NA,NA
S3_194824023,3,194824023,NA,NA,NA,NA
S1_46843106,1,46843106,NA,NA,NA,NA
S10_144915325,10,144915325,NA,NA,NA,NA
S10_74518006,10,74518006,NA,NA,NA,NA
S5_54735009,5,54735009,NA,NA,NA,NA
S3_92980556,3,92980556,NA,NA,NA,NA
S1_61137504,1,61137504,NA,NA,NA,NA
S5_148699539,5,148699539,NA,NA,NA,NA
S4_239683622,4,239683622,NA,NA,NA,NA
S2_221083811,2,221083811,NA,NA,NA,NA
S9_136916012,9,136916012,NA,NA,NA,NA
S8_159955128,8,159955128,NA,NA,NA,NA
S3_1616301,3,1616301,NA,NA,NA,NA
S9_64808183,9,64808183,NA,NA,NA,NA
S2_54631844,2,54631844,NA,NA,NA,NA
S2_54631846,2,54631846,NA,NA,NA,NA
S2_54631851,2,54631851,NA,NA,NA,NA
S2_54631856,2,54631856,NA,NA,NA,NA
S2_54631862,2,54631862,NA,NA,NA,NA
S4_83309026,4,83309026,NA,NA,NA,NA
S4_201937284,4,201937284,NA,NA,NA,NA
S1_274734962,1,274734962,NA,NA,NA,NA
S4_233442688,4,233442688,NA,NA,NA,NA
S8_166633829,8,166633829,NA,NA,NA,NA
S2_28315763,2,28315763,NA,NA,NA,NA
S2_6650091,2,6650091,NA,NA,NA,NA
S8_63008241,8,63008241,NA,NA,NA,NA
S8_63008242,8,63008242,NA,NA,NA,NA
S9_153159796,9,153159796,NA,NA,NA,NA
S6_150104161,6,150104161,NA,NA,NA,NA
S1_155428248,1,155428248,NA,NA,NA,NA
S9_149457641,9,149457641,NA,NA,NA,NA
S2_4580356,2,4580356,NA,NA,NA,NA
S3_19260627,3,19260627,NA,NA,NA,NA
S6_158282823,6,158282823,NA,NA,NA,NA
S4_231406049,4,231406049,NA,NA,NA,NA
S6_120076688,6,120076688,NA,NA,NA,NA
S3_195964374,3,195964374,NA,NA,NA,NA
S1_84746044,1,84746044,NA,NA,NA,NA
S3_169053726,3,169053726,NA,NA,NA,NA
S1_45938880,1,45938880,NA,NA,NA,NA
S5_84063503,5,84063503,NA,NA,NA,NA
S5_205333262,5,205333262,NA,NA,NA,NA
S10_77449236,10,77449236,NA,NA,NA,NA
S10_77449240,10,77449240,NA,NA,NA,NA
S10_77449281,10,77449281,NA,NA,NA,NA
S3_187339656,3,187339656,NA,NA,NA,NA
S4_55259629,4,55259629,NA,NA,NA,NA
S5_60134664,5,60134664,NA,NA,NA,NA
S9_154378291,9,154378291,NA,NA,NA,NA
S5_13970319,5,13970319,NA,NA,NA,NA
S5_13970328,5,13970328,NA,NA,NA,NA
S5_13970334,5,13970334,NA,NA,NA,NA
S8_105322279,8,105322279,NA,NA,NA,NA
S5_20198177,5,20198177,NA,NA,NA,NA
S2_79284243,2,79284243,NA,NA,NA,NA
S10_110590838,10,110590838,NA,NA,NA,NA
S7_104755300,7,104755300,NA,NA,NA,NA
S7_104755311,7,104755311,NA,NA,NA,NA
S8_117296916,8,117296916,NA,NA,NA,NA
S3_216479425,3,216479425,NA,NA,NA,NA
S5_182129872,5,182129872,NA,NA,NA,NA
S8_136138158,8,136138158,NA,NA,NA,NA
S7_9335032,7,9335032,NA,NA,NA,NA
S7_141837011,7,141837011,NA,NA,NA,NA
S2_225127722,2,225127722,NA,NA,NA,NA
S9_146529121,9,146529121,NA,NA,NA,NA
S5_80969998,5,80969998,NA,NA,NA,NA
S5_80970003,5,80970003,NA,NA,NA,NA
S2_187687545,2,187687545,NA,NA,NA,NA
S5_4588621,5,4588621,NA,NA,NA,NA
S6_150800738,6,150800738,NA,NA,NA,NA
S6_150800756,6,150800756,NA,NA,NA,NA
S6_150800757,6,150800757,NA,NA,NA,NA
S6_150800766,6,150800766,NA,NA,NA,NA
S10_5917164,10,5917164,NA,NA,NA,NA
S1_242214794,1,242214794,NA,NA,NA,NA
S1_220059129,1,220059129,NA,NA,NA,NA
S3_3432259,3,3432259,NA,NA,NA,NA
S8_16757081,8,16757081,NA,NA,NA,NA
S5_11818458,5,11818458,NA,NA,NA,NA
S5_73130559,5,73130559,NA,NA,NA,NA
S1_16948602,1,16948602,NA,NA,NA,NA
S1_19558792,1,19558792,NA,NA,NA,NA
S2_167402762,2,167402762,NA,NA,NA,NA
S2_236475016,2,236475016,NA,NA,NA,NA
S1_281334197,1,281334197,NA,NA,NA,NA
S9_94038449,9,94038449,NA,NA,NA,NA
S9_88924998,9,88924998,NA,NA,NA,NA
S9_143190832,9,143190832,NA,NA,NA,NA
S9_143190833,9,143190833,NA,NA,NA,NA
S5_205362504,5,205362504,NA,NA,NA,NA
S1_12250145,1,12250145,NA,NA,NA,NA
S2_33590385,2,33590385,NA,NA,NA,NA
S8_155533159,8,155533159,NA,NA,NA,NA
S4_5041182,4,5041182,NA,NA,NA,NA
S9_114551960,9,114551960,NA,NA,NA,NA
S5_58752010,5,58752010,NA,NA,NA,NA
S7_9363773,7,9363773,NA,NA,NA,NA
S1_16627431,1,16627431,NA,NA,NA,NA
S2_200456487,2,200456487,NA,NA,NA,NA
S3_225170080,3,225170080,NA,NA,NA,NA
S5_184287685,5,184287685,NA,NA,NA,NA
S8_116980880,8,116980880,NA,NA,NA,NA
S8_116980882,8,116980882,NA,NA,NA,NA
S8_116980883,8,116980883,NA,NA,NA,NA
S9_153963431,9,153963431,NA,NA,NA,NA
S10_7585205,10,7585205,NA,NA,NA,NA
S3_204129191,3,204129191,NA,NA,NA,NA
S7_6537914,7,6537914,NA,NA,NA,NA
S7_160779523,7,160779523,NA,NA,NA,NA
S4_833713,4,833713,NA,NA,NA,NA
S3_19756027,3,19756027,NA,NA,NA,NA
S2_3748759,2,3748759,NA,NA,NA,NA
S1_248422356,1,248422356,NA,NA,NA,NA
S2_182629908,2,182629908,NA,NA,NA,NA
S2_202158999,2,202158999,NA,NA,NA,NA
S2_202159000,2,202159000,NA,NA,NA,NA
S4_171922421,4,171922421,NA,NA,NA,NA
S5_188490565,5,188490565,NA,NA,NA,NA
S2_233749013,2,233749013,NA,NA,NA,NA
S7_121604427,7,121604427,NA,NA,NA,NA
S6_2446103,6,2446103,NA,NA,NA,NA
S2_215651803,2,215651803,NA,NA,NA,NA
S8_11803173,8,11803173,NA,NA,NA,NA
S6_97713022,6,97713022,NA,NA,NA,NA
S6_97713024,6,97713024,NA,NA,NA,NA
S7_158592716,7,158592716,NA,NA,NA,NA
S6_165945129,6,165945129,NA,NA,NA,NA
S1_27104558,1,27104558,NA,NA,NA,NA
S3_45389058,3,45389058,NA,NA,NA,NA
S1_39757544,1,39757544,NA,NA,NA,NA
S6_119863906,6,119863906,NA,NA,NA,NA
S6_146814315,6,146814315,NA,NA,NA,NA
S4_195543666,4,195543666,NA,NA,NA,NA
S4_195543679,4,195543679,NA,NA,NA,NA
S7_173746777,7,173746777,NA,NA,NA,NA
S2_185778175,2,185778175,NA,NA,NA,NA
S4_193764545,4,193764545,NA,NA,NA,NA
S5_203402671,5,203402671,NA,NA,NA,NA
S1_288696772,1,288696772,NA,NA,NA,NA
S7_165343311,7,165343311,NA,NA,NA,NA
S9_112489129,9,112489129,NA,NA,NA,NA
S9_109173765,9,109173765,NA,NA,NA,NA
S1_44346024,1,44346024,NA,NA,NA,NA
S7_93086838,7,93086838,NA,NA,NA,NA
S10_111290522,10,111290522,NA,NA,NA,NA
S6_97804893,6,97804893,NA,NA,NA,NA
S1_55575381,1,55575381,NA,NA,NA,NA
S8_171877745,8,171877745,NA,NA,NA,NA
S3_15056965,3,15056965,NA,NA,NA,NA
S3_171436670,3,171436670,NA,NA,NA,NA
S9_7724398,9,7724398,NA,NA,NA,NA
S3_93312358,3,93312358,NA,NA,NA,NA
S8_170060397,8,170060397,NA,NA,NA,NA
S9_153511386,9,153511386,NA,NA,NA,NA
S2_148506872,2,148506872,NA,NA,NA,NA
S8_82495429,8,82495429,NA,NA,NA,NA
S5_215297510,5,215297510,NA,NA,NA,NA
S3_36217201,3,36217201,NA,NA,NA,NA
S6_157020086,6,157020086,NA,NA,NA,NA
S9_140341972,9,140341972,NA,NA,NA,NA
S5_2363581,5,2363581,NA,NA,NA,NA
S5_4665471,5,4665471,NA,NA,NA,NA
S5_4665492,5,4665492,NA,NA,NA,NA
S10_136840502,10,136840502,NA,NA,NA,NA
S10_145175157,10,145175157,NA,NA,NA,NA
S5_111307154,5,111307154,NA,NA,NA,NA
S9_3476470,9,3476470,NA,NA,NA,NA
S4_6603037,4,6603037,NA,NA,NA,NA
S5_32262218,5,32262218,NA,NA,NA,NA
S7_160752837,7,160752837,NA,NA,NA,NA
S1_173654728,1,173654728,NA,NA,NA,NA
S6_164853665,6,164853665,NA,NA,NA,NA
S2_188653822,2,188653822,NA,NA,NA,NA
S8_133935366,8,133935366,NA,NA,NA,NA
S5_169456692,5,169456692,NA,NA,NA,NA
S10_17675817,10,17675817,NA,NA,NA,NA
S2_6850524,2,6850524,NA,NA,NA,NA
S4_2647339,4,2647339,NA,NA,NA,NA
S5_4770018,5,4770018,NA,NA,NA,NA
S4_238379658,4,238379658,NA,NA,NA,NA
S10_148503341,10,148503341,NA,NA,NA,NA
S2_185171166,2,185171166,NA,NA,NA,NA
S2_4306290,2,4306290,NA,NA,NA,NA
S3_192021474,3,192021474,NA,NA,NA,NA
S4_157616831,4,157616831,NA,NA,NA,NA
S8_21847434,8,21847434,NA,NA,NA,NA
S5_178895324,5,178895324,NA,NA,NA,NA
S10_80576176,10,80576176,NA,NA,NA,NA
S7_165946332,7,165946332,NA,NA,NA,NA
S9_151634146,9,151634146,NA,NA,NA,NA
S8_175365752,8,175365752,NA,NA,NA,NA
S3_4548081,3,4548081,NA,NA,NA,NA
S3_4548096,3,4548096,NA,NA,NA,NA
S1_102580850,1,102580850,NA,NA,NA,NA
S1_61938503,1,61938503,NA,NA,NA,NA
S10_76646091,10,76646091,NA,NA,NA,NA
S8_138562019,8,138562019,NA,NA,NA,NA
S7_22682185,7,22682185,NA,NA,NA,NA
S5_164996163,5,164996163,NA,NA,NA,NA
S3_225037731,3,225037731,NA,NA,NA,NA
S3_36837811,3,36837811,NA,NA,NA,NA
S5_71852763,5,71852763,NA,NA,NA,NA
S6_44383530,6,44383530,NA,NA,NA,NA
S6_138434614,6,138434614,NA,NA,NA,NA
S6_160675839,6,160675839,NA,NA,NA,NA
S3_196929102,3,196929102,NA,NA,NA,NA
S8_166483609,8,166483609,NA,NA,NA,NA
S5_207120603,5,207120603,NA,NA,NA,NA
S7_145974682,7,145974682,NA,NA,NA,NA
S1_183307426,1,183307426,NA,NA,NA,NA
S4_193764565,4,193764565,NA,NA,NA,NA
S4_228666403,4,228666403,NA,NA,NA,NA
S7_170990004,7,170990004,NA,NA,NA,NA
S6_156693040,6,156693040,NA,NA,NA,NA
S3_212710815,3,212710815,NA,NA,NA,NA
S1_35212180,1,35212180,NA,NA,NA,NA
S9_149647476,9,149647476,NA,NA,NA,NA
S2_188063700,2,188063700,NA,NA,NA,NA
S1_196534729,1,196534729,NA,NA,NA,NA
S7_5100104,7,5100104,NA,NA,NA,NA
S1_32756736,1,32756736,NA,NA,NA,NA
S7_153655683,7,153655683,NA,NA,NA,NA
S7_117541302,7,117541302,NA,NA,NA,NA
S7_154455377,7,154455377,NA,NA,NA,NA
S10_141612327,10,141612327,NA,NA,NA,NA
S9_11073083,9,11073083,NA,NA,NA,NA
S7_170496549,7,170496549,NA,NA,NA,NA
S2_45961398,2,45961398,NA,NA,NA,NA
S7_141586626,7,141586626,NA,NA,NA,NA
S7_141586629,7,141586629,NA,NA,NA,NA
S10_80487888,10,80487888,NA,NA,NA,NA
S1_296770795,1,296770795,NA,NA,NA,NA
S1_46930072,1,46930072,NA,NA,NA,NA
S3_171437452,3,171437452,NA,NA,NA,NA
S8_131526987,8,131526987,NA,NA,NA,NA
S5_208091775,5,208091775,NA,NA,NA,NA
S2_79283795,2,79283795,NA,NA,NA,NA
S9_151662903,9,151662903,NA,NA,NA,NA
S8_18350685,8,18350685,NA,NA,NA,NA
S2_185171165,2,185171165,NA,NA,NA,NA
S2_211591063,2,211591063,NA,NA,NA,NA
S7_172670170,7,172670170,NA,NA,NA,NA
S9_16731834,9,16731834,NA,NA,NA,NA
S4_229036450,4,229036450,NA,NA,NA,NA
S4_229036489,4,229036489,NA,NA,NA,NA
S1_199640903,1,199640903,NA,NA,NA,NA
S8_167602086,8,167602086,NA,NA,NA,NA
S5_56424241,5,56424241,NA,NA,NA,NA
S6_120608761,6,120608761,NA,NA,NA,NA
S1_229482334,1,229482334,NA,NA,NA,NA
S3_225099514,3,225099514,NA,NA,NA,NA
S1_293329598,1,293329598,NA,NA,NA,NA
S1_232528683,1,232528683,NA,NA,NA,NA
S3_201186591,3,201186591,NA,NA,NA,NA
S1_33268121,1,33268121,NA,NA,NA,NA
S7_40999377,7,40999377,NA,NA,NA,NA
S7_163608895,7,163608895,NA,NA,NA,NA
S7_130252405,7,130252405,NA,NA,NA,NA
S7_130252406,7,130252406,NA,NA,NA,NA
S7_130252407,7,130252407,NA,NA,NA,NA
S7_130252410,7,130252410,NA,NA,NA,NA
S7_130252412,7,130252412,NA,NA,NA,NA
S7_130252414,7,130252414,NA,NA,NA,NA
S7_130252416,7,130252416,NA,NA,NA,NA
S7_130252419,7,130252419,NA,NA,NA,NA
S7_130252425,7,130252425,NA,NA,NA,NA
S9_142053572,9,142053572,NA,NA,NA,NA
S2_70342878,2,70342878,NA,NA,NA,NA
S4_200033793,4,200033793,NA,NA,NA,NA
S2_184695928,2,184695928,NA,NA,NA,NA
S1_216442370,1,216442370,NA,NA,NA,NA
S9_133482929,9,133482929,NA,NA,NA,NA
S8_164752004,8,164752004,NA,NA,NA,NA
S2_24037559,2,24037559,NA,NA,NA,NA
S9_120079844,9,120079844,NA,NA,NA,NA
S8_116532500,8,116532500,NA,NA,NA,NA
S5_814297,5,814297,NA,NA,NA,NA
S6_155392525,6,155392525,NA,NA,NA,NA
S1_94880983,1,94880983,NA,NA,NA,NA
S9_102698774,9,102698774,NA,NA,NA,NA
S6_74138482,6,74138482,NA,NA,NA,NA
S3_192033646,3,192033646,NA,NA,NA,NA
S5_10542684,5,10542684,NA,NA,NA,NA
S5_74407570,5,74407570,NA,NA,NA,NA
S7_141586630,7,141586630,NA,NA,NA,NA
S7_82085957,7,82085957,NA,NA,NA,NA
S6_17165743,6,17165743,NA,NA,NA,NA
S8_164626898,8,164626898,NA,NA,NA,NA
S4_2512830,4,2512830,NA,NA,NA,NA
S3_135911049,3,135911049,NA,NA,NA,NA
S8_137406106,8,137406106,NA,NA,NA,NA
S2_6031061,2,6031061,NA,NA,NA,NA
S1_206330040,1,206330040,NA,NA,NA,NA
S6_86346265,6,86346265,NA,NA,NA,NA
S8_161734243,8,161734243,NA,NA,NA,NA
S3_21756457,3,21756457,NA,NA,NA,NA
S6_114082980,6,114082980,NA,NA,NA,NA
S1_206124073,1,206124073,NA,NA,NA,NA
S8_68269337,8,68269337,NA,NA,NA,NA
S10_140727578,10,140727578,NA,NA,NA,NA
S3_201947448,3,201947448,NA,NA,NA,NA
S2_24560655,2,24560655,NA,NA,NA,NA
S1_287704950,1,287704950,NA,NA,NA,NA
S6_62444967,6,62444967,NA,NA,NA,NA
S1_112592662,1,112592662,NA,NA,NA,NA
S3_206703091,3,206703091,NA,NA,NA,NA
S2_196377782,2,196377782,NA,NA,NA,NA
S3_149234811,3,149234811,NA,NA,NA,NA
S5_1680228,5,1680228,NA,NA,NA,NA
S8_36553820,8,36553820,NA,NA,NA,NA
S5_32012208,5,32012208,NA,NA,NA,NA
S3_183881636,3,183881636,NA,NA,NA,NA
S10_138596090,10,138596090,NA,NA,NA,NA
S1_51399301,1,51399301,NA,NA,NA,NA
S9_12801958,9,12801958,NA,NA,NA,NA
S9_12801961,9,12801961,NA,NA,NA,NA
S3_159820338,3,159820338,NA,NA,NA,NA
S1_258803831,1,258803831,NA,NA,NA,NA
S3_13467237,3,13467237,NA,NA,NA,NA
S10_10394210,10,10394210,NA,NA,NA,NA
S10_147151537,10,147151537,NA,NA,NA,NA
S10_149198987,10,149198987,NA,NA,NA,NA
S10_5917157,10,5917157,NA,NA,NA,NA
S3_93986066,3,93986066,NA,NA,NA,NA
S3_8881352,3,8881352,NA,NA,NA,NA
S10_147123840,10,147123840,NA,NA,NA,NA
S7_3074323,7,3074323,NA,NA,NA,NA
S7_3074357,7,3074357,NA,NA,NA,NA
S7_95696090,7,95696090,NA,NA,NA,NA
S1_233556985,1,233556985,NA,NA,NA,NA
S9_116680217,9,116680217,NA,NA,NA,NA
S7_174512510,7,174512510,NA,NA,NA,NA
S1_180817523,1,180817523,NA,NA,NA,NA
S3_164975154,3,164975154,NA,NA,NA,NA
S7_158754298,7,158754298,NA,NA,NA,NA
S1_156219998,1,156219998,NA,NA,NA,NA
S10_111617572,10,111617572,NA,NA,NA,NA
S10_80042412,10,80042412,NA,NA,NA,NA
S1_295982983,1,295982983,NA,NA,NA,NA
S2_20018052,2,20018052,NA,NA,NA,NA
S5_32798138,5,32798138,NA,NA,NA,NA
S1_172120851,1,172120851,NA,NA,NA,NA
S2_45420116,2,45420116,NA,NA,NA,NA
S10_75809949,10,75809949,NA,NA,NA,NA
S5_4582822,5,4582822,NA,NA,NA,NA
S8_166812577,8,166812577,NA,NA,NA,NA
S3_187339649,3,187339649,NA,NA,NA,NA
S1_196263656,1,196263656,NA,NA,NA,NA
S3_2118056,3,2118056,NA,NA,NA,NA
S2_220002509,2,220002509,NA,NA,NA,NA
S3_169729997,3,169729997,NA,NA,NA,NA
S5_215020942,5,215020942,NA,NA,NA,NA
S9_23528856,9,23528856,NA,NA,NA,NA
S2_10517393,2,10517393,NA,NA,NA,NA
S6_89823772,6,89823772,NA,NA,NA,NA
S1_275772400,1,275772400,NA,NA,NA,NA
S8_71060096,8,71060096,NA,NA,NA,NA
S10_148423271,10,148423271,NA,NA,NA,NA
S5_8350192,5,8350192,NA,NA,NA,NA
S2_228859091,2,228859091,NA,NA,NA,NA
S9_45014943,9,45014943,NA,NA,NA,NA
S4_158561442,4,158561442,NA,NA,NA,NA
S5_21989576,5,21989576,NA,NA,NA,NA
S8_117074920,8,117074920,NA,NA,NA,NA
S5_159164105,5,159164105,NA,NA,NA,NA
S4_147753232,4,147753232,NA,NA,NA,NA
S4_147753235,4,147753235,NA,NA,NA,NA
S4_147753275,4,147753275,NA,NA,NA,NA
S3_209846906,3,209846906,NA,NA,NA,NA
S9_115060768,9,115060768,NA,NA,NA,NA
S5_184496406,5,184496406,NA,NA,NA,NA
S8_38699190,8,38699190,NA,NA,NA,NA
S9_11779542,9,11779542,NA,NA,NA,NA
S1_7077207,1,7077207,NA,NA,NA,NA
S7_104755316,7,104755316,NA,NA,NA,NA
S1_253154507,1,253154507,NA,NA,NA,NA
S1_268957740,1,268957740,NA,NA,NA,NA
S10_64919863,10,64919863,NA,NA,NA,NA
S3_193845825,3,193845825,NA,NA,NA,NA
S8_166483529,8,166483529,NA,NA,NA,NA
S5_206742828,5,206742828,NA,NA,NA,NA
S3_224940443,3,224940443,NA,NA,NA,NA
S3_224940444,3,224940444,NA,NA,NA,NA
S5_15734784,5,15734784,NA,NA,NA,NA
S6_160675804,6,160675804,NA,NA,NA,NA
S6_160675807,6,160675807,NA,NA,NA,NA
S9_150868623,9,150868623,NA,NA,NA,NA
S9_150868624,9,150868624,NA,NA,NA,NA
S7_165913307,7,165913307,NA,NA,NA,NA
S5_215487160,5,215487160,NA,NA,NA,NA
S3_187711137,3,187711137,NA,NA,NA,NA
S9_149759609,9,149759609,NA,NA,NA,NA
S1_106896128,1,106896128,NA,NA,NA,NA
S4_237503063,4,237503063,NA,NA,NA,NA
S2_9316750,2,9316750,NA,NA,NA,NA
S1_194676079,1,194676079,NA,NA,NA,NA
S5_208682671,5,208682671,NA,NA,NA,NA
S4_30789,4,30789,NA,NA,NA,NA
S1_16121929,1,16121929,NA,NA,NA,NA
S1_16121945,1,16121945,NA,NA,NA,NA
S2_7959907,2,7959907,NA,NA,NA,NA
S6_88152900,6,88152900,NA,NA,NA,NA
S6_88152907,6,88152907,NA,NA,NA,NA
S2_56927508,2,56927508,NA,NA,NA,NA
S2_56927520,2,56927520,NA,NA,NA,NA
S6_6259288,6,6259288,NA,NA,NA,NA
S6_6430757,6,6430757,NA,NA,NA,NA
S4_237887634,4,237887634,NA,NA,NA,NA
S3_8218983,3,8218983,NA,NA,NA,NA
S1_290107957,1,290107957,NA,NA,NA,NA
S8_66662642,8,66662642,NA,NA,NA,NA
S1_166767251,1,166767251,NA,NA,NA,NA
S1_122885347,1,122885347,NA,NA,NA,NA
S1_39757545,1,39757545,NA,NA,NA,NA
S10_149093129,10,149093129,NA,NA,NA,NA
S2_44719321,2,44719321,NA,NA,NA,NA
S4_171542256,4,171542256,NA,NA,NA,NA
S7_47935582,7,47935582,NA,NA,NA,NA
S1_31428823,1,31428823,NA,NA,NA,NA
S2_236486108,2,236486108,NA,NA,NA,NA
S7_173186134,7,173186134,NA,NA,NA,NA
S7_173186148,7,173186148,NA,NA,NA,NA
S5_212203194,5,212203194,NA,NA,NA,NA
S5_212203195,5,212203195,NA,NA,NA,NA
S9_109549230,9,109549230,NA,NA,NA,NA
S8_169253357,8,169253357,NA,NA,NA,NA
S3_129970931,3,129970931,NA,NA,NA,NA
S6_9195057,6,9195057,NA,NA,NA,NA
S1_195560594,1,195560594,NA,NA,NA,NA
S4_49729967,4,49729967,NA,NA,NA,NA
S5_92272112,5,92272112,NA,NA,NA,NA
S5_216538388,5,216538388,NA,NA,NA,NA
S3_181559627,3,181559627,NA,NA,NA,NA
S9_144612229,9,144612229,NA,NA,NA,NA
S2_14108068,2,14108068,NA,NA,NA,NA
S6_129841540,6,129841540,NA,NA,NA,NA
S7_99892993,7,99892993,NA,NA,NA,NA
S6_158480724,6,158480724,NA,NA,NA,NA
S1_76455255,1,76455255,NA,NA,NA,NA
S4_2435743,4,2435743,NA,NA,NA,NA
S1_15067869,1,15067869,NA,NA,NA,NA
S3_146966730,3,146966730,NA,NA,NA,NA
S6_111570461,6,111570461,NA,NA,NA,NA
S7_4958551,7,4958551,NA,NA,NA,NA
S1_286182515,1,286182515,NA,NA,NA,NA
S4_170407175,4,170407175,NA,NA,NA,NA
S1_279620734,1,279620734,NA,NA,NA,NA
S3_48981527,3,48981527,NA,NA,NA,NA
S2_175087201,2,175087201,NA,NA,NA,NA
S2_210392357,2,210392357,NA,NA,NA,NA
S6_88154079,6,88154079,NA,NA,NA,NA
S8_16353829,8,16353829,NA,NA,NA,NA
S3_6294254,3,6294254,NA,NA,NA,NA
S7_13572947,7,13572947,NA,NA,NA,NA
S6_109900211,6,109900211,NA,NA,NA,NA
S9_143037428,9,143037428,NA,NA,NA,NA
S8_655459,8,655459,NA,NA,NA,NA
S1_32580218,1,32580218,NA,NA,NA,NA
S1_206305049,1,206305049,NA,NA,NA,NA
S9_22160499,9,22160499,NA,NA,NA,NA
S1_5720620,1,5720620,NA,NA,NA,NA
S1_5720621,1,5720621,NA,NA,NA,NA
S3_45389971,3,45389971,NA,NA,NA,NA
S7_128647024,7,128647024,NA,NA,NA,NA
S8_173923502,8,173923502,NA,NA,NA,NA
S2_22947761,2,22947761,NA,NA,NA,NA
S5_199646919,5,199646919,NA,NA,NA,NA
S2_134310446,2,134310446,NA,NA,NA,NA
S9_5656948,9,5656948,NA,NA,NA,NA
S5_72699188,5,72699188,NA,NA,NA,NA
S7_129264681,7,129264681,NA,NA,NA,NA
S8_174377847,8,174377847,NA,NA,NA,NA
S7_41423424,7,41423424,NA,NA,NA,NA
S1_174313868,1,174313868,NA,NA,NA,NA
S5_41095703,5,41095703,NA,NA,NA,NA
S5_41095705,5,41095705,NA,NA,NA,NA
S1_27126831,1,27126831,NA,NA,NA,NA
S2_146049810,2,146049810,NA,NA,NA,NA
S2_235379936,2,235379936,NA,NA,NA,NA
S1_199301009,1,199301009,NA,NA,NA,NA
S9_149751085,9,149751085,NA,NA,NA,NA
S5_204753862,5,204753862,NA,NA,NA,NA
S4_174064062,4,174064062,NA,NA,NA,NA
S2_188417264,2,188417264,NA,NA,NA,NA
S7_172975144,7,172975144,NA,NA,NA,NA
S7_13980520,7,13980520,NA,NA,NA,NA
S1_202160254,1,202160254,NA,NA,NA,NA
S6_28130096,6,28130096,NA,NA,NA,NA
S5_31422192,5,31422192,NA,NA,NA,NA
S9_116948171,9,116948171,NA,NA,NA,NA
S4_39543965,4,39543965,NA,NA,NA,NA
S5_10279082,5,10279082,NA,NA,NA,NA
S3_179501776,3,179501776,NA,NA,NA,NA
S3_113602477,3,113602477,NA,NA,NA,NA
S4_21584469,4,21584469,NA,NA,NA,NA
S2_220233966,2,220233966,NA,NA,NA,NA
S2_220233985,2,220233985,NA,NA,NA,NA
S1_146302556,1,146302556,NA,NA,NA,NA
S7_13572996,7,13572996,NA,NA,NA,NA
S10_142505914,10,142505914,NA,NA,NA,NA
S6_103360855,6,103360855,NA,NA,NA,NA
S1_32601179,1,32601179,NA,NA,NA,NA
S5_167585795,5,167585795,NA,NA,NA,NA
S4_239641211,4,239641211,NA,NA,NA,NA
S8_151338516,8,151338516,NA,NA,NA,NA
S4_226343497,4,226343497,NA,NA,NA,NA
S2_44202012,2,44202012,NA,NA,NA,NA
S8_104819762,8,104819762,NA,NA,NA,NA
S6_150887739,6,150887739,NA,NA,NA,NA
S1_2307071,1,2307071,NA,NA,NA,NA
S2_63939736,2,63939736,NA,NA,NA,NA
S3_6685145,3,6685145,NA,NA,NA,NA
S5_212751126,5,212751126,NA,NA,NA,NA
S1_290522619,1,290522619,NA,NA,NA,NA
S2_207227890,2,207227890,NA,NA,NA,NA
S4_15582862,4,15582862,NA,NA,NA,NA
S4_15582866,4,15582866,NA,NA,NA,NA
S7_95451307,7,95451307,NA,NA,NA,NA
S5_216206258,5,216206258,NA,NA,NA,NA
S2_10010566,2,10010566,NA,NA,NA,NA
S6_5160638,6,5160638,NA,NA,NA,NA
S1_107791870,1,107791870,NA,NA,NA,NA
S9_129518160,9,129518160,NA,NA,NA,NA
S4_240226516,4,240226516,NA,NA,NA,NA
S6_105500736,6,105500736,NA,NA,NA,NA
S6_96337882,6,96337882,NA,NA,NA,NA
S2_26134687,2,26134687,NA,NA,NA,NA
S7_89714325,7,89714325,NA,NA,NA,NA
S7_129444629,7,129444629,NA,NA,NA,NA
S6_168920696,6,168920696,NA,NA,NA,NA
S1_42848270,1,42848270,NA,NA,NA,NA
S5_67734395,5,67734395,NA,NA,NA,NA
S8_55966464,8,55966464,NA,NA,NA,NA
S6_129482863,6,129482863,NA,NA,NA,NA
S5_205362577,5,205362577,NA,NA,NA,NA
S5_205362580,5,205362580,NA,NA,NA,NA
S1_209307038,1,209307038,NA,NA,NA,NA
S8_27800352,8,27800352,NA,NA,NA,NA
S1_269305005,1,269305005,NA,NA,NA,NA
S1_281168720,1,281168720,NA,NA,NA,NA
S1_181872796,1,181872796,NA,NA,NA,NA
S1_3474940,1,3474940,NA,NA,NA,NA
S2_41244589,2,41244589,NA,NA,NA,NA
S3_3551063,3,3551063,NA,NA,NA,NA
S2_232369861,2,232369861,NA,NA,NA,NA
S7_130252426,7,130252426,NA,NA,NA,NA
S1_209806016,1,209806016,NA,NA,NA,NA
S9_11237165,9,11237165,NA,NA,NA,NA
S9_19537875,9,19537875,NA,NA,NA,NA
S7_145641352,7,145641352,NA,NA,NA,NA
S8_26629450,8,26629450,NA,NA,NA,NA
S9_91476115,9,91476115,NA,NA,NA,NA
S7_148592460,7,148592460,NA,NA,NA,NA
S9_120359834,9,120359834,NA,NA,NA,NA
S1_45403521,1,45403521,NA,NA,NA,NA
S1_97007693,1,97007693,NA,NA,NA,NA
S2_58491714,2,58491714,NA,NA,NA,NA
S9_13149914,9,13149914,NA,NA,NA,NA
S6_151462713,6,151462713,NA,NA,NA,NA
S5_209568977,5,209568977,NA,NA,NA,NA
S5_18699688,5,18699688,NA,NA,NA,NA
S8_28162892,8,28162892,NA,NA,NA,NA
S9_73923077,9,73923077,NA,NA,NA,NA
S3_181696196,3,181696196,NA,NA,NA,NA
S2_208132386,2,208132386,NA,NA,NA,NA
S4_238123042,4,238123042,NA,NA,NA,NA
S7_124746145,7,124746145,NA,NA,NA,NA
S1_83010815,1,83010815,NA,NA,NA,NA
S3_219400427,3,219400427,NA,NA,NA,NA
S5_206186202,5,206186202,NA,NA,NA,NA
S10_146965556,10,146965556,NA,NA,NA,NA
S6_162940475,6,162940475,NA,NA,NA,NA
S2_109001827,2,109001827,NA,NA,NA,NA
S4_170793157,4,170793157,NA,NA,NA,NA
S1_13991694,1,13991694,NA,NA,NA,NA
S2_48589488,2,48589488,NA,NA,NA,NA
S7_13980517,7,13980517,NA,NA,NA,NA
S2_195651382,2,195651382,NA,NA,NA,NA
S8_8350569,8,8350569,NA,NA,NA,NA
S2_229130707,2,229130707,NA,NA,NA,NA
S2_18351351,2,18351351,NA,NA,NA,NA
S3_6294326,3,6294326,NA,NA,NA,NA
S5_31835325,5,31835325,NA,NA,NA,NA
S10_60480389,10,60480389,NA,NA,NA,NA
S10_2255874,10,2255874,NA,NA,NA,NA
S4_189157823,4,189157823,NA,NA,NA,NA
S4_197154579,4,197154579,NA,NA,NA,NA
S4_197154610,4,197154610,NA,NA,NA,NA
S3_181906507,3,181906507,NA,NA,NA,NA
S7_158369631,7,158369631,NA,NA,NA,NA
S9_88649014,9,88649014,NA,NA,NA,NA
S4_196969609,4,196969609,NA,NA,NA,NA
S8_102951565,8,102951565,NA,NA,NA,NA
S4_5238963,4,5238963,NA,NA,NA,NA
S8_61520087,8,61520087,NA,NA,NA,NA
S6_117596170,6,117596170,NA,NA,NA,NA
S3_113780986,3,113780986,NA,NA,NA,NA
S2_41485441,2,41485441,NA,NA,NA,NA
S5_46779385,5,46779385,NA,NA,NA,NA
S3_185937567,3,185937567,NA,NA,NA,NA
S7_7619817,7,7619817,NA,NA,NA,NA
S5_212788774,5,212788774,NA,NA,NA,NA
S1_206123869,1,206123869,NA,NA,NA,NA
S6_168068069,6,168068069,NA,NA,NA,NA
S2_11376574,2,11376574,NA,NA,NA,NA
S8_11800288,8,11800288,NA,NA,NA,NA
S1_250440215,1,250440215,NA,NA,NA,NA
S5_191478058,5,191478058,NA,NA,NA,NA
S5_6608282,5,6608282,NA,NA,NA,NA
S7_161658748,7,161658748,NA,NA,NA,NA
S6_96557445,6,96557445,NA,NA,NA,NA
S3_189780108,3,189780108,NA,NA,NA,NA
S10_122266970,10,122266970,NA,NA,NA,NA
S2_38563779,2,38563779,NA,NA,NA,NA
S1_201957645,1,201957645,NA,NA,NA,NA
S10_124327878,10,124327878,NA,NA,NA,NA
S3_25355371,3,25355371,NA,NA,NA,NA
S5_209722095,5,209722095,NA,NA,NA,NA
S2_15023251,2,15023251,NA,NA,NA,NA
S9_144612190,9,144612190,NA,NA,NA,NA
S1_182169478,1,182169478,NA,NA,NA,NA
S6_167116086,6,167116086,NA,NA,NA,NA
S6_89066163,6,89066163,NA,NA,NA,NA
S6_9496356,6,9496356,NA,NA,NA,NA
S7_162959570,7,162959570,NA,NA,NA,NA
S6_145657456,6,145657456,NA,NA,NA,NA
S3_189936790,3,189936790,NA,NA,NA,NA
S2_218856821,2,218856821,NA,NA,NA,NA
S4_7165829,4,7165829,NA,NA,NA,NA
S9_318789,9,318789,NA,NA,NA,NA
S10_130253622,10,130253622,NA,NA,NA,NA
S5_142711108,5,142711108,NA,NA,NA,NA
S2_195733482,2,195733482,NA,NA,NA,NA
S9_59160476,9,59160476,NA,NA,NA,NA
S1_290856458,1,290856458,NA,NA,NA,NA
S1_294625898,1,294625898,NA,NA,NA,NA
S7_140424878,7,140424878,NA,NA,NA,NA
S3_125694805,3,125694805,NA,NA,NA,NA
S9_13662537,9,13662537,NA,NA,NA,NA
S5_1843619,5,1843619,NA,NA,NA,NA
S9_111999588,9,111999588,NA,NA,NA,NA
S1_217586691,1,217586691,NA,NA,NA,NA
S1_268956309,1,268956309,NA,NA,NA,NA
S7_143410013,7,143410013,NA,NA,NA,NA
S5_2249489,5,2249489,NA,NA,NA,NA
S4_186589377,4,186589377,NA,NA,NA,NA
S1_282745520,1,282745520,NA,NA,NA,NA
S3_141296863,3,141296863,NA,NA,NA,NA
S3_212706882,3,212706882,NA,NA,NA,NA
S2_70342864,2,70342864,NA,NA,NA,NA
S6_167424330,6,167424330,NA,NA,NA,NA
S1_172821913,1,172821913,NA,NA,NA,NA
S1_172821915,1,172821915,NA,NA,NA,NA
S3_124181320,3,124181320,NA,NA,NA,NA
S2_232405673,2,232405673,NA,NA,NA,NA
S5_214126979,5,214126979,NA,NA,NA,NA
S3_175937225,3,175937225,NA,NA,NA,NA
S6_161707915,6,161707915,NA,NA,NA,NA
S9_44486589,9,44486589,NA,NA,NA,NA
S5_204094615,5,204094615,NA,NA,NA,NA
S7_162321526,7,162321526,NA,NA,NA,NA
S2_204659561,2,204659561,NA,NA,NA,NA
S1_287720089,1,287720089,NA,NA,NA,NA
S2_13299969,2,13299969,NA,NA,NA,NA
S5_215064662,5,215064662,NA,NA,NA,NA
S10_10288830,10,10288830,NA,NA,NA,NA
S8_21817248,8,21817248,NA,NA,NA,NA
S6_53881644,6,53881644,NA,NA,NA,NA
S3_225548498,3,225548498,NA,NA,NA,NA
S7_152965380,7,152965380,NA,NA,NA,NA
S4_55392920,4,55392920,NA,NA,NA,NA
S4_55392929,4,55392929,NA,NA,NA,NA
S4_55392949,4,55392949,NA,NA,NA,NA
S4_167189557,4,167189557,NA,NA,NA,NA
S5_212619315,5,212619315,NA,NA,NA,NA
S4_229341989,4,229341989,NA,NA,NA,NA
S5_4969466,5,4969466,NA,NA,NA,NA
S2_109000206,2,109000206,NA,NA,NA,NA
S2_217012306,2,217012306,NA,NA,NA,NA
S7_133374241,7,133374241,NA,NA,NA,NA
S1_161408518,1,161408518,NA,NA,NA,NA
S7_147335332,7,147335332,NA,NA,NA,NA
S2_107767675,2,107767675,NA,NA,NA,NA
S3_170023548,3,170023548,NA,NA,NA,NA
S10_8451902,10,8451902,NA,NA,NA,NA
S5_70870629,5,70870629,NA,NA,NA,NA
S10_90245402,10,90245402,NA,NA,NA,NA
S2_167509659,2,167509659,NA,NA,NA,NA
S4_236951909,4,236951909,NA,NA,NA,NA
S2_21913599,2,21913599,NA,NA,NA,NA
S2_21913610,2,21913610,NA,NA,NA,NA
S10_1883817,10,1883817,NA,NA,NA,NA
S8_117874026,8,117874026,NA,NA,NA,NA
S5_183484329,5,183484329,NA,NA,NA,NA
S3_206704634,3,206704634,NA,NA,NA,NA
S10_133111683,10,133111683,NA,NA,NA,NA
S2_101662999,2,101662999,NA,NA,NA,NA
S5_208061063,5,208061063,NA,NA,NA,NA
S2_24169614,2,24169614,NA,NA,NA,NA
S2_24169636,2,24169636,NA,NA,NA,NA
S2_24169660,2,24169660,NA,NA,NA,NA
S3_6677101,3,6677101,NA,NA,NA,NA
S6_139591366,6,139591366,NA,NA,NA,NA
S6_156928015,6,156928015,NA,NA,NA,NA
S6_108249488,6,108249488,NA,NA,NA,NA
S7_173149081,7,173149081,NA,NA,NA,NA
S4_226621097,4,226621097,NA,NA,NA,NA
S1_199502655,1,199502655,NA,NA,NA,NA
S3_172448457,3,172448457,NA,NA,NA,NA
S2_5075489,2,5075489,NA,NA,NA,NA
S6_132195278,6,132195278,NA,NA,NA,NA
S6_158297337,6,158297337,NA,NA,NA,NA
S3_209846907,3,209846907,NA,NA,NA,NA
S1_195331696,1,195331696,NA,NA,NA,NA
S10_125204987,10,125204987,NA,NA,NA,NA
S6_142099430,6,142099430,NA,NA,NA,NA
S6_142099431,6,142099431,NA,NA,NA,NA
S6_142099435,6,142099435,NA,NA,NA,NA
S6_142099436,6,142099436,NA,NA,NA,NA
S6_142099438,6,142099438,NA,NA,NA,NA
S5_3667808,5,3667808,NA,NA,NA,NA
S7_149912851,7,149912851,NA,NA,NA,NA
S6_147346041,6,147346041,NA,NA,NA,NA
S4_11646594,4,11646594,NA,NA,NA,NA
S3_217008761,3,217008761,NA,NA,NA,NA
S1_40141613,1,40141613,NA,NA,NA,NA
S1_285526825,1,285526825,NA,NA,NA,NA
S10_99944096,10,99944096,NA,NA,NA,NA
S8_62998602,8,62998602,NA,NA,NA,NA
S7_173446223,7,173446223,NA,NA,NA,NA
S2_234111514,2,234111514,NA,NA,NA,NA
S5_13257342,5,13257342,NA,NA,NA,NA
S5_176330252,5,176330252,NA,NA,NA,NA
S3_165730832,3,165730832,NA,NA,NA,NA
S5_36476887,5,36476887,NA,NA,NA,NA
S1_209126560,1,209126560,NA,NA,NA,NA
S9_147629104,9,147629104,NA,NA,NA,NA
S1_42847896,1,42847896,NA,NA,NA,NA
S4_237517611,4,237517611,NA,NA,NA,NA
S3_183121146,3,183121146,NA,NA,NA,NA
S4_142250784,4,142250784,NA,NA,NA,NA
S8_145353191,8,145353191,NA,NA,NA,NA
S7_152255461,7,152255461,NA,NA,NA,NA
S6_109664321,6,109664321,NA,NA,NA,NA
S9_151665733,9,151665733,NA,NA,NA,NA
S7_77601060,7,77601060,NA,NA,NA,NA
S10_7440213,10,7440213,NA,NA,NA,NA
S6_87699827,6,87699827,NA,NA,NA,NA
S4_225268543,4,225268543,NA,NA,NA,NA
S6_93497326,6,93497326,NA,NA,NA,NA
S3_3912933,3,3912933,NA,NA,NA,NA
S8_11302208,8,11302208,NA,NA,NA,NA
S8_134066057,8,134066057,NA,NA,NA,NA
S9_23453954,9,23453954,NA,NA,NA,NA
S9_128320162,9,128320162,NA,NA,NA,NA
S8_171037772,8,171037772,NA,NA,NA,NA
S6_24183548,6,24183548,NA,NA,NA,NA
S5_202054235,5,202054235,NA,NA,NA,NA
S8_164772108,8,164772108,NA,NA,NA,NA
S6_95604759,6,95604759,NA,NA,NA,NA
S5_178318912,5,178318912,NA,NA,NA,NA
S10_99473219,10,99473219,NA,NA,NA,NA
S10_99473225,10,99473225,NA,NA,NA,NA
S1_112806553,1,112806553,NA,NA,NA,NA
S6_135883690,6,135883690,NA,NA,NA,NA
S2_114021690,2,114021690,NA,NA,NA,NA
S1_20698831,1,20698831,NA,NA,NA,NA
S8_98425908,8,98425908,NA,NA,NA,NA
S3_126509665,3,126509665,NA,NA,NA,NA
S10_134583989,10,134583989,NA,NA,NA,NA
S5_214707534,5,214707534,NA,NA,NA,NA
S10_16526239,10,16526239,NA,NA,NA,NA
S1_85896653,1,85896653,NA,NA,NA,NA
S9_108293544,9,108293544,NA,NA,NA,NA
S4_178582576,4,178582576,NA,NA,NA,NA
S3_33570654,3,33570654,NA,NA,NA,NA
S1_216164093,1,216164093,NA,NA,NA,NA
S2_202641758,2,202641758,NA,NA,NA,NA
S3_156638165,3,156638165,NA,NA,NA,NA
S5_56018770,5,56018770,NA,NA,NA,NA
S7_132632298,7,132632298,NA,NA,NA,NA
S1_82378098,1,82378098,NA,NA,NA,NA
S6_154325154,6,154325154,NA,NA,NA,NA
S1_144967517,1,144967517,NA,NA,NA,NA
S4_184400258,4,184400258,NA,NA,NA,NA
S2_214950429,2,214950429,NA,NA,NA,NA
S1_256513834,1,256513834,NA,NA,NA,NA
S1_260137931,1,260137931,NA,NA,NA,NA
S5_8334513,5,8334513,NA,NA,NA,NA
S4_184286928,4,184286928,NA,NA,NA,NA
S1_139463362,1,139463362,NA,NA,NA,NA
S3_179410109,3,179410109,NA,NA,NA,NA
S4_236472955,4,236472955,NA,NA,NA,NA
S5_6302736,5,6302736,NA,NA,NA,NA
S10_21552236,10,21552236,NA,NA,NA,NA
S1_293266731,1,293266731,NA,NA,NA,NA
S9_74069584,9,74069584,NA,NA,NA,NA
S9_7662043,9,7662043,NA,NA,NA,NA
S4_240106225,4,240106225,NA,NA,NA,NA
S2_109104248,2,109104248,NA,NA,NA,NA
S2_155956900,2,155956900,NA,NA,NA,NA
S8_157723876,8,157723876,NA,NA,NA,NA
S6_73909514,6,73909514,NA,NA,NA,NA
S8_26859146,8,26859146,NA,NA,NA,NA
S4_173800768,4,173800768,NA,NA,NA,NA
S1_206432597,1,206432597,NA,NA,NA,NA
S1_12256407,1,12256407,NA,NA,NA,NA
S1_91237348,1,91237348,NA,NA,NA,NA
S8_173805805,8,173805805,NA,NA,NA,NA
S8_173805808,8,173805808,NA,NA,NA,NA
S6_25289085,6,25289085,NA,NA,NA,NA
S9_131520078,9,131520078,NA,NA,NA,NA
S2_158386204,2,158386204,NA,NA,NA,NA
S7_175194421,7,175194421,NA,NA,NA,NA
S8_150312777,8,150312777,NA,NA,NA,NA
S6_143871472,6,143871472,NA,NA,NA,NA
S9_23457740,9,23457740,NA,NA,NA,NA
S9_146761124,9,146761124,NA,NA,NA,NA
S9_146761127,9,146761127,NA,NA,NA,NA
S9_146761129,9,146761129,NA,NA,NA,NA
S9_146761130,9,146761130,NA,NA,NA,NA
S2_189632726,2,189632726,NA,NA,NA,NA
S9_103956805,9,103956805,NA,NA,NA,NA
S9_103956817,9,103956817,NA,NA,NA,NA
S10_126307632,10,126307632,NA,NA,NA,NA
S3_2076720,3,2076720,NA,NA,NA,NA
S1_25449652,1,25449652,NA,NA,NA,NA
S8_25390724,8,25390724,NA,NA,NA,NA
S1_55454752,1,55454752,NA,NA,NA,NA
S1_292893155,1,292893155,NA,NA,NA,NA
S2_155101247,2,155101247,NA,NA,NA,NA
S9_147513461,9,147513461,NA,NA,NA,NA
S1_58717380,1,58717380,NA,NA,NA,NA
S9_133936171,9,133936171,NA,NA,NA,NA
S5_20834448,5,20834448,NA,NA,NA,NA
S4_194316886,4,194316886,NA,NA,NA,NA
S1_148230546,1,148230546,NA,NA,NA,NA
S6_143981257,6,143981257,NA,NA,NA,NA
S7_36867049,7,36867049,NA,NA,NA,NA
S4_37321717,4,37321717,NA,NA,NA,NA
S3_2945018,3,2945018,NA,NA,NA,NA
S3_54119652,3,54119652,NA,NA,NA,NA
S9_84242321,9,84242321,NA,NA,NA,NA
S4_40704075,4,40704075,NA,NA,NA,NA
S5_25490067,5,25490067,NA,NA,NA,NA
S5_46781459,5,46781459,NA,NA,NA,NA
S8_105674123,8,105674123,NA,NA,NA,NA
S6_86625586,6,86625586,NA,NA,NA,NA
S6_118149894,6,118149894,NA,NA,NA,NA
S7_105366036,7,105366036,NA,NA,NA,NA
S4_10804302,4,10804302,NA,NA,NA,NA
S1_296190001,1,296190001,NA,NA,NA,NA
S4_185493852,4,185493852,NA,NA,NA,NA
S2_18792277,2,18792277,NA,NA,NA,NA
S8_132327800,8,132327800,NA,NA,NA,NA
S2_211508154,2,211508154,NA,NA,NA,NA
S1_189351760,1,189351760,NA,NA,NA,NA
S7_43578660,7,43578660,NA,NA,NA,NA
S1_8637190,1,8637190,NA,NA,NA,NA
S7_13845017,7,13845017,NA,NA,NA,NA
S1_281168851,1,281168851,NA,NA,NA,NA
S8_167086595,8,167086595,NA,NA,NA,NA
S5_34326744,5,34326744,NA,NA,NA,NA
S6_146616827,6,146616827,NA,NA,NA,NA
S5_168428447,5,168428447,NA,NA,NA,NA
S1_61138166,1,61138166,NA,NA,NA,NA
S4_185695207,4,185695207,NA,NA,NA,NA
S1_230957070,1,230957070,NA,NA,NA,NA
S5_207988797,5,207988797,NA,NA,NA,NA
S2_8582363,2,8582363,NA,NA,NA,NA
S4_18911790,4,18911790,NA,NA,NA,NA
S1_29233518,1,29233518,NA,NA,NA,NA
S1_29233520,1,29233520,NA,NA,NA,NA
S3_13102875,3,13102875,NA,NA,NA,NA
S4_140878429,4,140878429,NA,NA,NA,NA
S7_117364627,7,117364627,NA,NA,NA,NA
S5_98655518,5,98655518,NA,NA,NA,NA
S1_64239450,1,64239450,NA,NA,NA,NA
S2_6035374,2,6035374,NA,NA,NA,NA
S9_62750353,9,62750353,NA,NA,NA,NA
S10_108060718,10,108060718,NA,NA,NA,NA
S6_132003617,6,132003617,NA,NA,NA,NA
S7_127888839,7,127888839,NA,NA,NA,NA
S8_5319373,8,5319373,NA,NA,NA,NA
S1_211530769,1,211530769,NA,NA,NA,NA
S8_14848368,8,14848368,NA,NA,NA,NA
S7_116075215,7,116075215,NA,NA,NA,NA
S2_199175422,2,199175422,NA,NA,NA,NA
S2_131336982,2,131336982,NA,NA,NA,NA
S1_59123083,1,59123083,NA,NA,NA,NA
S2_13616122,2,13616122,NA,NA,NA,NA
S3_124666422,3,124666422,NA,NA,NA,NA
S1_98840690,1,98840690,NA,NA,NA,NA
S2_2366720,2,2366720,NA,NA,NA,NA
S1_296891436,1,296891436,NA,NA,NA,NA
S2_3014059,2,3014059,NA,NA,NA,NA
S1_296190073,1,296190073,NA,NA,NA,NA
S7_173746112,7,173746112,NA,NA,NA,NA
S1_245869844,1,245869844,NA,NA,NA,NA
S2_45989451,2,45989451,NA,NA,NA,NA
S4_193508868,4,193508868,NA,NA,NA,NA
S3_6940151,3,6940151,NA,NA,NA,NA
S5_211750121,5,211750121,NA,NA,NA,NA
S1_300659104,1,300659104,NA,NA,NA,NA
S2_40067923,2,40067923,NA,NA,NA,NA
S4_165637199,4,165637199,NA,NA,NA,NA
S4_165637200,4,165637200,NA,NA,NA,NA
S10_142095339,10,142095339,NA,NA,NA,NA
S2_220926291,2,220926291,NA,NA,NA,NA
S9_146152767,9,146152767,NA,NA,NA,NA
S6_89823777,6,89823777,NA,NA,NA,NA
S3_114352228,3,114352228,NA,NA,NA,NA
S6_105071266,6,105071266,NA,NA,NA,NA
S2_233738167,2,233738167,NA,NA,NA,NA
S7_140248859,7,140248859,NA,NA,NA,NA
S5_32012092,5,32012092,NA,NA,NA,NA
S5_214905927,5,214905927,NA,NA,NA,NA
S4_202074507,4,202074507,NA,NA,NA,NA
S7_163575410,7,163575410,NA,NA,NA,NA
S7_163575414,7,163575414,NA,NA,NA,NA
S8_171441231,8,171441231,NA,NA,NA,NA
S10_141963059,10,141963059,NA,NA,NA,NA
S4_212041543,4,212041543,NA,NA,NA,NA
S8_137156470,8,137156470,NA,NA,NA,NA
S1_198734607,1,198734607,NA,NA,NA,NA
S6_43908356,6,43908356,NA,NA,NA,NA
S8_170628846,8,170628846,NA,NA,NA,NA
S7_155590082,7,155590082,NA,NA,NA,NA
S2_5682684,2,5682684,NA,NA,NA,NA
S2_5682685,2,5682685,NA,NA,NA,NA
S4_26424949,4,26424949,NA,NA,NA,NA
S1_21473288,1,21473288,NA,NA,NA,NA
S6_89412450,6,89412450,NA,NA,NA,NA
S7_25910982,7,25910982,NA,NA,NA,NA
S1_174846151,1,174846151,NA,NA,NA,NA
S1_199742002,1,199742002,NA,NA,NA,NA
S2_59711355,2,59711355,NA,NA,NA,NA
S1_81424429,1,81424429,NA,NA,NA,NA
S6_164369568,6,164369568,NA,NA,NA,NA
S3_166691663,3,166691663,NA,NA,NA,NA
S8_6810510,8,6810510,NA,NA,NA,NA
S4_15690289,4,15690289,NA,NA,NA,NA
S3_228998525,3,228998525,NA,NA,NA,NA
S4_240524257,4,240524257,NA,NA,NA,NA
S2_83268098,2,83268098,NA,NA,NA,NA
S8_174404131,8,174404131,NA,NA,NA,NA
S5_129223951,5,129223951,NA,NA,NA,NA
S5_2363546,5,2363546,NA,NA,NA,NA
S8_161635209,8,161635209,NA,NA,NA,NA
S7_141651083,7,141651083,NA,NA,NA,NA
S2_144800312,2,144800312,NA,NA,NA,NA
S10_135058067,10,135058067,NA,NA,NA,NA
S2_38130035,2,38130035,NA,NA,NA,NA
S3_15434421,3,15434421,NA,NA,NA,NA
S2_189309469,2,189309469,NA,NA,NA,NA
S3_135309446,3,135309446,NA,NA,NA,NA
S1_248738069,1,248738069,NA,NA,NA,NA
S2_44202186,2,44202186,NA,NA,NA,NA
S1_279913054,1,279913054,NA,NA,NA,NA
S1_279913063,1,279913063,NA,NA,NA,NA
S8_162833390,8,162833390,NA,NA,NA,NA
S1_276988928,1,276988928,NA,NA,NA,NA
S1_69587711,1,69587711,NA,NA,NA,NA
S4_196988340,4,196988340,NA,NA,NA,NA
S8_105674162,8,105674162,NA,NA,NA,NA
S1_119697532,1,119697532,NA,NA,NA,NA
S8_173991551,8,173991551,NA,NA,NA,NA
S1_112606754,1,112606754,NA,NA,NA,NA
S5_3396708,5,3396708,NA,NA,NA,NA
S4_199278394,4,199278394,NA,NA,NA,NA
S2_222209946,2,222209946,NA,NA,NA,NA
S1_15068782,1,15068782,NA,NA,NA,NA
S9_121724758,9,121724758,NA,NA,NA,NA
S1_226180338,1,226180338,NA,NA,NA,NA
S6_159617006,6,159617006,NA,NA,NA,NA
S6_159617009,6,159617009,NA,NA,NA,NA
S5_4221655,5,4221655,NA,NA,NA,NA
S5_71852741,5,71852741,NA,NA,NA,NA
S5_71852744,5,71852744,NA,NA,NA,NA
S2_232384356,2,232384356,NA,NA,NA,NA
S2_232384360,2,232384360,NA,NA,NA,NA
S6_75996870,6,75996870,NA,NA,NA,NA
S3_196090846,3,196090846,NA,NA,NA,NA
S3_5778013,3,5778013,NA,NA,NA,NA
S4_170808112,4,170808112,NA,NA,NA,NA
S1_245035242,1,245035242,NA,NA,NA,NA
S1_245035279,1,245035279,NA,NA,NA,NA
S7_162561468,7,162561468,NA,NA,NA,NA
S1_2784031,1,2784031,NA,NA,NA,NA
S2_24808069,2,24808069,NA,NA,NA,NA
S6_118752649,6,118752649,NA,NA,NA,NA
S8_1520028,8,1520028,NA,NA,NA,NA
S8_1520031,8,1520031,NA,NA,NA,NA
S9_137344469,9,137344469,NA,NA,NA,NA
S8_172457717,8,172457717,NA,NA,NA,NA
S5_48803415,5,48803415,NA,NA,NA,NA
S4_149725104,4,149725104,NA,NA,NA,NA
S10_145105058,10,145105058,NA,NA,NA,NA
S5_197974553,5,197974553,NA,NA,NA,NA
S1_262512954,1,262512954,NA,NA,NA,NA
S1_176869759,1,176869759,NA,NA,NA,NA
S2_29873994,2,29873994,NA,NA,NA,NA
S3_10522394,3,10522394,NA,NA,NA,NA
S9_24487256,9,24487256,NA,NA,NA,NA
S9_110494386,9,110494386,NA,NA,NA,NA
S10_5747376,10,5747376,NA,NA,NA,NA
S5_208900714,5,208900714,NA,NA,NA,NA
S8_110372109,8,110372109,NA,NA,NA,NA
S8_146483208,8,146483208,NA,NA,NA,NA
S8_146483210,8,146483210,NA,NA,NA,NA
S1_63209011,1,63209011,NA,NA,NA,NA
S1_63209025,1,63209025,NA,NA,NA,NA
S10_95125177,10,95125177,NA,NA,NA,NA
S1_4606169,1,4606169,NA,NA,NA,NA
S6_156744437,6,156744437,NA,NA,NA,NA
S3_175692144,3,175692144,NA,NA,NA,NA
S9_102197202,9,102197202,NA,NA,NA,NA
S8_18349937,8,18349937,NA,NA,NA,NA
S10_117573574,10,117573574,NA,NA,NA,NA
S5_25025128,5,25025128,NA,NA,NA,NA
S7_154186303,7,154186303,NA,NA,NA,NA
S10_129522479,10,129522479,NA,NA,NA,NA
S3_140766213,3,140766213,NA,NA,NA,NA
S6_156036163,6,156036163,NA,NA,NA,NA
S6_150687774,6,150687774,NA,NA,NA,NA
S6_150687775,6,150687775,NA,NA,NA,NA
S6_150687777,6,150687777,NA,NA,NA,NA
S6_150687778,6,150687778,NA,NA,NA,NA
S6_150687779,6,150687779,NA,NA,NA,NA
S6_112434438,6,112434438,NA,NA,NA,NA
S6_112434439,6,112434439,NA,NA,NA,NA
S5_208900717,5,208900717,NA,NA,NA,NA
S3_26717174,3,26717174,NA,NA,NA,NA
S7_161348284,7,161348284,NA,NA,NA,NA
S3_63245670,3,63245670,NA,NA,NA,NA
S5_190051269,5,190051269,NA,NA,NA,NA
S1_238818366,1,238818366,NA,NA,NA,NA
S6_144374141,6,144374141,NA,NA,NA,NA
S6_159849771,6,159849771,NA,NA,NA,NA
S10_116117891,10,116117891,NA,NA,NA,NA
S10_116117894,10,116117894,NA,NA,NA,NA
S1_47599900,1,47599900,NA,NA,NA,NA
S3_132330274,3,132330274,NA,NA,NA,NA
S7_89714351,7,89714351,NA,NA,NA,NA
S2_191859871,2,191859871,NA,NA,NA,NA
S2_47365068,2,47365068,NA,NA,NA,NA
S1_297914016,1,297914016,NA,NA,NA,NA
S5_49830289,5,49830289,NA,NA,NA,NA
S6_163927258,6,163927258,NA,NA,NA,NA
S6_79916740,6,79916740,NA,NA,NA,NA
S5_207732844,5,207732844,NA,NA,NA,NA
S9_6467717,9,6467717,NA,NA,NA,NA
S5_29623366,5,29623366,NA,NA,NA,NA
S10_1883749,10,1883749,NA,NA,NA,NA
S10_79138169,10,79138169,NA,NA,NA,NA
S10_79138171,10,79138171,NA,NA,NA,NA
S1_45340074,1,45340074,NA,NA,NA,NA
S8_101770820,8,101770820,NA,NA,NA,NA
S8_101770844,8,101770844,NA,NA,NA,NA
S5_203796839,5,203796839,NA,NA,NA,NA
S9_12878081,9,12878081,NA,NA,NA,NA
S1_32052125,1,32052125,NA,NA,NA,NA
S10_135056580,10,135056580,NA,NA,NA,NA
S4_21430804,4,21430804,NA,NA,NA,NA
S6_21886767,6,21886767,NA,NA,NA,NA
S1_292237154,1,292237154,NA,NA,NA,NA
S7_166746196,7,166746196,NA,NA,NA,NA
S3_146598418,3,146598418,NA,NA,NA,NA
S7_2292862,7,2292862,NA,NA,NA,NA
S1_4601776,1,4601776,NA,NA,NA,NA
S7_125348551,7,125348551,NA,NA,NA,NA
S7_125348552,7,125348552,NA,NA,NA,NA
S7_125348555,7,125348555,NA,NA,NA,NA
S7_125348557,7,125348557,NA,NA,NA,NA
S3_221347756,3,221347756,NA,NA,NA,NA
S3_221347762,3,221347762,NA,NA,NA,NA
S10_21552237,10,21552237,NA,NA,NA,NA
S8_99225417,8,99225417,NA,NA,NA,NA
S2_204117438,2,204117438,NA,NA,NA,NA
S10_136118307,10,136118307,NA,NA,NA,NA
S2_195428222,2,195428222,NA,NA,NA,NA
S4_171674782,4,171674782,NA,NA,NA,NA
S7_7573533,7,7573533,NA,NA,NA,NA
S1_65417292,1,65417292,NA,NA,NA,NA
S7_173817986,7,173817986,NA,NA,NA,NA
S8_11503731,8,11503731,NA,NA,NA,NA
S8_117437511,8,117437511,NA,NA,NA,NA
S3_116981530,3,116981530,NA,NA,NA,NA
S5_180440903,5,180440903,NA,NA,NA,NA
S1_176063209,1,176063209,NA,NA,NA,NA
S4_140792292,4,140792292,NA,NA,NA,NA
S8_149424999,8,149424999,NA,NA,NA,NA
S10_141577096,10,141577096,NA,NA,NA,NA
S6_7129809,6,7129809,NA,NA,NA,NA
S6_9201595,6,9201595,NA,NA,NA,NA
S1_6850931,1,6850931,NA,NA,NA,NA
S3_115007311,3,115007311,NA,NA,NA,NA
S3_150831487,3,150831487,NA,NA,NA,NA
S1_247866170,1,247866170,NA,NA,NA,NA
S2_23737680,2,23737680,NA,NA,NA,NA
S2_721631,2,721631,NA,NA,NA,NA
S2_58766499,2,58766499,NA,NA,NA,NA
S9_145513186,9,145513186,NA,NA,NA,NA
S1_80863946,1,80863946,NA,NA,NA,NA
S8_19564413,8,19564413,NA,NA,NA,NA
S9_154247938,9,154247938,NA,NA,NA,NA
S9_154247950,9,154247950,NA,NA,NA,NA
S7_14658639,7,14658639,NA,NA,NA,NA
S2_14398802,2,14398802,NA,NA,NA,NA
S6_110437245,6,110437245,NA,NA,NA,NA
S1_236237646,1,236237646,NA,NA,NA,NA
S9_98672410,9,98672410,NA,NA,NA,NA
S4_22553004,4,22553004,NA,NA,NA,NA
S1_280776882,1,280776882,NA,NA,NA,NA
S1_6235770,1,6235770,NA,NA,NA,NA
S2_199691076,2,199691076,NA,NA,NA,NA
S7_3073777,7,3073777,NA,NA,NA,NA
S7_3073782,7,3073782,NA,NA,NA,NA
S7_141524615,7,141524615,NA,NA,NA,NA
S2_173420991,2,173420991,NA,NA,NA,NA
S2_234015237,2,234015237,NA,NA,NA,NA
S1_36216824,1,36216824,NA,NA,NA,NA
S8_160298505,8,160298505,NA,NA,NA,NA
S2_234229493,2,234229493,NA,NA,NA,NA
S8_166227833,8,166227833,NA,NA,NA,NA
S1_268339346,1,268339346,NA,NA,NA,NA
S9_70607143,9,70607143,NA,NA,NA,NA
S2_214078180,2,214078180,NA,NA,NA,NA
S6_109999867,6,109999867,NA,NA,NA,NA
S3_195964307,3,195964307,NA,NA,NA,NA
S3_195964326,3,195964326,NA,NA,NA,NA
S5_211322085,5,211322085,NA,NA,NA,NA
S7_100264864,7,100264864,NA,NA,NA,NA
S10_2837436,10,2837436,NA,NA,NA,NA
S4_67652457,4,67652457,NA,NA,NA,NA
S1_80662661,1,80662661,NA,NA,NA,NA
S6_76238459,6,76238459,NA,NA,NA,NA
S2_1563536,2,1563536,NA,NA,NA,NA
S4_175278618,4,175278618,NA,NA,NA,NA
S7_173808074,7,173808074,NA,NA,NA,NA
S8_79127682,8,79127682,NA,NA,NA,NA
S9_138771353,9,138771353,NA,NA,NA,NA
S6_167689667,6,167689667,NA,NA,NA,NA
S9_137763687,9,137763687,NA,NA,NA,NA
S8_23888998,8,23888998,NA,NA,NA,NA
S3_52248882,3,52248882,NA,NA,NA,NA
S9_92499259,9,92499259,NA,NA,NA,NA
S2_26436269,2,26436269,NA,NA,NA,NA
S6_87699825,6,87699825,NA,NA,NA,NA
S2_175498331,2,175498331,NA,NA,NA,NA
S10_147010466,10,147010466,NA,NA,NA,NA
S6_34602900,6,34602900,NA,NA,NA,NA
S1_234787174,1,234787174,NA,NA,NA,NA
S3_2945009,3,2945009,NA,NA,NA,NA
S2_192395607,2,192395607,NA,NA,NA,NA
S2_192395613,2,192395613,NA,NA,NA,NA
S1_2307029,1,2307029,NA,NA,NA,NA
S1_2745817,1,2745817,NA,NA,NA,NA
S3_149249960,3,149249960,NA,NA,NA,NA
S7_154185743,7,154185743,NA,NA,NA,NA
S5_188779581,5,188779581,NA,NA,NA,NA
S3_203290660,3,203290660,NA,NA,NA,NA
S1_280776880,1,280776880,NA,NA,NA,NA
S1_280776885,1,280776885,NA,NA,NA,NA
S10_47315146,10,47315146,NA,NA,NA,NA
S5_159332527,5,159332527,NA,NA,NA,NA
S4_157569917,4,157569917,NA,NA,NA,NA
S3_181751353,3,181751353,NA,NA,NA,NA
S2_187442917,2,187442917,NA,NA,NA,NA
S10_120822285,10,120822285,NA,NA,NA,NA
S10_131801905,10,131801905,NA,NA,NA,NA
S5_191128431,5,191128431,NA,NA,NA,NA
S2_193815573,2,193815573,NA,NA,NA,NA
S5_214093814,5,214093814,NA,NA,NA,NA
S2_19320152,2,19320152,NA,NA,NA,NA
S1_45512277,1,45512277,NA,NA,NA,NA
S1_264533817,1,264533817,NA,NA,NA,NA
S7_142113544,7,142113544,NA,NA,NA,NA
S7_142113546,7,142113546,NA,NA,NA,NA
S6_114057054,6,114057054,NA,NA,NA,NA
S8_72977857,8,72977857,NA,NA,NA,NA
S1_160956357,1,160956357,NA,NA,NA,NA
S3_142739755,3,142739755,NA,NA,NA,NA
S5_211074147,5,211074147,NA,NA,NA,NA
S2_184646201,2,184646201,NA,NA,NA,NA
S2_3014081,2,3014081,NA,NA,NA,NA
S6_168356835,6,168356835,NA,NA,NA,NA
S5_200939387,5,200939387,NA,NA,NA,NA
S8_171037736,8,171037736,NA,NA,NA,NA
S1_15771361,1,15771361,NA,NA,NA,NA
S10_145197674,10,145197674,NA,NA,NA,NA
S3_217557575,3,217557575,NA,NA,NA,NA
S3_145176166,3,145176166,NA,NA,NA,NA
S2_214207816,2,214207816,NA,NA,NA,NA
S3_202838416,3,202838416,NA,NA,NA,NA
S3_6969264,3,6969264,NA,NA,NA,NA
S8_117611470,8,117611470,NA,NA,NA,NA
S4_177653268,4,177653268,NA,NA,NA,NA
S8_150450503,8,150450503,NA,NA,NA,NA
S2_22504846,2,22504846,NA,NA,NA,NA
S2_15243278,2,15243278,NA,NA,NA,NA
S10_85394001,10,85394001,NA,NA,NA,NA
S5_53980578,5,53980578,NA,NA,NA,NA
S3_50099190,3,50099190,NA,NA,NA,NA
S4_183941907,4,183941907,NA,NA,NA,NA
S8_68087411,8,68087411,NA,NA,NA,NA
S8_26350566,8,26350566,NA,NA,NA,NA
S1_102893229,1,102893229,NA,NA,NA,NA
S10_121689066,10,121689066,NA,NA,NA,NA
S6_113778938,6,113778938,NA,NA,NA,NA
S8_170628931,8,170628931,NA,NA,NA,NA
S9_43681235,9,43681235,NA,NA,NA,NA
S8_118854043,8,118854043,NA,NA,NA,NA
S3_169729999,3,169729999,NA,NA,NA,NA
S7_123601629,7,123601629,NA,NA,NA,NA
S3_172146377,3,172146377,NA,NA,NA,NA
S5_168533496,5,168533496,NA,NA,NA,NA
S4_224624146,4,224624146,NA,NA,NA,NA
S2_141162596,2,141162596,NA,NA,NA,NA
S2_141162597,2,141162597,NA,NA,NA,NA
S2_141162599,2,141162599,NA,NA,NA,NA
S2_141162600,2,141162600,NA,NA,NA,NA
S2_141162601,2,141162601,NA,NA,NA,NA
S2_141162602,2,141162602,NA,NA,NA,NA
S2_141162606,2,141162606,NA,NA,NA,NA
S2_141162607,2,141162607,NA,NA,NA,NA
S2_141162608,2,141162608,NA,NA,NA,NA
S3_49055071,3,49055071,NA,NA,NA,NA
S2_79575899,2,79575899,NA,NA,NA,NA
S4_90676098,4,90676098,NA,NA,NA,NA
S8_118769496,8,118769496,NA,NA,NA,NA
S8_118769505,8,118769505,NA,NA,NA,NA
S8_16353811,8,16353811,NA,NA,NA,NA
S8_16353828,8,16353828,NA,NA,NA,NA
S4_191633440,4,191633440,NA,NA,NA,NA
S6_2591502,6,2591502,NA,NA,NA,NA
S7_143750780,7,143750780,NA,NA,NA,NA
S8_71715169,8,71715169,NA,NA,NA,NA
S1_254468245,1,254468245,NA,NA,NA,NA
S3_212710861,3,212710861,NA,NA,NA,NA
S9_117306878,9,117306878,NA,NA,NA,NA
S2_204082490,2,204082490,NA,NA,NA,NA
S3_169030234,3,169030234,NA,NA,NA,NA
S1_43122353,1,43122353,NA,NA,NA,NA
S7_170989108,7,170989108,NA,NA,NA,NA
S1_84414155,1,84414155,NA,NA,NA,NA
S5_203626312,5,203626312,NA,NA,NA,NA
S5_203626340,5,203626340,NA,NA,NA,NA
S5_206846492,5,206846492,NA,NA,NA,NA
S10_46963556,10,46963556,NA,NA,NA,NA
S5_158822719,5,158822719,NA,NA,NA,NA
S3_1610877,3,1610877,NA,NA,NA,NA
S2_144720321,2,144720321,NA,NA,NA,NA
S3_158525456,3,158525456,NA,NA,NA,NA
S1_280716031,1,280716031,NA,NA,NA,NA
S3_2943838,3,2943838,NA,NA,NA,NA
S1_198739875,1,198739875,NA,NA,NA,NA
S6_91640877,6,91640877,NA,NA,NA,NA
S1_65658275,1,65658275,NA,NA,NA,NA
S8_134012422,8,134012422,NA,NA,NA,NA
S8_11485019,8,11485019,NA,NA,NA,NA
S10_7437394,10,7437394,NA,NA,NA,NA
S10_7437399,10,7437399,NA,NA,NA,NA
S10_7437400,10,7437400,NA,NA,NA,NA
S2_188369102,2,188369102,NA,NA,NA,NA
S1_279156248,1,279156248,NA,NA,NA,NA
S8_48532867,8,48532867,NA,NA,NA,NA
S1_179868900,1,179868900,NA,NA,NA,NA
S1_182655096,1,182655096,NA,NA,NA,NA
S1_287981925,1,287981925,NA,NA,NA,NA
S2_211770877,2,211770877,NA,NA,NA,NA
S5_163410092,5,163410092,NA,NA,NA,NA
S1_25375059,1,25375059,NA,NA,NA,NA
S5_159329986,5,159329986,NA,NA,NA,NA
S10_148107221,10,148107221,NA,NA,NA,NA
S1_264520296,1,264520296,NA,NA,NA,NA
S3_189985676,3,189985676,NA,NA,NA,NA
S6_165635669,6,165635669,NA,NA,NA,NA
S4_158136040,4,158136040,NA,NA,NA,NA
S4_42150754,4,42150754,NA,NA,NA,NA
S8_22644871,8,22644871,NA,NA,NA,NA
S8_129857774,8,129857774,NA,NA,NA,NA
S8_129857786,8,129857786,NA,NA,NA,NA
S1_2753385,1,2753385,NA,NA,NA,NA
S7_161846435,7,161846435,NA,NA,NA,NA
S3_146026589,3,146026589,NA,NA,NA,NA
S7_8048140,7,8048140,NA,NA,NA,NA
S8_128602672,8,128602672,NA,NA,NA,NA
S5_18156789,5,18156789,NA,NA,NA,NA
S2_234047514,2,234047514,NA,NA,NA,NA
S5_214126961,5,214126961,NA,NA,NA,NA
S1_8101273,1,8101273,NA,NA,NA,NA
S10_90243326,10,90243326,NA,NA,NA,NA
S10_90243329,10,90243329,NA,NA,NA,NA
S5_14842066,5,14842066,NA,NA,NA,NA
S8_171514507,8,171514507,NA,NA,NA,NA
S8_171514527,8,171514527,NA,NA,NA,NA
S2_11207035,2,11207035,NA,NA,NA,NA
S8_10011499,8,10011499,NA,NA,NA,NA
S5_213035403,5,213035403,NA,NA,NA,NA
S1_34210868,1,34210868,NA,NA,NA,NA
S10_148513562,10,148513562,NA,NA,NA,NA
S2_209019212,2,209019212,NA,NA,NA,NA
S10_147855969,10,147855969,NA,NA,NA,NA
S5_210635361,5,210635361,NA,NA,NA,NA
S2_177176873,2,177176873,NA,NA,NA,NA
S4_24113584,4,24113584,NA,NA,NA,NA
S9_50763066,9,50763066,NA,NA,NA,NA
S3_184237169,3,184237169,NA,NA,NA,NA
S5_16416137,5,16416137,NA,NA,NA,NA
S2_232265872,2,232265872,NA,NA,NA,NA
S3_140832573,3,140832573,NA,NA,NA,NA
S6_148723461,6,148723461,NA,NA,NA,NA
S2_218856810,2,218856810,NA,NA,NA,NA
S6_102925643,6,102925643,NA,NA,NA,NA
S5_188667809,5,188667809,NA,NA,NA,NA
S6_132003528,6,132003528,NA,NA,NA,NA
S3_201294284,3,201294284,NA,NA,NA,NA
S10_14676468,10,14676468,NA,NA,NA,NA
S9_131520157,9,131520157,NA,NA,NA,NA
S9_12333799,9,12333799,NA,NA,NA,NA
S2_160799140,2,160799140,NA,NA,NA,NA
S3_121660335,3,121660335,NA,NA,NA,NA
S3_165727643,3,165727643,NA,NA,NA,NA
S4_152077282,4,152077282,NA,NA,NA,NA
S2_207227059,2,207227059,NA,NA,NA,NA
S10_141963049,10,141963049,NA,NA,NA,NA
S9_80586676,9,80586676,NA,NA,NA,NA
S9_80586677,9,80586677,NA,NA,NA,NA
S7_160752828,7,160752828,NA,NA,NA,NA
S5_44460932,5,44460932,NA,NA,NA,NA
S2_184754811,2,184754811,NA,NA,NA,NA
S9_113062518,9,113062518,NA,NA,NA,NA
S2_17862353,2,17862353,NA,NA,NA,NA
S6_110437246,6,110437246,NA,NA,NA,NA
S3_188673392,3,188673392,NA,NA,NA,NA
S1_102893594,1,102893594,NA,NA,NA,NA
S1_104609040,1,104609040,NA,NA,NA,NA
S1_105024200,1,105024200,NA,NA,NA,NA
S1_105024204,1,105024204,NA,NA,NA,NA
S1_105471396,1,105471396,NA,NA,NA,NA
S1_10584153,1,10584153,NA,NA,NA,NA
S1_10592626,1,10592626,NA,NA,NA,NA
S1_105951728,1,105951728,NA,NA,NA,NA
S1_106063656,1,106063656,NA,NA,NA,NA
S1_106063659,1,106063659,NA,NA,NA,NA
S1_106063661,1,106063661,NA,NA,NA,NA
S1_106063663,1,106063663,NA,NA,NA,NA
S1_106063665,1,106063665,NA,NA,NA,NA
S1_106063666,1,106063666,NA,NA,NA,NA
S1_106063670,1,106063670,NA,NA,NA,NA
S1_106063671,1,106063671,NA,NA,NA,NA
S1_106161126,1,106161126,NA,NA,NA,NA
S1_106844451,1,106844451,NA,NA,NA,NA
S1_106846605,1,106846605,NA,NA,NA,NA
S1_106895376,1,106895376,NA,NA,NA,NA
S1_107311994,1,107311994,NA,NA,NA,NA
S1_107792478,1,107792478,NA,NA,NA,NA
S1_107848255,1,107848255,NA,NA,NA,NA
S1_108013793,1,108013793,NA,NA,NA,NA
S1_108013998,1,108013998,NA,NA,NA,NA
S1_10820660,1,10820660,NA,NA,NA,NA
S1_10826970,1,10826970,NA,NA,NA,NA
S1_10978021,1,10978021,NA,NA,NA,NA
S1_110974898,1,110974898,NA,NA,NA,NA
S1_110974900,1,110974900,NA,NA,NA,NA
S1_11218642,1,11218642,NA,NA,NA,NA
S1_11300923,1,11300923,NA,NA,NA,NA
S1_113972428,1,113972428,NA,NA,NA,NA
S1_114804374,1,114804374,NA,NA,NA,NA
S1_114941241,1,114941241,NA,NA,NA,NA
S1_114941243,1,114941243,NA,NA,NA,NA
S1_114941256,1,114941256,NA,NA,NA,NA
S1_114941257,1,114941257,NA,NA,NA,NA
S1_115181349,1,115181349,NA,NA,NA,NA
S1_115218957,1,115218957,NA,NA,NA,NA
S1_115219532,1,115219532,NA,NA,NA,NA
S1_115219543,1,115219543,NA,NA,NA,NA
S1_116047729,1,116047729,NA,NA,NA,NA
S1_116047759,1,116047759,NA,NA,NA,NA
S1_116047894,1,116047894,NA,NA,NA,NA
S1_116047919,1,116047919,NA,NA,NA,NA
S1_116047920,1,116047920,NA,NA,NA,NA
S1_116047930,1,116047930,NA,NA,NA,NA
S1_118261775,1,118261775,NA,NA,NA,NA
S1_118891074,1,118891074,NA,NA,NA,NA
S1_119136886,1,119136886,NA,NA,NA,NA
S1_119136887,1,119136887,NA,NA,NA,NA
S1_119136888,1,119136888,NA,NA,NA,NA
S1_119136907,1,119136907,NA,NA,NA,NA
S1_119136913,1,119136913,NA,NA,NA,NA
S1_119377446,1,119377446,NA,NA,NA,NA
S1_119412931,1,119412931,NA,NA,NA,NA
S1_119412951,1,119412951,NA,NA,NA,NA
S1_11951941,1,11951941,NA,NA,NA,NA
S1_119551660,1,119551660,NA,NA,NA,NA
S1_119653482,1,119653482,NA,NA,NA,NA
S1_11992906,1,11992906,NA,NA,NA,NA
S1_121400156,1,121400156,NA,NA,NA,NA
S1_121544970,1,121544970,NA,NA,NA,NA
S1_121545002,1,121545002,NA,NA,NA,NA
S1_121545305,1,121545305,NA,NA,NA,NA
S1_12170650,1,12170650,NA,NA,NA,NA
S1_12176352,1,12176352,NA,NA,NA,NA
S1_122416646,1,122416646,NA,NA,NA,NA
S1_12249964,1,12249964,NA,NA,NA,NA
S1_12249966,1,12249966,NA,NA,NA,NA
S1_12256115,1,12256115,NA,NA,NA,NA
S1_122885365,1,122885365,NA,NA,NA,NA
S1_12309541,1,12309541,NA,NA,NA,NA
S1_12338377,1,12338377,NA,NA,NA,NA
S1_12338382,1,12338382,NA,NA,NA,NA
S1_12344470,1,12344470,NA,NA,NA,NA
S1_123870591,1,123870591,NA,NA,NA,NA
S1_12397328,1,12397328,NA,NA,NA,NA
S1_12397329,1,12397329,NA,NA,NA,NA
S1_124683114,1,124683114,NA,NA,NA,NA
S1_12481563,1,12481563,NA,NA,NA,NA
S1_12519299,1,12519299,NA,NA,NA,NA
S1_12520146,1,12520146,NA,NA,NA,NA
S1_12520158,1,12520158,NA,NA,NA,NA
S1_12520166,1,12520166,NA,NA,NA,NA
S1_12595464,1,12595464,NA,NA,NA,NA
S1_12944888,1,12944888,NA,NA,NA,NA
S1_140918708,1,140918708,NA,NA,NA,NA
S1_14165553,1,14165553,NA,NA,NA,NA
S1_14165556,1,14165556,NA,NA,NA,NA
S1_14165569,1,14165569,NA,NA,NA,NA
S1_14166027,1,14166027,NA,NA,NA,NA
S1_14169991,1,14169991,NA,NA,NA,NA
S1_143627370,1,143627370,NA,NA,NA,NA
S1_14510716,1,14510716,NA,NA,NA,NA
S1_14510717,1,14510717,NA,NA,NA,NA
S1_146159147,1,146159147,NA,NA,NA,NA
S1_147609247,1,147609247,NA,NA,NA,NA
S1_147724683,1,147724683,NA,NA,NA,NA
S1_147895404,1,147895404,NA,NA,NA,NA
S1_148515358,1,148515358,NA,NA,NA,NA
S1_148627309,1,148627309,NA,NA,NA,NA
S1_149315788,1,149315788,NA,NA,NA,NA
S1_150179726,1,150179726,NA,NA,NA,NA
S1_150179727,1,150179727,NA,NA,NA,NA
S1_15068690,1,15068690,NA,NA,NA,NA
S1_15068696,1,15068696,NA,NA,NA,NA
S1_15068713,1,15068713,NA,NA,NA,NA
S1_15069306,1,15069306,NA,NA,NA,NA
S1_15075522,1,15075522,NA,NA,NA,NA
S1_150866617,1,150866617,NA,NA,NA,NA
S1_150898251,1,150898251,NA,NA,NA,NA
S1_151357008,1,151357008,NA,NA,NA,NA
S1_15167511,1,15167511,NA,NA,NA,NA
S1_15167522,1,15167522,NA,NA,NA,NA
S1_15353573,1,15353573,NA,NA,NA,NA
S1_15353577,1,15353577,NA,NA,NA,NA
S1_154079997,1,154079997,NA,NA,NA,NA
S1_154080024,1,154080024,NA,NA,NA,NA
S1_15474731,1,15474731,NA,NA,NA,NA
S1_155676634,1,155676634,NA,NA,NA,NA
S1_156211784,1,156211784,NA,NA,NA,NA
S1_156211788,1,156211788,NA,NA,NA,NA
S1_156219967,1,156219967,NA,NA,NA,NA
S1_157054564,1,157054564,NA,NA,NA,NA
S1_157234587,1,157234587,NA,NA,NA,NA
S1_157240104,1,157240104,NA,NA,NA,NA
S1_15727370,1,15727370,NA,NA,NA,NA
S1_15727447,1,15727447,NA,NA,NA,NA
S1_15727448,1,15727448,NA,NA,NA,NA
S1_15727449,1,15727449,NA,NA,NA,NA
S1_15727452,1,15727452,NA,NA,NA,NA
S1_15774673,1,15774673,NA,NA,NA,NA
S1_157908824,1,157908824,NA,NA,NA,NA
S1_157908825,1,157908825,NA,NA,NA,NA
S1_158003964,1,158003964,NA,NA,NA,NA
S1_158004002,1,158004002,NA,NA,NA,NA
S1_158004108,1,158004108,NA,NA,NA,NA
S1_158691719,1,158691719,NA,NA,NA,NA
S1_158926101,1,158926101,NA,NA,NA,NA
S1_15990372,1,15990372,NA,NA,NA,NA
S1_15999553,1,15999553,NA,NA,NA,NA
S1_16045315,1,16045315,NA,NA,NA,NA
S1_16045335,1,16045335,NA,NA,NA,NA
S1_16067751,1,16067751,NA,NA,NA,NA
S1_16067755,1,16067755,NA,NA,NA,NA
S1_160820999,1,160820999,NA,NA,NA,NA
S1_160853800,1,160853800,NA,NA,NA,NA
S1_160858286,1,160858286,NA,NA,NA,NA
S1_160858297,1,160858297,NA,NA,NA,NA
S1_160858649,1,160858649,NA,NA,NA,NA
S1_160858716,1,160858716,NA,NA,NA,NA
S1_160956382,1,160956382,NA,NA,NA,NA
S1_160956407,1,160956407,NA,NA,NA,NA
S1_160956410,1,160956410,NA,NA,NA,NA
S1_161025859,1,161025859,NA,NA,NA,NA
S1_161026695,1,161026695,NA,NA,NA,NA
S1_161026707,1,161026707,NA,NA,NA,NA
S1_161306663,1,161306663,NA,NA,NA,NA
S1_161408487,1,161408487,NA,NA,NA,NA
S1_161534060,1,161534060,NA,NA,NA,NA
S1_161534066,1,161534066,NA,NA,NA,NA
S1_161682346,1,161682346,NA,NA,NA,NA
S1_161682359,1,161682359,NA,NA,NA,NA
S1_162104989,1,162104989,NA,NA,NA,NA
S1_162136468,1,162136468,NA,NA,NA,NA
S1_162428319,1,162428319,NA,NA,NA,NA
S1_162463177,1,162463177,NA,NA,NA,NA
S1_162463189,1,162463189,NA,NA,NA,NA
S1_162463938,1,162463938,NA,NA,NA,NA
S1_162467283,1,162467283,NA,NA,NA,NA
S1_162789581,1,162789581,NA,NA,NA,NA
S1_16371827,1,16371827,NA,NA,NA,NA
S1_16378504,1,16378504,NA,NA,NA,NA
S1_164370994,1,164370994,NA,NA,NA,NA
S1_164373873,1,164373873,NA,NA,NA,NA
S1_164493460,1,164493460,NA,NA,NA,NA
S1_16450526,1,16450526,NA,NA,NA,NA
S1_16450528,1,16450528,NA,NA,NA,NA
S1_16450529,1,16450529,NA,NA,NA,NA
S1_164509903,1,164509903,NA,NA,NA,NA
S1_164516443,1,164516443,NA,NA,NA,NA
S1_164556011,1,164556011,NA,NA,NA,NA
S1_164629182,1,164629182,NA,NA,NA,NA
S1_164629184,1,164629184,NA,NA,NA,NA
S1_164640193,1,164640193,NA,NA,NA,NA
S1_165073924,1,165073924,NA,NA,NA,NA
S1_166802026,1,166802026,NA,NA,NA,NA
S1_167334276,1,167334276,NA,NA,NA,NA
S1_16778704,1,16778704,NA,NA,NA,NA
S1_16783605,1,16783605,NA,NA,NA,NA
S1_16783673,1,16783673,NA,NA,NA,NA
S1_167889693,1,167889693,NA,NA,NA,NA
S1_167890163,1,167890163,NA,NA,NA,NA
S1_168310482,1,168310482,NA,NA,NA,NA
S1_168310497,1,168310497,NA,NA,NA,NA
S1_16948633,1,16948633,NA,NA,NA,NA
S1_16950824,1,16950824,NA,NA,NA,NA
S1_17015862,1,17015862,NA,NA,NA,NA
S1_170476141,1,170476141,NA,NA,NA,NA
S1_170717327,1,170717327,NA,NA,NA,NA
S1_170717328,1,170717328,NA,NA,NA,NA
S1_170847695,1,170847695,NA,NA,NA,NA
S1_170848364,1,170848364,NA,NA,NA,NA
S1_171534774,1,171534774,NA,NA,NA,NA
S1_171534917,1,171534917,NA,NA,NA,NA
S1_172121017,1,172121017,NA,NA,NA,NA
S1_172880425,1,172880425,NA,NA,NA,NA
S1_173214917,1,173214917,NA,NA,NA,NA
S1_173233185,1,173233185,NA,NA,NA,NA
S1_173234213,1,173234213,NA,NA,NA,NA
S1_173238074,1,173238074,NA,NA,NA,NA
S1_173238086,1,173238086,NA,NA,NA,NA
S1_173238806,1,173238806,NA,NA,NA,NA
S1_173238876,1,173238876,NA,NA,NA,NA
S1_173313533,1,173313533,NA,NA,NA,NA
S1_173422581,1,173422581,NA,NA,NA,NA
S1_173422837,1,173422837,NA,NA,NA,NA
S1_173681342,1,173681342,NA,NA,NA,NA
S1_17384117,1,17384117,NA,NA,NA,NA
S1_173991019,1,173991019,NA,NA,NA,NA
S1_173991027,1,173991027,NA,NA,NA,NA
S1_174007693,1,174007693,NA,NA,NA,NA
S1_174031148,1,174031148,NA,NA,NA,NA
S1_174228667,1,174228667,NA,NA,NA,NA
S1_174281444,1,174281444,NA,NA,NA,NA
S1_174281447,1,174281447,NA,NA,NA,NA
S1_174562472,1,174562472,NA,NA,NA,NA
S1_17492494,1,17492494,NA,NA,NA,NA
S1_17494114,1,17494114,NA,NA,NA,NA
S1_17494132,1,17494132,NA,NA,NA,NA
S1_17494133,1,17494133,NA,NA,NA,NA
S1_17494145,1,17494145,NA,NA,NA,NA
S1_17494420,1,17494420,NA,NA,NA,NA
S1_17494423,1,17494423,NA,NA,NA,NA
S1_17494424,1,17494424,NA,NA,NA,NA
S1_17494431,1,17494431,NA,NA,NA,NA
S1_175165882,1,175165882,NA,NA,NA,NA
S1_175295081,1,175295081,NA,NA,NA,NA
S1_175295162,1,175295162,NA,NA,NA,NA
S1_175295600,1,175295600,NA,NA,NA,NA
S1_175295805,1,175295805,NA,NA,NA,NA
S1_175897692,1,175897692,NA,NA,NA,NA
S1_176054322,1,176054322,NA,NA,NA,NA
S1_176097981,1,176097981,NA,NA,NA,NA
S1_1763397,1,1763397,NA,NA,NA,NA
S1_17679542,1,17679542,NA,NA,NA,NA
S1_17679543,1,17679543,NA,NA,NA,NA
S1_176941224,1,176941224,NA,NA,NA,NA
S1_177033323,1,177033323,NA,NA,NA,NA
S1_177613250,1,177613250,NA,NA,NA,NA
S1_177766453,1,177766453,NA,NA,NA,NA
S1_178008720,1,178008720,NA,NA,NA,NA
S1_1780418,1,1780418,NA,NA,NA,NA
S1_178324600,1,178324600,NA,NA,NA,NA
S1_178324610,1,178324610,NA,NA,NA,NA
S1_179587723,1,179587723,NA,NA,NA,NA
S1_179587740,1,179587740,NA,NA,NA,NA
S1_17959607,1,17959607,NA,NA,NA,NA
S1_17959641,1,17959641,NA,NA,NA,NA
S1_179596507,1,179596507,NA,NA,NA,NA
S1_179596512,1,179596512,NA,NA,NA,NA
S1_179724438,1,179724438,NA,NA,NA,NA
S1_179833529,1,179833529,NA,NA,NA,NA
S1_179869176,1,179869176,NA,NA,NA,NA
S1_179925376,1,179925376,NA,NA,NA,NA
S1_179979735,1,179979735,NA,NA,NA,NA
S1_179988373,1,179988373,NA,NA,NA,NA
S1_180306683,1,180306683,NA,NA,NA,NA
S1_180336889,1,180336889,NA,NA,NA,NA
S1_180339674,1,180339674,NA,NA,NA,NA
S1_181884897,1,181884897,NA,NA,NA,NA
S1_18189857,1,18189857,NA,NA,NA,NA
S1_182095730,1,182095730,NA,NA,NA,NA
S1_182197271,1,182197271,NA,NA,NA,NA
S1_182197293,1,182197293,NA,NA,NA,NA
S1_182284079,1,182284079,NA,NA,NA,NA
S1_182423937,1,182423937,NA,NA,NA,NA
S1_182627236,1,182627236,NA,NA,NA,NA
S1_182853045,1,182853045,NA,NA,NA,NA
S1_182853046,1,182853046,NA,NA,NA,NA
S1_183452456,1,183452456,NA,NA,NA,NA
S1_183775964,1,183775964,NA,NA,NA,NA
S1_183842111,1,183842111,NA,NA,NA,NA
S1_183842131,1,183842131,NA,NA,NA,NA
S1_184700852,1,184700852,NA,NA,NA,NA
S1_18640645,1,18640645,NA,NA,NA,NA
S1_18640648,1,18640648,NA,NA,NA,NA
S1_187094665,1,187094665,NA,NA,NA,NA
S1_187094732,1,187094732,NA,NA,NA,NA
S1_187094741,1,187094741,NA,NA,NA,NA
S1_187094762,1,187094762,NA,NA,NA,NA
S1_187260030,1,187260030,NA,NA,NA,NA
S1_187269570,1,187269570,NA,NA,NA,NA
S1_187589227,1,187589227,NA,NA,NA,NA
S1_187589244,1,187589244,NA,NA,NA,NA
S1_187589268,1,187589268,NA,NA,NA,NA
S1_187590339,1,187590339,NA,NA,NA,NA
S1_187590344,1,187590344,NA,NA,NA,NA
S1_187636358,1,187636358,NA,NA,NA,NA
S1_187646382,1,187646382,NA,NA,NA,NA
S1_187646403,1,187646403,NA,NA,NA,NA
S1_187669151,1,187669151,NA,NA,NA,NA
S1_187885117,1,187885117,NA,NA,NA,NA
S1_187979875,1,187979875,NA,NA,NA,NA
S1_188017933,1,188017933,NA,NA,NA,NA
S1_188017941,1,188017941,NA,NA,NA,NA
S1_188017950,1,188017950,NA,NA,NA,NA
S1_188017951,1,188017951,NA,NA,NA,NA
S1_188034217,1,188034217,NA,NA,NA,NA
S1_188034248,1,188034248,NA,NA,NA,NA
S1_188065174,1,188065174,NA,NA,NA,NA
S1_188073872,1,188073872,NA,NA,NA,NA
S1_188073873,1,188073873,NA,NA,NA,NA
S1_188073875,1,188073875,NA,NA,NA,NA
S1_188073876,1,188073876,NA,NA,NA,NA
S1_188073878,1,188073878,NA,NA,NA,NA
S1_188088988,1,188088988,NA,NA,NA,NA
S1_188220571,1,188220571,NA,NA,NA,NA
S1_188220576,1,188220576,NA,NA,NA,NA
S1_188220577,1,188220577,NA,NA,NA,NA
S1_189190042,1,189190042,NA,NA,NA,NA
S1_18931003,1,18931003,NA,NA,NA,NA
S1_190559456,1,190559456,NA,NA,NA,NA
S1_190700410,1,190700410,NA,NA,NA,NA
S1_19100862,1,19100862,NA,NA,NA,NA
S1_19100942,1,19100942,NA,NA,NA,NA
S1_191369901,1,191369901,NA,NA,NA,NA
S1_191370254,1,191370254,NA,NA,NA,NA
S1_191845213,1,191845213,NA,NA,NA,NA
S1_191852617,1,191852617,NA,NA,NA,NA
S1_191852681,1,191852681,NA,NA,NA,NA
S1_191852817,1,191852817,NA,NA,NA,NA
S1_191991740,1,191991740,NA,NA,NA,NA
S1_191991741,1,191991741,NA,NA,NA,NA
S1_191991744,1,191991744,NA,NA,NA,NA
S1_19235831,1,19235831,NA,NA,NA,NA
S1_19235832,1,19235832,NA,NA,NA,NA
S1_19235834,1,19235834,NA,NA,NA,NA
S1_192492067,1,192492067,NA,NA,NA,NA
S1_193247157,1,193247157,NA,NA,NA,NA
S1_193251003,1,193251003,NA,NA,NA,NA
S1_193251007,1,193251007,NA,NA,NA,NA
S1_193251030,1,193251030,NA,NA,NA,NA
S1_19328973,1,19328973,NA,NA,NA,NA
S1_193455900,1,193455900,NA,NA,NA,NA
S1_193523564,1,193523564,NA,NA,NA,NA
S1_193830304,1,193830304,NA,NA,NA,NA
S1_193873371,1,193873371,NA,NA,NA,NA
S1_193873373,1,193873373,NA,NA,NA,NA
S1_193873450,1,193873450,NA,NA,NA,NA
S1_194462018,1,194462018,NA,NA,NA,NA
S1_194462021,1,194462021,NA,NA,NA,NA
S1_194660956,1,194660956,NA,NA,NA,NA
S1_194660971,1,194660971,NA,NA,NA,NA
S1_194663105,1,194663105,NA,NA,NA,NA
S1_195043353,1,195043353,NA,NA,NA,NA
S1_195043361,1,195043361,NA,NA,NA,NA
S1_195281863,1,195281863,NA,NA,NA,NA
S1_195338409,1,195338409,NA,NA,NA,NA
S1_195558385,1,195558385,NA,NA,NA,NA
S1_195722326,1,195722326,NA,NA,NA,NA
S1_195769682,1,195769682,NA,NA,NA,NA
S1_195769696,1,195769696,NA,NA,NA,NA
S1_196051518,1,196051518,NA,NA,NA,NA
S1_196051532,1,196051532,NA,NA,NA,NA
S1_196053011,1,196053011,NA,NA,NA,NA
S1_196426244,1,196426244,NA,NA,NA,NA
S1_19692154,1,19692154,NA,NA,NA,NA
S1_1969290,1,1969290,NA,NA,NA,NA
S1_197194223,1,197194223,NA,NA,NA,NA
S1_197194252,1,197194252,NA,NA,NA,NA
S1_197194304,1,197194304,NA,NA,NA,NA
S1_197261030,1,197261030,NA,NA,NA,NA
S1_197262308,1,197262308,NA,NA,NA,NA
S1_197262328,1,197262328,NA,NA,NA,NA
S1_197262330,1,197262330,NA,NA,NA,NA
S1_197262331,1,197262331,NA,NA,NA,NA
S1_197273503,1,197273503,NA,NA,NA,NA
S1_197273504,1,197273504,NA,NA,NA,NA
S1_198278150,1,198278150,NA,NA,NA,NA
S1_198278242,1,198278242,NA,NA,NA,NA
S1_198278244,1,198278244,NA,NA,NA,NA
S1_198323518,1,198323518,NA,NA,NA,NA
S1_198474647,1,198474647,NA,NA,NA,NA
S1_198541579,1,198541579,NA,NA,NA,NA
S1_198733612,1,198733612,NA,NA,NA,NA
S1_198739871,1,198739871,NA,NA,NA,NA
S1_198743044,1,198743044,NA,NA,NA,NA
S1_198743050,1,198743050,NA,NA,NA,NA
S1_199160971,1,199160971,NA,NA,NA,NA
S1_199339587,1,199339587,NA,NA,NA,NA
S1_199407015,1,199407015,NA,NA,NA,NA
S1_199485143,1,199485143,NA,NA,NA,NA
S1_199485611,1,199485611,NA,NA,NA,NA
S1_199485614,1,199485614,NA,NA,NA,NA
S1_199485616,1,199485616,NA,NA,NA,NA
S1_199485624,1,199485624,NA,NA,NA,NA
S1_199492138,1,199492138,NA,NA,NA,NA
S1_199556874,1,199556874,NA,NA,NA,NA
S1_199640230,1,199640230,NA,NA,NA,NA
S1_199640480,1,199640480,NA,NA,NA,NA
S1_19973053,1,19973053,NA,NA,NA,NA
S1_19973088,1,19973088,NA,NA,NA,NA
S1_199741146,1,199741146,NA,NA,NA,NA
S1_199837551,1,199837551,NA,NA,NA,NA
S1_200011329,1,200011329,NA,NA,NA,NA
S1_200287918,1,200287918,NA,NA,NA,NA
S1_200287950,1,200287950,NA,NA,NA,NA
S1_200413215,1,200413215,NA,NA,NA,NA
S1_200413227,1,200413227,NA,NA,NA,NA
S1_200413608,1,200413608,NA,NA,NA,NA
S1_200413636,1,200413636,NA,NA,NA,NA
S1_200479419,1,200479419,NA,NA,NA,NA
S1_200479425,1,200479425,NA,NA,NA,NA
S1_200628843,1,200628843,NA,NA,NA,NA
S1_200725659,1,200725659,NA,NA,NA,NA
S1_200860603,1,200860603,NA,NA,NA,NA
S1_200860604,1,200860604,NA,NA,NA,NA
S1_200910153,1,200910153,NA,NA,NA,NA
S1_200910154,1,200910154,NA,NA,NA,NA
S1_200912872,1,200912872,NA,NA,NA,NA
S1_200912873,1,200912873,NA,NA,NA,NA
S1_201638265,1,201638265,NA,NA,NA,NA
S1_201638296,1,201638296,NA,NA,NA,NA
S1_201638302,1,201638302,NA,NA,NA,NA
S1_201638307,1,201638307,NA,NA,NA,NA
S1_201957331,1,201957331,NA,NA,NA,NA
S1_201957781,1,201957781,NA,NA,NA,NA
S1_202159620,1,202159620,NA,NA,NA,NA
S1_202160732,1,202160732,NA,NA,NA,NA
S1_202169493,1,202169493,NA,NA,NA,NA
S1_202444742,1,202444742,NA,NA,NA,NA
S1_202547509,1,202547509,NA,NA,NA,NA
S1_202547522,1,202547522,NA,NA,NA,NA
S1_202766229,1,202766229,NA,NA,NA,NA
S1_202921192,1,202921192,NA,NA,NA,NA
S1_204801636,1,204801636,NA,NA,NA,NA
S1_205242297,1,205242297,NA,NA,NA,NA
S1_205242298,1,205242298,NA,NA,NA,NA
S1_205242303,1,205242303,NA,NA,NA,NA
S1_205242686,1,205242686,NA,NA,NA,NA
S1_205412254,1,205412254,NA,NA,NA,NA
S1_205565610,1,205565610,NA,NA,NA,NA
S1_205832364,1,205832364,NA,NA,NA,NA
S1_205832394,1,205832394,NA,NA,NA,NA
S1_205832400,1,205832400,NA,NA,NA,NA
S1_205832455,1,205832455,NA,NA,NA,NA
S1_206123809,1,206123809,NA,NA,NA,NA
S1_206123979,1,206123979,NA,NA,NA,NA
S1_206305039,1,206305039,NA,NA,NA,NA
S1_206315541,1,206315541,NA,NA,NA,NA
S1_206424313,1,206424313,NA,NA,NA,NA
S1_206424408,1,206424408,NA,NA,NA,NA
S1_206514625,1,206514625,NA,NA,NA,NA
S1_206514649,1,206514649,NA,NA,NA,NA
S1_206514834,1,206514834,NA,NA,NA,NA
S1_206514837,1,206514837,NA,NA,NA,NA
S1_207177125,1,207177125,NA,NA,NA,NA
S1_207390439,1,207390439,NA,NA,NA,NA
S1_207528245,1,207528245,NA,NA,NA,NA
S1_207528574,1,207528574,NA,NA,NA,NA
S1_207528575,1,207528575,NA,NA,NA,NA
S1_207708951,1,207708951,NA,NA,NA,NA
S1_207709393,1,207709393,NA,NA,NA,NA
S1_207723740,1,207723740,NA,NA,NA,NA
S1_207782500,1,207782500,NA,NA,NA,NA
S1_208096757,1,208096757,NA,NA,NA,NA
S1_208168483,1,208168483,NA,NA,NA,NA
S1_208316429,1,208316429,NA,NA,NA,NA
S1_208316430,1,208316430,NA,NA,NA,NA
S1_208431417,1,208431417,NA,NA,NA,NA
S1_208431790,1,208431790,NA,NA,NA,NA
S1_208435571,1,208435571,NA,NA,NA,NA
S1_208737192,1,208737192,NA,NA,NA,NA
S1_2087599,1,2087599,NA,NA,NA,NA
S1_208827546,1,208827546,NA,NA,NA,NA
S1_208827549,1,208827549,NA,NA,NA,NA
S1_208827550,1,208827550,NA,NA,NA,NA
S1_209116119,1,209116119,NA,NA,NA,NA
S1_209124520,1,209124520,NA,NA,NA,NA
S1_209126432,1,209126432,NA,NA,NA,NA
S1_209127313,1,209127313,NA,NA,NA,NA
S1_209234750,1,209234750,NA,NA,NA,NA
S1_209533379,1,209533379,NA,NA,NA,NA
S1_209581400,1,209581400,NA,NA,NA,NA
S1_20990548,1,20990548,NA,NA,NA,NA
S1_210137581,1,210137581,NA,NA,NA,NA
S1_210525049,1,210525049,NA,NA,NA,NA
S1_210525051,1,210525051,NA,NA,NA,NA
S1_211261418,1,211261418,NA,NA,NA,NA
S1_211264603,1,211264603,NA,NA,NA,NA
S1_211265100,1,211265100,NA,NA,NA,NA
S1_211324123,1,211324123,NA,NA,NA,NA
S1_211324991,1,211324991,NA,NA,NA,NA
S1_211325003,1,211325003,NA,NA,NA,NA
S1_211451847,1,211451847,NA,NA,NA,NA
S1_211451848,1,211451848,NA,NA,NA,NA
S1_211525391,1,211525391,NA,NA,NA,NA
S1_211526887,1,211526887,NA,NA,NA,NA
S1_212168058,1,212168058,NA,NA,NA,NA
S1_212168075,1,212168075,NA,NA,NA,NA
S1_212901781,1,212901781,NA,NA,NA,NA
S1_212901790,1,212901790,NA,NA,NA,NA
S1_212901805,1,212901805,NA,NA,NA,NA
S1_212902115,1,212902115,NA,NA,NA,NA
S1_212952368,1,212952368,NA,NA,NA,NA
S1_212980875,1,212980875,NA,NA,NA,NA
S1_213230868,1,213230868,NA,NA,NA,NA
S1_213231332,1,213231332,NA,NA,NA,NA
S1_213231975,1,213231975,NA,NA,NA,NA
S1_213459990,1,213459990,NA,NA,NA,NA
S1_214154656,1,214154656,NA,NA,NA,NA
S1_214154663,1,214154663,NA,NA,NA,NA
S1_214308375,1,214308375,NA,NA,NA,NA
S1_214308378,1,214308378,NA,NA,NA,NA
S1_214533943,1,214533943,NA,NA,NA,NA
S1_214597952,1,214597952,NA,NA,NA,NA
S1_21471998,1,21471998,NA,NA,NA,NA
S1_214720130,1,214720130,NA,NA,NA,NA
S1_21472039,1,21472039,NA,NA,NA,NA
S1_214979859,1,214979859,NA,NA,NA,NA
S1_215207773,1,215207773,NA,NA,NA,NA
S1_215340710,1,215340710,NA,NA,NA,NA
S1_215440658,1,215440658,NA,NA,NA,NA
S1_215610682,1,215610682,NA,NA,NA,NA
S1_215611404,1,215611404,NA,NA,NA,NA
S1_215611515,1,215611515,NA,NA,NA,NA
S1_21568633,1,21568633,NA,NA,NA,NA
S1_215762629,1,215762629,NA,NA,NA,NA
S1_21601583,1,21601583,NA,NA,NA,NA
S1_216581013,1,216581013,NA,NA,NA,NA
S1_216581102,1,216581102,NA,NA,NA,NA
S1_216581105,1,216581105,NA,NA,NA,NA
S1_216581201,1,216581201,NA,NA,NA,NA
S1_216689552,1,216689552,NA,NA,NA,NA
S1_216689553,1,216689553,NA,NA,NA,NA
S1_216697649,1,216697649,NA,NA,NA,NA
S1_216929931,1,216929931,NA,NA,NA,NA
S1_216932225,1,216932225,NA,NA,NA,NA
S1_21710020,1,21710020,NA,NA,NA,NA
S1_217132125,1,217132125,NA,NA,NA,NA
S1_217211476,1,217211476,NA,NA,NA,NA
S1_217252367,1,217252367,NA,NA,NA,NA
S1_217252371,1,217252371,NA,NA,NA,NA
S1_217252373,1,217252373,NA,NA,NA,NA
S1_217252376,1,217252376,NA,NA,NA,NA
S1_217252537,1,217252537,NA,NA,NA,NA
S1_217252538,1,217252538,NA,NA,NA,NA
S1_217252580,1,217252580,NA,NA,NA,NA
S1_217252599,1,217252599,NA,NA,NA,NA
S1_217526963,1,217526963,NA,NA,NA,NA
S1_219379983,1,219379983,NA,NA,NA,NA
S1_220057580,1,220057580,NA,NA,NA,NA
S1_220057581,1,220057581,NA,NA,NA,NA
S1_220372810,1,220372810,NA,NA,NA,NA
S1_220372936,1,220372936,NA,NA,NA,NA
S1_220372944,1,220372944,NA,NA,NA,NA
S1_221185879,1,221185879,NA,NA,NA,NA
S1_221185880,1,221185880,NA,NA,NA,NA
S1_221185881,1,221185881,NA,NA,NA,NA
S1_221185882,1,221185882,NA,NA,NA,NA
S1_221369895,1,221369895,NA,NA,NA,NA
S1_221381614,1,221381614,NA,NA,NA,NA
S1_221486494,1,221486494,NA,NA,NA,NA
S1_221739519,1,221739519,NA,NA,NA,NA
S1_221943219,1,221943219,NA,NA,NA,NA
S1_222146999,1,222146999,NA,NA,NA,NA
S1_222170181,1,222170181,NA,NA,NA,NA
S1_222205772,1,222205772,NA,NA,NA,NA
S1_222399530,1,222399530,NA,NA,NA,NA
S1_22246701,1,22246701,NA,NA,NA,NA
S1_22259689,1,22259689,NA,NA,NA,NA
S1_222954772,1,222954772,NA,NA,NA,NA
S1_222980519,1,222980519,NA,NA,NA,NA
S1_223157378,1,223157378,NA,NA,NA,NA
S1_223157379,1,223157379,NA,NA,NA,NA
S1_223157380,1,223157380,NA,NA,NA,NA
S1_223399492,1,223399492,NA,NA,NA,NA
S1_223621458,1,223621458,NA,NA,NA,NA
S1_223626868,1,223626868,NA,NA,NA,NA
S1_22376141,1,22376141,NA,NA,NA,NA
S1_223785677,1,223785677,NA,NA,NA,NA
S1_223792470,1,223792470,NA,NA,NA,NA
S1_224078841,1,224078841,NA,NA,NA,NA
S1_224102150,1,224102150,NA,NA,NA,NA
S1_224102177,1,224102177,NA,NA,NA,NA
S1_224102180,1,224102180,NA,NA,NA,NA
S1_224246955,1,224246955,NA,NA,NA,NA
S1_224250675,1,224250675,NA,NA,NA,NA
S1_225132788,1,225132788,NA,NA,NA,NA
S1_225136694,1,225136694,NA,NA,NA,NA
S1_225623110,1,225623110,NA,NA,NA,NA
S1_225628485,1,225628485,NA,NA,NA,NA
S1_226026106,1,226026106,NA,NA,NA,NA
S1_226217518,1,226217518,NA,NA,NA,NA
S1_226217520,1,226217520,NA,NA,NA,NA
S1_22641344,1,22641344,NA,NA,NA,NA
S1_227316583,1,227316583,NA,NA,NA,NA
S1_227535416,1,227535416,NA,NA,NA,NA
S1_227933050,1,227933050,NA,NA,NA,NA
S1_227933055,1,227933055,NA,NA,NA,NA
S1_228052252,1,228052252,NA,NA,NA,NA
S1_228056831,1,228056831,NA,NA,NA,NA
S1_228256568,1,228256568,NA,NA,NA,NA
S1_228557194,1,228557194,NA,NA,NA,NA
S1_228564278,1,228564278,NA,NA,NA,NA
S1_228565700,1,228565700,NA,NA,NA,NA
S1_228565701,1,228565701,NA,NA,NA,NA
S1_228664990,1,228664990,NA,NA,NA,NA
S1_228665407,1,228665407,NA,NA,NA,NA
S1_228723674,1,228723674,NA,NA,NA,NA
S1_22976362,1,22976362,NA,NA,NA,NA
S1_22976365,1,22976365,NA,NA,NA,NA
S1_22978290,1,22978290,NA,NA,NA,NA
S1_22978293,1,22978293,NA,NA,NA,NA
S1_22978294,1,22978294,NA,NA,NA,NA
S1_22978473,1,22978473,NA,NA,NA,NA
S1_229905383,1,229905383,NA,NA,NA,NA
S1_230200836,1,230200836,NA,NA,NA,NA
S1_230369523,1,230369523,NA,NA,NA,NA
S1_23048709,1,23048709,NA,NA,NA,NA
S1_23054888,1,23054888,NA,NA,NA,NA
S1_23056248,1,23056248,NA,NA,NA,NA
S1_23065763,1,23065763,NA,NA,NA,NA
S1_2307053,1,2307053,NA,NA,NA,NA
S1_230887170,1,230887170,NA,NA,NA,NA
S1_230887172,1,230887172,NA,NA,NA,NA
S1_230887268,1,230887268,NA,NA,NA,NA
S1_230924176,1,230924176,NA,NA,NA,NA
S1_23110666,1,23110666,NA,NA,NA,NA
S1_23110669,1,23110669,NA,NA,NA,NA
S1_23110671,1,23110671,NA,NA,NA,NA
S1_23110673,1,23110673,NA,NA,NA,NA
S1_231279346,1,231279346,NA,NA,NA,NA
S1_23229352,1,23229352,NA,NA,NA,NA
S1_232514040,1,232514040,NA,NA,NA,NA
S1_232514051,1,232514051,NA,NA,NA,NA
S1_232648695,1,232648695,NA,NA,NA,NA
S1_232654805,1,232654805,NA,NA,NA,NA
S1_232744536,1,232744536,NA,NA,NA,NA
S1_232744572,1,232744572,NA,NA,NA,NA
S1_232843346,1,232843346,NA,NA,NA,NA
S1_232843349,1,232843349,NA,NA,NA,NA
S1_233231560,1,233231560,NA,NA,NA,NA
S1_233297578,1,233297578,NA,NA,NA,NA
S1_233297581,1,233297581,NA,NA,NA,NA
S1_233446397,1,233446397,NA,NA,NA,NA
S1_233446409,1,233446409,NA,NA,NA,NA
S1_233446415,1,233446415,NA,NA,NA,NA
S1_233446588,1,233446588,NA,NA,NA,NA
S1_233446592,1,233446592,NA,NA,NA,NA
S1_233455679,1,233455679,NA,NA,NA,NA
S1_233457235,1,233457235,NA,NA,NA,NA
S1_233458000,1,233458000,NA,NA,NA,NA
S1_234057618,1,234057618,NA,NA,NA,NA
S1_234057620,1,234057620,NA,NA,NA,NA
S1_234122525,1,234122525,NA,NA,NA,NA
S1_234122527,1,234122527,NA,NA,NA,NA
S1_23424289,1,23424289,NA,NA,NA,NA
S1_234260958,1,234260958,NA,NA,NA,NA
S1_235449088,1,235449088,NA,NA,NA,NA
S1_235490735,1,235490735,NA,NA,NA,NA
S1_23564451,1,23564451,NA,NA,NA,NA
S1_235671955,1,235671955,NA,NA,NA,NA
S1_23589457,1,23589457,NA,NA,NA,NA
S1_235976356,1,235976356,NA,NA,NA,NA
S1_235982864,1,235982864,NA,NA,NA,NA
S1_23617948,1,23617948,NA,NA,NA,NA
S1_23617949,1,23617949,NA,NA,NA,NA
S1_236902992,1,236902992,NA,NA,NA,NA
S1_236951651,1,236951651,NA,NA,NA,NA
S1_237053406,1,237053406,NA,NA,NA,NA
S1_237053449,1,237053449,NA,NA,NA,NA
S1_237055151,1,237055151,NA,NA,NA,NA
S1_237607632,1,237607632,NA,NA,NA,NA
S1_237607634,1,237607634,NA,NA,NA,NA
S1_237958246,1,237958246,NA,NA,NA,NA
S1_237961933,1,237961933,NA,NA,NA,NA
S1_238243060,1,238243060,NA,NA,NA,NA
S1_238752622,1,238752622,NA,NA,NA,NA
S1_238752623,1,238752623,NA,NA,NA,NA
S1_238752624,1,238752624,NA,NA,NA,NA
S1_238752625,1,238752625,NA,NA,NA,NA
S1_238752626,1,238752626,NA,NA,NA,NA
S1_238813527,1,238813527,NA,NA,NA,NA
S1_239209119,1,239209119,NA,NA,NA,NA
S1_239297551,1,239297551,NA,NA,NA,NA
S1_239401261,1,239401261,NA,NA,NA,NA
S1_239611673,1,239611673,NA,NA,NA,NA
S1_239612471,1,239612471,NA,NA,NA,NA
S1_239612480,1,239612480,NA,NA,NA,NA
S1_239618686,1,239618686,NA,NA,NA,NA
S1_239829178,1,239829178,NA,NA,NA,NA
S1_239998391,1,239998391,NA,NA,NA,NA
S1_240146295,1,240146295,NA,NA,NA,NA
S1_240146299,1,240146299,NA,NA,NA,NA
S1_240716598,1,240716598,NA,NA,NA,NA
S1_240866224,1,240866224,NA,NA,NA,NA
S1_240866229,1,240866229,NA,NA,NA,NA
S1_240893349,1,240893349,NA,NA,NA,NA
S1_240893463,1,240893463,NA,NA,NA,NA
S1_240893477,1,240893477,NA,NA,NA,NA
S1_240926776,1,240926776,NA,NA,NA,NA
S1_241001276,1,241001276,NA,NA,NA,NA
S1_241269788,1,241269788,NA,NA,NA,NA
S1_241270340,1,241270340,NA,NA,NA,NA
S1_241368129,1,241368129,NA,NA,NA,NA
S1_241368130,1,241368130,NA,NA,NA,NA
S1_241368131,1,241368131,NA,NA,NA,NA
S1_241404293,1,241404293,NA,NA,NA,NA
S1_241404296,1,241404296,NA,NA,NA,NA
S1_241404317,1,241404317,NA,NA,NA,NA
S1_241480694,1,241480694,NA,NA,NA,NA
S1_241480712,1,241480712,NA,NA,NA,NA
S1_241507094,1,241507094,NA,NA,NA,NA
S1_24196098,1,24196098,NA,NA,NA,NA
S1_24206863,1,24206863,NA,NA,NA,NA
S1_24206866,1,24206866,NA,NA,NA,NA
S1_24206891,1,24206891,NA,NA,NA,NA
S1_243219401,1,243219401,NA,NA,NA,NA
S1_243462812,1,243462812,NA,NA,NA,NA
S1_244070912,1,244070912,NA,NA,NA,NA
S1_244514673,1,244514673,NA,NA,NA,NA
S1_244759179,1,244759179,NA,NA,NA,NA
S1_244977960,1,244977960,NA,NA,NA,NA
S1_244978053,1,244978053,NA,NA,NA,NA
S1_245218848,1,245218848,NA,NA,NA,NA
S1_245524148,1,245524148,NA,NA,NA,NA
S1_245524173,1,245524173,NA,NA,NA,NA
S1_245524265,1,245524265,NA,NA,NA,NA
S1_245694040,1,245694040,NA,NA,NA,NA
S1_245744980,1,245744980,NA,NA,NA,NA
S1_24599475,1,24599475,NA,NA,NA,NA
S1_246031825,1,246031825,NA,NA,NA,NA
S1_246201150,1,246201150,NA,NA,NA,NA
S1_246201151,1,246201151,NA,NA,NA,NA
S1_246201152,1,246201152,NA,NA,NA,NA
S1_246201154,1,246201154,NA,NA,NA,NA
S1_246201156,1,246201156,NA,NA,NA,NA
S1_246407065,1,246407065,NA,NA,NA,NA
S1_246408594,1,246408594,NA,NA,NA,NA
S1_246409972,1,246409972,NA,NA,NA,NA
S1_246415481,1,246415481,NA,NA,NA,NA
S1_246415488,1,246415488,NA,NA,NA,NA
S1_246467917,1,246467917,NA,NA,NA,NA
S1_246467936,1,246467936,NA,NA,NA,NA
S1_246480820,1,246480820,NA,NA,NA,NA
S1_246489667,1,246489667,NA,NA,NA,NA
S1_246547973,1,246547973,NA,NA,NA,NA
S1_246547994,1,246547994,NA,NA,NA,NA
S1_246822629,1,246822629,NA,NA,NA,NA
S1_248124348,1,248124348,NA,NA,NA,NA
S1_248286805,1,248286805,NA,NA,NA,NA
S1_248750895,1,248750895,NA,NA,NA,NA
S1_248751990,1,248751990,NA,NA,NA,NA
S1_248752009,1,248752009,NA,NA,NA,NA
S1_249319771,1,249319771,NA,NA,NA,NA
S1_250066619,1,250066619,NA,NA,NA,NA
S1_250329922,1,250329922,NA,NA,NA,NA
S1_250329923,1,250329923,NA,NA,NA,NA
S1_250329992,1,250329992,NA,NA,NA,NA
S1_250330158,1,250330158,NA,NA,NA,NA
S1_250891200,1,250891200,NA,NA,NA,NA
S1_251079368,1,251079368,NA,NA,NA,NA
S1_251079369,1,251079369,NA,NA,NA,NA
S1_251091237,1,251091237,NA,NA,NA,NA
S1_251103212,1,251103212,NA,NA,NA,NA
S1_251113803,1,251113803,NA,NA,NA,NA
S1_251113809,1,251113809,NA,NA,NA,NA
S1_251137626,1,251137626,NA,NA,NA,NA
S1_251137629,1,251137629,NA,NA,NA,NA
S1_251137644,1,251137644,NA,NA,NA,NA
S1_251379220,1,251379220,NA,NA,NA,NA
S1_251441386,1,251441386,NA,NA,NA,NA
S1_251441389,1,251441389,NA,NA,NA,NA
S1_251711096,1,251711096,NA,NA,NA,NA
S1_251733448,1,251733448,NA,NA,NA,NA
S1_251733456,1,251733456,NA,NA,NA,NA
S1_251733457,1,251733457,NA,NA,NA,NA
S1_251733468,1,251733468,NA,NA,NA,NA
S1_251733469,1,251733469,NA,NA,NA,NA
S1_251995326,1,251995326,NA,NA,NA,NA
S1_251995343,1,251995343,NA,NA,NA,NA
S1_252150733,1,252150733,NA,NA,NA,NA
S1_252322508,1,252322508,NA,NA,NA,NA
S1_252322511,1,252322511,NA,NA,NA,NA
S1_252378720,1,252378720,NA,NA,NA,NA
S1_253012079,1,253012079,NA,NA,NA,NA
S1_253012113,1,253012113,NA,NA,NA,NA
S1_253029551,1,253029551,NA,NA,NA,NA
S1_253109076,1,253109076,NA,NA,NA,NA
S1_253109079,1,253109079,NA,NA,NA,NA
S1_253109100,1,253109100,NA,NA,NA,NA
S1_253109103,1,253109103,NA,NA,NA,NA
S1_253193826,1,253193826,NA,NA,NA,NA
S1_253300657,1,253300657,NA,NA,NA,NA
S1_253381673,1,253381673,NA,NA,NA,NA
S1_253381680,1,253381680,NA,NA,NA,NA
S1_253381686,1,253381686,NA,NA,NA,NA
S1_253719199,1,253719199,NA,NA,NA,NA
S1_25374551,1,25374551,NA,NA,NA,NA
S1_25374695,1,25374695,NA,NA,NA,NA
S1_25376975,1,25376975,NA,NA,NA,NA
S1_25376978,1,25376978,NA,NA,NA,NA
S1_25376979,1,25376979,NA,NA,NA,NA
S1_25376989,1,25376989,NA,NA,NA,NA
S1_253798682,1,253798682,NA,NA,NA,NA
S1_25387692,1,25387692,NA,NA,NA,NA
S1_25387775,1,25387775,NA,NA,NA,NA
S1_254244906,1,254244906,NA,NA,NA,NA
S1_254401049,1,254401049,NA,NA,NA,NA
S1_2544060,1,2544060,NA,NA,NA,NA
S1_254889834,1,254889834,NA,NA,NA,NA
S1_254889835,1,254889835,NA,NA,NA,NA
S1_254981659,1,254981659,NA,NA,NA,NA
S1_254981668,1,254981668,NA,NA,NA,NA
S1_254981766,1,254981766,NA,NA,NA,NA
S1_254988193,1,254988193,NA,NA,NA,NA
S1_254988194,1,254988194,NA,NA,NA,NA
S1_255638118,1,255638118,NA,NA,NA,NA
S1_255638129,1,255638129,NA,NA,NA,NA
S1_255744386,1,255744386,NA,NA,NA,NA
S1_255744389,1,255744389,NA,NA,NA,NA
S1_255744393,1,255744393,NA,NA,NA,NA
S1_255744409,1,255744409,NA,NA,NA,NA
S1_255744501,1,255744501,NA,NA,NA,NA
S1_256072041,1,256072041,NA,NA,NA,NA
S1_256408261,1,256408261,NA,NA,NA,NA
S1_256408275,1,256408275,NA,NA,NA,NA
S1_256693179,1,256693179,NA,NA,NA,NA
S1_256693271,1,256693271,NA,NA,NA,NA
S1_256693439,1,256693439,NA,NA,NA,NA
S1_256939498,1,256939498,NA,NA,NA,NA
S1_25705125,1,25705125,NA,NA,NA,NA
S1_257145077,1,257145077,NA,NA,NA,NA
S1_257737019,1,257737019,NA,NA,NA,NA
S1_257737252,1,257737252,NA,NA,NA,NA
S1_257737254,1,257737254,NA,NA,NA,NA
S1_257952338,1,257952338,NA,NA,NA,NA
S1_257952355,1,257952355,NA,NA,NA,NA
S1_257952529,1,257952529,NA,NA,NA,NA
S1_257952532,1,257952532,NA,NA,NA,NA
S1_257952534,1,257952534,NA,NA,NA,NA
S1_257952535,1,257952535,NA,NA,NA,NA
S1_257952536,1,257952536,NA,NA,NA,NA
S1_257952538,1,257952538,NA,NA,NA,NA
S1_257952539,1,257952539,NA,NA,NA,NA
S1_257952540,1,257952540,NA,NA,NA,NA
S1_257972101,1,257972101,NA,NA,NA,NA
S1_257972299,1,257972299,NA,NA,NA,NA
S1_257973278,1,257973278,NA,NA,NA,NA
S1_25814489,1,25814489,NA,NA,NA,NA
S1_258353239,1,258353239,NA,NA,NA,NA
S1_258353240,1,258353240,NA,NA,NA,NA
S1_258353258,1,258353258,NA,NA,NA,NA
S1_258447928,1,258447928,NA,NA,NA,NA
S1_258520973,1,258520973,NA,NA,NA,NA
S1_258651524,1,258651524,NA,NA,NA,NA
S1_258651629,1,258651629,NA,NA,NA,NA
S1_258656240,1,258656240,NA,NA,NA,NA
S1_258657774,1,258657774,NA,NA,NA,NA
S1_258657782,1,258657782,NA,NA,NA,NA
S1_258691208,1,258691208,NA,NA,NA,NA
S1_258807318,1,258807318,NA,NA,NA,NA
S1_258807328,1,258807328,NA,NA,NA,NA
S1_259215752,1,259215752,NA,NA,NA,NA
S1_259223707,1,259223707,NA,NA,NA,NA
S1_259301329,1,259301329,NA,NA,NA,NA
S1_259301717,1,259301717,NA,NA,NA,NA
S1_259301727,1,259301727,NA,NA,NA,NA
S1_259823463,1,259823463,NA,NA,NA,NA
S1_259825132,1,259825132,NA,NA,NA,NA
S1_259825137,1,259825137,NA,NA,NA,NA
S1_259947939,1,259947939,NA,NA,NA,NA
S1_259948106,1,259948106,NA,NA,NA,NA
S1_259948123,1,259948123,NA,NA,NA,NA
S1_260150212,1,260150212,NA,NA,NA,NA
S1_260655804,1,260655804,NA,NA,NA,NA
S1_260655805,1,260655805,NA,NA,NA,NA
S1_261571533,1,261571533,NA,NA,NA,NA
S1_262311259,1,262311259,NA,NA,NA,NA
S1_262311272,1,262311272,NA,NA,NA,NA
S1_262392300,1,262392300,NA,NA,NA,NA
S1_262456979,1,262456979,NA,NA,NA,NA
S1_262459657,1,262459657,NA,NA,NA,NA
S1_262459682,1,262459682,NA,NA,NA,NA
S1_262512905,1,262512905,NA,NA,NA,NA
S1_262512909,1,262512909,NA,NA,NA,NA
S1_262545835,1,262545835,NA,NA,NA,NA
S1_262614939,1,262614939,NA,NA,NA,NA
S1_262614949,1,262614949,NA,NA,NA,NA
S1_262614950,1,262614950,NA,NA,NA,NA
S1_262890472,1,262890472,NA,NA,NA,NA
S1_263124788,1,263124788,NA,NA,NA,NA
S1_26331714,1,26331714,NA,NA,NA,NA
S1_263393782,1,263393782,NA,NA,NA,NA
S1_263652170,1,263652170,NA,NA,NA,NA
S1_263652263,1,263652263,NA,NA,NA,NA
S1_263731663,1,263731663,NA,NA,NA,NA
S1_263739999,1,263739999,NA,NA,NA,NA
S1_263956292,1,263956292,NA,NA,NA,NA
S1_264094066,1,264094066,NA,NA,NA,NA
S1_264094082,1,264094082,NA,NA,NA,NA
S1_264498204,1,264498204,NA,NA,NA,NA
S1_264520273,1,264520273,NA,NA,NA,NA
S1_264529819,1,264529819,NA,NA,NA,NA
S1_264530400,1,264530400,NA,NA,NA,NA
S1_264708484,1,264708484,NA,NA,NA,NA
S1_264742521,1,264742521,NA,NA,NA,NA
S1_264865750,1,264865750,NA,NA,NA,NA
S1_265451391,1,265451391,NA,NA,NA,NA
S1_265915317,1,265915317,NA,NA,NA,NA
S1_266095899,1,266095899,NA,NA,NA,NA
S1_26684482,1,26684482,NA,NA,NA,NA
S1_26690898,1,26690898,NA,NA,NA,NA
S1_266954738,1,266954738,NA,NA,NA,NA
S1_267162435,1,267162435,NA,NA,NA,NA
S1_267198736,1,267198736,NA,NA,NA,NA
S1_267198816,1,267198816,NA,NA,NA,NA
S1_267198819,1,267198819,NA,NA,NA,NA
S1_267783859,1,267783859,NA,NA,NA,NA
S1_267783913,1,267783913,NA,NA,NA,NA
S1_26825878,1,26825878,NA,NA,NA,NA
S1_26826973,1,26826973,NA,NA,NA,NA
S1_268937338,1,268937338,NA,NA,NA,NA
S1_268956389,1,268956389,NA,NA,NA,NA
S1_269023411,1,269023411,NA,NA,NA,NA
S1_269126065,1,269126065,NA,NA,NA,NA
S1_26912617,1,26912617,NA,NA,NA,NA
S1_2691818,1,2691818,NA,NA,NA,NA
S1_2691906,1,2691906,NA,NA,NA,NA
S1_269304433,1,269304433,NA,NA,NA,NA
S1_2693670,1,2693670,NA,NA,NA,NA
S1_2693676,1,2693676,NA,NA,NA,NA
S1_2693869,1,2693869,NA,NA,NA,NA
S1_269505850,1,269505850,NA,NA,NA,NA
S1_269521013,1,269521013,NA,NA,NA,NA
S1_269643198,1,269643198,NA,NA,NA,NA
S1_270559969,1,270559969,NA,NA,NA,NA
S1_270669153,1,270669153,NA,NA,NA,NA
S1_270961887,1,270961887,NA,NA,NA,NA
S1_270982322,1,270982322,NA,NA,NA,NA
S1_270982699,1,270982699,NA,NA,NA,NA
S1_27100391,1,27100391,NA,NA,NA,NA
S1_27112375,1,27112375,NA,NA,NA,NA
S1_27112388,1,27112388,NA,NA,NA,NA
S1_27117500,1,27117500,NA,NA,NA,NA
S1_27117512,1,27117512,NA,NA,NA,NA
S1_27126819,1,27126819,NA,NA,NA,NA
S1_271313304,1,271313304,NA,NA,NA,NA
S1_27140851,1,27140851,NA,NA,NA,NA
S1_271913688,1,271913688,NA,NA,NA,NA
S1_272219412,1,272219412,NA,NA,NA,NA
S1_272348237,1,272348237,NA,NA,NA,NA
S1_272348255,1,272348255,NA,NA,NA,NA
S1_272353019,1,272353019,NA,NA,NA,NA
S1_272353025,1,272353025,NA,NA,NA,NA
S1_272828712,1,272828712,NA,NA,NA,NA
S1_27303546,1,27303546,NA,NA,NA,NA
S1_27303558,1,27303558,NA,NA,NA,NA
S1_273091641,1,273091641,NA,NA,NA,NA
S1_273096924,1,273096924,NA,NA,NA,NA
S1_273099696,1,273099696,NA,NA,NA,NA
S1_273100618,1,273100618,NA,NA,NA,NA
S1_273228189,1,273228189,NA,NA,NA,NA
S1_273376815,1,273376815,NA,NA,NA,NA
S1_273445797,1,273445797,NA,NA,NA,NA
S1_273782000,1,273782000,NA,NA,NA,NA
S1_273782009,1,273782009,NA,NA,NA,NA
S1_273871529,1,273871529,NA,NA,NA,NA
S1_2741561,1,2741561,NA,NA,NA,NA
S1_274240849,1,274240849,NA,NA,NA,NA
S1_274408175,1,274408175,NA,NA,NA,NA
S1_274424184,1,274424184,NA,NA,NA,NA
S1_274718673,1,274718673,NA,NA,NA,NA
S1_274718677,1,274718677,NA,NA,NA,NA
S1_274723781,1,274723781,NA,NA,NA,NA
S1_274723784,1,274723784,NA,NA,NA,NA
S1_274734969,1,274734969,NA,NA,NA,NA
S1_274734974,1,274734974,NA,NA,NA,NA
S1_274734977,1,274734977,NA,NA,NA,NA
S1_274881532,1,274881532,NA,NA,NA,NA
S1_274884827,1,274884827,NA,NA,NA,NA
S1_274941944,1,274941944,NA,NA,NA,NA
S1_27501695,1,27501695,NA,NA,NA,NA
S1_275033644,1,275033644,NA,NA,NA,NA
S1_275033656,1,275033656,NA,NA,NA,NA
S1_2753153,1,2753153,NA,NA,NA,NA
S1_2753327,1,2753327,NA,NA,NA,NA
S1_2753420,1,2753420,NA,NA,NA,NA
S1_275382093,1,275382093,NA,NA,NA,NA
S1_275583084,1,275583084,NA,NA,NA,NA
S1_275974876,1,275974876,NA,NA,NA,NA
S1_27626489,1,27626489,NA,NA,NA,NA
S1_27626514,1,27626514,NA,NA,NA,NA
S1_27626515,1,27626515,NA,NA,NA,NA
S1_276301301,1,276301301,NA,NA,NA,NA
S1_276309892,1,276309892,NA,NA,NA,NA
S1_276324527,1,276324527,NA,NA,NA,NA
S1_276325774,1,276325774,NA,NA,NA,NA
S1_27638410,1,27638410,NA,NA,NA,NA
S1_27647462,1,27647462,NA,NA,NA,NA
S1_276681754,1,276681754,NA,NA,NA,NA
S1_276702322,1,276702322,NA,NA,NA,NA
S1_276995964,1,276995964,NA,NA,NA,NA
S1_276995973,1,276995973,NA,NA,NA,NA
S1_277152429,1,277152429,NA,NA,NA,NA
S1_277233235,1,277233235,NA,NA,NA,NA
S1_277584806,1,277584806,NA,NA,NA,NA
S1_27776090,1,27776090,NA,NA,NA,NA
S1_27776485,1,27776485,NA,NA,NA,NA
S1_277846443,1,277846443,NA,NA,NA,NA
S1_277846454,1,277846454,NA,NA,NA,NA
S1_278034344,1,278034344,NA,NA,NA,NA
S1_278034772,1,278034772,NA,NA,NA,NA
S1_278041368,1,278041368,NA,NA,NA,NA
S1_278042698,1,278042698,NA,NA,NA,NA
S1_278042699,1,278042699,NA,NA,NA,NA
S1_278042722,1,278042722,NA,NA,NA,NA
S1_278353290,1,278353290,NA,NA,NA,NA
S1_278359078,1,278359078,NA,NA,NA,NA
S1_2784105,1,2784105,NA,NA,NA,NA
S1_278451277,1,278451277,NA,NA,NA,NA
S1_278451288,1,278451288,NA,NA,NA,NA
S1_278451292,1,278451292,NA,NA,NA,NA
S1_278604642,1,278604642,NA,NA,NA,NA
S1_278604830,1,278604830,NA,NA,NA,NA
S1_278651134,1,278651134,NA,NA,NA,NA
S1_278651156,1,278651156,NA,NA,NA,NA
S1_27868184,1,27868184,NA,NA,NA,NA
S1_278711931,1,278711931,NA,NA,NA,NA
S1_278992401,1,278992401,NA,NA,NA,NA
S1_279068116,1,279068116,NA,NA,NA,NA
S1_279068119,1,279068119,NA,NA,NA,NA
S1_279190932,1,279190932,NA,NA,NA,NA
S1_279191077,1,279191077,NA,NA,NA,NA
S1_279565898,1,279565898,NA,NA,NA,NA
S1_279565906,1,279565906,NA,NA,NA,NA
S1_279566123,1,279566123,NA,NA,NA,NA
S1_279566151,1,279566151,NA,NA,NA,NA
S1_279571246,1,279571246,NA,NA,NA,NA
S1_279681184,1,279681184,NA,NA,NA,NA
S1_27980193,1,27980193,NA,NA,NA,NA
S1_280343542,1,280343542,NA,NA,NA,NA
S1_280379001,1,280379001,NA,NA,NA,NA
S1_280379009,1,280379009,NA,NA,NA,NA
S1_280578698,1,280578698,NA,NA,NA,NA
S1_280579304,1,280579304,NA,NA,NA,NA
S1_280579305,1,280579305,NA,NA,NA,NA
S1_280579307,1,280579307,NA,NA,NA,NA
S1_280579308,1,280579308,NA,NA,NA,NA
S1_280579309,1,280579309,NA,NA,NA,NA
S1_280579311,1,280579311,NA,NA,NA,NA
S1_280579312,1,280579312,NA,NA,NA,NA
S1_280579314,1,280579314,NA,NA,NA,NA
S1_280579387,1,280579387,NA,NA,NA,NA
S1_281071386,1,281071386,NA,NA,NA,NA
S1_281071419,1,281071419,NA,NA,NA,NA
S1_281168712,1,281168712,NA,NA,NA,NA
S1_281522288,1,281522288,NA,NA,NA,NA
S1_281889035,1,281889035,NA,NA,NA,NA
S1_281889044,1,281889044,NA,NA,NA,NA
S1_281949323,1,281949323,NA,NA,NA,NA
S1_281949324,1,281949324,NA,NA,NA,NA
S1_281949326,1,281949326,NA,NA,NA,NA
S1_281949327,1,281949327,NA,NA,NA,NA
S1_281949328,1,281949328,NA,NA,NA,NA
S1_281949330,1,281949330,NA,NA,NA,NA
S1_282409847,1,282409847,NA,NA,NA,NA
S1_282462898,1,282462898,NA,NA,NA,NA
S1_282471264,1,282471264,NA,NA,NA,NA
S1_282471414,1,282471414,NA,NA,NA,NA
S1_282471416,1,282471416,NA,NA,NA,NA
S1_282471417,1,282471417,NA,NA,NA,NA
S1_282471428,1,282471428,NA,NA,NA,NA
S1_282528611,1,282528611,NA,NA,NA,NA
S1_282528917,1,282528917,NA,NA,NA,NA
S1_282528940,1,282528940,NA,NA,NA,NA
S1_282529023,1,282529023,NA,NA,NA,NA
S1_282745163,1,282745163,NA,NA,NA,NA
S1_282745205,1,282745205,NA,NA,NA,NA
S1_282748969,1,282748969,NA,NA,NA,NA
S1_283237832,1,283237832,NA,NA,NA,NA
S1_283237871,1,283237871,NA,NA,NA,NA
S1_283251484,1,283251484,NA,NA,NA,NA
S1_283311012,1,283311012,NA,NA,NA,NA
S1_283604054,1,283604054,NA,NA,NA,NA
S1_283604341,1,283604341,NA,NA,NA,NA
S1_283864501,1,283864501,NA,NA,NA,NA
S1_28424555,1,28424555,NA,NA,NA,NA
S1_285069006,1,285069006,NA,NA,NA,NA
S1_285096212,1,285096212,NA,NA,NA,NA
S1_285096213,1,285096213,NA,NA,NA,NA
S1_285096214,1,285096214,NA,NA,NA,NA
S1_285310221,1,285310221,NA,NA,NA,NA
S1_285340293,1,285340293,NA,NA,NA,NA
S1_285523336,1,285523336,NA,NA,NA,NA
S1_28603119,1,28603119,NA,NA,NA,NA
S1_28609644,1,28609644,NA,NA,NA,NA
S1_28609672,1,28609672,NA,NA,NA,NA
S1_28610542,1,28610542,NA,NA,NA,NA
S1_28610548,1,28610548,NA,NA,NA,NA
S1_286182490,1,286182490,NA,NA,NA,NA
S1_286338466,1,286338466,NA,NA,NA,NA
S1_286399533,1,286399533,NA,NA,NA,NA
S1_286400068,1,286400068,NA,NA,NA,NA
S1_28643335,1,28643335,NA,NA,NA,NA
S1_286524629,1,286524629,NA,NA,NA,NA
S1_286850419,1,286850419,NA,NA,NA,NA
S1_286992073,1,286992073,NA,NA,NA,NA
S1_287064718,1,287064718,NA,NA,NA,NA
S1_287064731,1,287064731,NA,NA,NA,NA
S1_287065124,1,287065124,NA,NA,NA,NA
S1_287065130,1,287065130,NA,NA,NA,NA
S1_287188160,1,287188160,NA,NA,NA,NA
S1_287291298,1,287291298,NA,NA,NA,NA
S1_287474526,1,287474526,NA,NA,NA,NA
S1_287474531,1,287474531,NA,NA,NA,NA
S1_287584206,1,287584206,NA,NA,NA,NA
S1_287704949,1,287704949,NA,NA,NA,NA
S1_287722733,1,287722733,NA,NA,NA,NA
S1_287722745,1,287722745,NA,NA,NA,NA
S1_287803582,1,287803582,NA,NA,NA,NA
S1_287985549,1,287985549,NA,NA,NA,NA
S1_288013457,1,288013457,NA,NA,NA,NA
S1_288013490,1,288013490,NA,NA,NA,NA
S1_288071814,1,288071814,NA,NA,NA,NA
S1_288397840,1,288397840,NA,NA,NA,NA
S1_288473152,1,288473152,NA,NA,NA,NA
S1_288473218,1,288473218,NA,NA,NA,NA
S1_288490496,1,288490496,NA,NA,NA,NA
S1_288696782,1,288696782,NA,NA,NA,NA
S1_288805533,1,288805533,NA,NA,NA,NA
S1_288805545,1,288805545,NA,NA,NA,NA
S1_289237333,1,289237333,NA,NA,NA,NA
S1_289267982,1,289267982,NA,NA,NA,NA
S1_289267983,1,289267983,NA,NA,NA,NA
S1_289267984,1,289267984,NA,NA,NA,NA
S1_289267985,1,289267985,NA,NA,NA,NA
S1_289267986,1,289267986,NA,NA,NA,NA
S1_289267994,1,289267994,NA,NA,NA,NA
S1_289280303,1,289280303,NA,NA,NA,NA
S1_289347748,1,289347748,NA,NA,NA,NA
S1_289347749,1,289347749,NA,NA,NA,NA
S1_289520861,1,289520861,NA,NA,NA,NA
S1_289520870,1,289520870,NA,NA,NA,NA
S1_289520906,1,289520906,NA,NA,NA,NA
S1_289598927,1,289598927,NA,NA,NA,NA
S1_290107969,1,290107969,NA,NA,NA,NA
S1_290121033,1,290121033,NA,NA,NA,NA
S1_290127225,1,290127225,NA,NA,NA,NA
S1_290146519,1,290146519,NA,NA,NA,NA
S1_290146543,1,290146543,NA,NA,NA,NA
S1_290201028,1,290201028,NA,NA,NA,NA
S1_290229067,1,290229067,NA,NA,NA,NA
S1_290306138,1,290306138,NA,NA,NA,NA
S1_29031673,1,29031673,NA,NA,NA,NA
S1_29032832,1,29032832,NA,NA,NA,NA
S1_29034127,1,29034127,NA,NA,NA,NA
S1_290395362,1,290395362,NA,NA,NA,NA
S1_290521331,1,290521331,NA,NA,NA,NA
S1_290521871,1,290521871,NA,NA,NA,NA
S1_290521880,1,290521880,NA,NA,NA,NA
S1_290521881,1,290521881,NA,NA,NA,NA
S1_290589403,1,290589403,NA,NA,NA,NA
S1_29082673,1,29082673,NA,NA,NA,NA
S1_290856049,1,290856049,NA,NA,NA,NA
S1_290954894,1,290954894,NA,NA,NA,NA
S1_290955671,1,290955671,NA,NA,NA,NA
S1_290955672,1,290955672,NA,NA,NA,NA
S1_290955673,1,290955673,NA,NA,NA,NA
S1_290955674,1,290955674,NA,NA,NA,NA
S1_290957449,1,290957449,NA,NA,NA,NA
S1_290957469,1,290957469,NA,NA,NA,NA
S1_290957484,1,290957484,NA,NA,NA,NA
S1_290957485,1,290957485,NA,NA,NA,NA
S1_290957549,1,290957549,NA,NA,NA,NA
S1_290957566,1,290957566,NA,NA,NA,NA
S1_291107748,1,291107748,NA,NA,NA,NA
S1_291255003,1,291255003,NA,NA,NA,NA
S1_291255006,1,291255006,NA,NA,NA,NA
S1_291402122,1,291402122,NA,NA,NA,NA
S1_291402126,1,291402126,NA,NA,NA,NA
S1_291559356,1,291559356,NA,NA,NA,NA
S1_291560174,1,291560174,NA,NA,NA,NA
S1_291790430,1,291790430,NA,NA,NA,NA
S1_291902734,1,291902734,NA,NA,NA,NA
S1_291924597,1,291924597,NA,NA,NA,NA
S1_291924598,1,291924598,NA,NA,NA,NA
S1_291924716,1,291924716,NA,NA,NA,NA
S1_29197616,1,29197616,NA,NA,NA,NA
S1_292090109,1,292090109,NA,NA,NA,NA
S1_292340872,1,292340872,NA,NA,NA,NA
S1_292340877,1,292340877,NA,NA,NA,NA
S1_29258800,1,29258800,NA,NA,NA,NA
S1_29262745,1,29262745,NA,NA,NA,NA
S1_29262751,1,29262751,NA,NA,NA,NA
S1_29262752,1,29262752,NA,NA,NA,NA
S1_292880204,1,292880204,NA,NA,NA,NA
S1_292880210,1,292880210,NA,NA,NA,NA
S1_292880554,1,292880554,NA,NA,NA,NA
S1_292880561,1,292880561,NA,NA,NA,NA
S1_293009664,1,293009664,NA,NA,NA,NA
S1_293138878,1,293138878,NA,NA,NA,NA
S1_293151709,1,293151709,NA,NA,NA,NA
S1_293151710,1,293151710,NA,NA,NA,NA
S1_293266742,1,293266742,NA,NA,NA,NA
S1_293328637,1,293328637,NA,NA,NA,NA
S1_293577770,1,293577770,NA,NA,NA,NA
S1_293577773,1,293577773,NA,NA,NA,NA
S1_293577777,1,293577777,NA,NA,NA,NA
S1_293793353,1,293793353,NA,NA,NA,NA
S1_293934180,1,293934180,NA,NA,NA,NA
S1_293944806,1,293944806,NA,NA,NA,NA
S1_293944923,1,293944923,NA,NA,NA,NA
S1_294045013,1,294045013,NA,NA,NA,NA
S1_294045031,1,294045031,NA,NA,NA,NA
S1_294085043,1,294085043,NA,NA,NA,NA
S1_294729082,1,294729082,NA,NA,NA,NA
S1_294899713,1,294899713,NA,NA,NA,NA
S1_295191092,1,295191092,NA,NA,NA,NA
S1_295309095,1,295309095,NA,NA,NA,NA
S1_295309110,1,295309110,NA,NA,NA,NA
S1_295349423,1,295349423,NA,NA,NA,NA
S1_29543345,1,29543345,NA,NA,NA,NA
S1_295444727,1,295444727,NA,NA,NA,NA
S1_295444728,1,295444728,NA,NA,NA,NA
S1_295588843,1,295588843,NA,NA,NA,NA
S1_295589344,1,295589344,NA,NA,NA,NA
S1_295760715,1,295760715,NA,NA,NA,NA
S1_295997425,1,295997425,NA,NA,NA,NA
S1_296260058,1,296260058,NA,NA,NA,NA
S1_296710295,1,296710295,NA,NA,NA,NA
S1_296710299,1,296710299,NA,NA,NA,NA
S1_296710300,1,296710300,NA,NA,NA,NA
S1_296771036,1,296771036,NA,NA,NA,NA
S1_296849797,1,296849797,NA,NA,NA,NA
S1_296877558,1,296877558,NA,NA,NA,NA
S1_296961949,1,296961949,NA,NA,NA,NA
S1_296961970,1,296961970,NA,NA,NA,NA
S1_29741428,1,29741428,NA,NA,NA,NA
S1_29788435,1,29788435,NA,NA,NA,NA
S1_297963919,1,297963919,NA,NA,NA,NA
S1_297977831,1,297977831,NA,NA,NA,NA
S1_298133687,1,298133687,NA,NA,NA,NA
S1_298133703,1,298133703,NA,NA,NA,NA
S1_298312452,1,298312452,NA,NA,NA,NA
S1_298413369,1,298413369,NA,NA,NA,NA
S1_298413421,1,298413421,NA,NA,NA,NA
S1_298688110,1,298688110,NA,NA,NA,NA
S1_298688119,1,298688119,NA,NA,NA,NA
S1_298740477,1,298740477,NA,NA,NA,NA
S1_298740486,1,298740486,NA,NA,NA,NA
S1_298740503,1,298740503,NA,NA,NA,NA
S1_298740506,1,298740506,NA,NA,NA,NA
S1_298824042,1,298824042,NA,NA,NA,NA
S1_298824055,1,298824055,NA,NA,NA,NA
S1_298969511,1,298969511,NA,NA,NA,NA
S1_298969513,1,298969513,NA,NA,NA,NA
S1_298983558,1,298983558,NA,NA,NA,NA
S1_299120369,1,299120369,NA,NA,NA,NA
S1_299120371,1,299120371,NA,NA,NA,NA
S1_299120374,1,299120374,NA,NA,NA,NA
S1_299122093,1,299122093,NA,NA,NA,NA
S1_299196965,1,299196965,NA,NA,NA,NA
S1_299196968,1,299196968,NA,NA,NA,NA
S1_299367349,1,299367349,NA,NA,NA,NA
S1_299565791,1,299565791,NA,NA,NA,NA
S1_299901778,1,299901778,NA,NA,NA,NA
S1_299902621,1,299902621,NA,NA,NA,NA
S1_299974209,1,299974209,NA,NA,NA,NA
S1_3000739,1,3000739,NA,NA,NA,NA
S1_3000742,1,3000742,NA,NA,NA,NA
S1_300444437,1,300444437,NA,NA,NA,NA
S1_3010418,1,3010418,NA,NA,NA,NA
S1_3010439,1,3010439,NA,NA,NA,NA
S1_3010445,1,3010445,NA,NA,NA,NA
S1_3010447,1,3010447,NA,NA,NA,NA
S1_30284174,1,30284174,NA,NA,NA,NA
S1_30686082,1,30686082,NA,NA,NA,NA
S1_3078501,1,3078501,NA,NA,NA,NA
S1_31250933,1,31250933,NA,NA,NA,NA
S1_3135749,1,3135749,NA,NA,NA,NA
S1_3135753,1,3135753,NA,NA,NA,NA
S1_31501408,1,31501408,NA,NA,NA,NA
S1_31535697,1,31535697,NA,NA,NA,NA
S1_31535744,1,31535744,NA,NA,NA,NA
S1_31535745,1,31535745,NA,NA,NA,NA
S1_31535746,1,31535746,NA,NA,NA,NA
S1_32578077,1,32578077,NA,NA,NA,NA
S1_32579652,1,32579652,NA,NA,NA,NA
S1_3269687,1,3269687,NA,NA,NA,NA
S1_3282170,1,3282170,NA,NA,NA,NA
S1_3283846,1,3283846,NA,NA,NA,NA
S1_32839136,1,32839136,NA,NA,NA,NA
S1_32839141,1,32839141,NA,NA,NA,NA
S1_32870946,1,32870946,NA,NA,NA,NA
S1_32870947,1,32870947,NA,NA,NA,NA
S1_32871040,1,32871040,NA,NA,NA,NA
S1_33124580,1,33124580,NA,NA,NA,NA
S1_33162243,1,33162243,NA,NA,NA,NA
S1_33215375,1,33215375,NA,NA,NA,NA
S1_33216241,1,33216241,NA,NA,NA,NA
S1_33267556,1,33267556,NA,NA,NA,NA
S1_33267561,1,33267561,NA,NA,NA,NA
S1_33267571,1,33267571,NA,NA,NA,NA
S1_33317868,1,33317868,NA,NA,NA,NA
S1_33416217,1,33416217,NA,NA,NA,NA
S1_3364613,1,3364613,NA,NA,NA,NA
S1_33842180,1,33842180,NA,NA,NA,NA
S1_33842182,1,33842182,NA,NA,NA,NA
S1_3405322,1,3405322,NA,NA,NA,NA
S1_3405346,1,3405346,NA,NA,NA,NA
S1_3405632,1,3405632,NA,NA,NA,NA
S1_34152755,1,34152755,NA,NA,NA,NA
S1_34386809,1,34386809,NA,NA,NA,NA
S1_34386819,1,34386819,NA,NA,NA,NA
S1_34406567,1,34406567,NA,NA,NA,NA
S1_34936449,1,34936449,NA,NA,NA,NA
S1_34947864,1,34947864,NA,NA,NA,NA
S1_35136685,1,35136685,NA,NA,NA,NA
S1_35136687,1,35136687,NA,NA,NA,NA
S1_35213739,1,35213739,NA,NA,NA,NA
S1_35733941,1,35733941,NA,NA,NA,NA
S1_35770940,1,35770940,NA,NA,NA,NA
S1_36154218,1,36154218,NA,NA,NA,NA
S1_36221140,1,36221140,NA,NA,NA,NA
S1_36222121,1,36222121,NA,NA,NA,NA
S1_3647410,1,3647410,NA,NA,NA,NA
S1_3650455,1,3650455,NA,NA,NA,NA
S1_36831988,1,36831988,NA,NA,NA,NA
S1_36917027,1,36917027,NA,NA,NA,NA
S1_36917031,1,36917031,NA,NA,NA,NA
S1_36973832,1,36973832,NA,NA,NA,NA
S1_36973921,1,36973921,NA,NA,NA,NA
S1_3703021,1,3703021,NA,NA,NA,NA
S1_3703049,1,3703049,NA,NA,NA,NA
S1_3703058,1,3703058,NA,NA,NA,NA
S1_3703196,1,3703196,NA,NA,NA,NA
S1_3703741,1,3703741,NA,NA,NA,NA
S1_3703762,1,3703762,NA,NA,NA,NA
S1_37132524,1,37132524,NA,NA,NA,NA
S1_37132704,1,37132704,NA,NA,NA,NA
S1_37315382,1,37315382,NA,NA,NA,NA
S1_37315846,1,37315846,NA,NA,NA,NA
S1_3742285,1,3742285,NA,NA,NA,NA
S1_38008441,1,38008441,NA,NA,NA,NA
S1_38188702,1,38188702,NA,NA,NA,NA
S1_3830527,1,3830527,NA,NA,NA,NA
S1_3830528,1,3830528,NA,NA,NA,NA
S1_38316621,1,38316621,NA,NA,NA,NA
S1_38742076,1,38742076,NA,NA,NA,NA
S1_38742079,1,38742079,NA,NA,NA,NA
S1_38786885,1,38786885,NA,NA,NA,NA
S1_38787022,1,38787022,NA,NA,NA,NA
S1_38787039,1,38787039,NA,NA,NA,NA
S1_38787220,1,38787220,NA,NA,NA,NA
S1_38849074,1,38849074,NA,NA,NA,NA
S1_39113801,1,39113801,NA,NA,NA,NA
S1_39244415,1,39244415,NA,NA,NA,NA
S1_39747873,1,39747873,NA,NA,NA,NA
S1_39747874,1,39747874,NA,NA,NA,NA
S1_39747928,1,39747928,NA,NA,NA,NA
S1_39903276,1,39903276,NA,NA,NA,NA
S1_39903286,1,39903286,NA,NA,NA,NA
S1_40352049,1,40352049,NA,NA,NA,NA
S1_40418615,1,40418615,NA,NA,NA,NA
S1_40418644,1,40418644,NA,NA,NA,NA
S1_40437419,1,40437419,NA,NA,NA,NA
S1_40437424,1,40437424,NA,NA,NA,NA
S1_40437435,1,40437435,NA,NA,NA,NA
S1_40437437,1,40437437,NA,NA,NA,NA
S1_40567170,1,40567170,NA,NA,NA,NA
S1_40726727,1,40726727,NA,NA,NA,NA
S1_40726745,1,40726745,NA,NA,NA,NA
S1_40812382,1,40812382,NA,NA,NA,NA
S1_40812385,1,40812385,NA,NA,NA,NA
S1_41377758,1,41377758,NA,NA,NA,NA
S1_41425908,1,41425908,NA,NA,NA,NA
S1_41428015,1,41428015,NA,NA,NA,NA
S1_41430539,1,41430539,NA,NA,NA,NA
S1_41430545,1,41430545,NA,NA,NA,NA
S1_42019467,1,42019467,NA,NA,NA,NA
S1_42121864,1,42121864,NA,NA,NA,NA
S1_4242026,1,4242026,NA,NA,NA,NA
S1_4242028,1,4242028,NA,NA,NA,NA
S1_4242037,1,4242037,NA,NA,NA,NA
S1_4242039,1,4242039,NA,NA,NA,NA
S1_42520530,1,42520530,NA,NA,NA,NA
S1_42520536,1,42520536,NA,NA,NA,NA
S1_42520608,1,42520608,NA,NA,NA,NA
S1_42847930,1,42847930,NA,NA,NA,NA
S1_42848278,1,42848278,NA,NA,NA,NA
S1_42848304,1,42848304,NA,NA,NA,NA
S1_43055324,1,43055324,NA,NA,NA,NA
S1_43133518,1,43133518,NA,NA,NA,NA
S1_43135907,1,43135907,NA,NA,NA,NA
S1_43554656,1,43554656,NA,NA,NA,NA
S1_4358612,1,4358612,NA,NA,NA,NA
S1_43756650,1,43756650,NA,NA,NA,NA
S1_43765195,1,43765195,NA,NA,NA,NA
S1_43768087,1,43768087,NA,NA,NA,NA
S1_43768100,1,43768100,NA,NA,NA,NA
S1_43768104,1,43768104,NA,NA,NA,NA
S1_43768105,1,43768105,NA,NA,NA,NA
S1_43768107,1,43768107,NA,NA,NA,NA
S1_44345140,1,44345140,NA,NA,NA,NA
S1_4446829,1,4446829,NA,NA,NA,NA
S1_4512687,1,4512687,NA,NA,NA,NA
S1_45403513,1,45403513,NA,NA,NA,NA
S1_45403514,1,45403514,NA,NA,NA,NA
S1_45403515,1,45403515,NA,NA,NA,NA
S1_45426754,1,45426754,NA,NA,NA,NA
S1_45426763,1,45426763,NA,NA,NA,NA
S1_45508318,1,45508318,NA,NA,NA,NA
S1_45508321,1,45508321,NA,NA,NA,NA
S1_4557454,1,4557454,NA,NA,NA,NA
S1_45923467,1,45923467,NA,NA,NA,NA
S1_45939122,1,45939122,NA,NA,NA,NA
S1_4606180,1,4606180,NA,NA,NA,NA
S1_46136370,1,46136370,NA,NA,NA,NA
S1_46411637,1,46411637,NA,NA,NA,NA
S1_46555235,1,46555235,NA,NA,NA,NA
S1_46580885,1,46580885,NA,NA,NA,NA
S1_46737453,1,46737453,NA,NA,NA,NA
S1_46841334,1,46841334,NA,NA,NA,NA
S1_46930058,1,46930058,NA,NA,NA,NA
S1_47313859,1,47313859,NA,NA,NA,NA
S1_47313869,1,47313869,NA,NA,NA,NA
S1_47474758,1,47474758,NA,NA,NA,NA
S1_47477312,1,47477312,NA,NA,NA,NA
S1_4748614,1,4748614,NA,NA,NA,NA
S1_47504251,1,47504251,NA,NA,NA,NA
S1_47705163,1,47705163,NA,NA,NA,NA
S1_47705176,1,47705176,NA,NA,NA,NA
S1_47906735,1,47906735,NA,NA,NA,NA
S1_49091489,1,49091489,NA,NA,NA,NA
S1_4979298,1,4979298,NA,NA,NA,NA
S1_5006761,1,5006761,NA,NA,NA,NA
S1_5006809,1,5006809,NA,NA,NA,NA
S1_50289720,1,50289720,NA,NA,NA,NA
S1_50332001,1,50332001,NA,NA,NA,NA
S1_50708500,1,50708500,NA,NA,NA,NA
S1_50859289,1,50859289,NA,NA,NA,NA
S1_50859290,1,50859290,NA,NA,NA,NA
S1_5088575,1,5088575,NA,NA,NA,NA
S1_5088598,1,5088598,NA,NA,NA,NA
S1_5091849,1,5091849,NA,NA,NA,NA
S1_5091864,1,5091864,NA,NA,NA,NA
S1_51299459,1,51299459,NA,NA,NA,NA
S1_51400076,1,51400076,NA,NA,NA,NA
S1_51761307,1,51761307,NA,NA,NA,NA
S1_51852905,1,51852905,NA,NA,NA,NA
S1_51852906,1,51852906,NA,NA,NA,NA
S1_52091389,1,52091389,NA,NA,NA,NA
S1_52161910,1,52161910,NA,NA,NA,NA
S1_52195213,1,52195213,NA,NA,NA,NA
S1_52195333,1,52195333,NA,NA,NA,NA
S1_5245709,1,5245709,NA,NA,NA,NA
S1_52606988,1,52606988,NA,NA,NA,NA
S1_52606990,1,52606990,NA,NA,NA,NA
S1_52606998,1,52606998,NA,NA,NA,NA
S1_52638614,1,52638614,NA,NA,NA,NA
S1_53075640,1,53075640,NA,NA,NA,NA
S1_53154726,1,53154726,NA,NA,NA,NA
S1_53154927,1,53154927,NA,NA,NA,NA
S1_53467574,1,53467574,NA,NA,NA,NA
S1_53468289,1,53468289,NA,NA,NA,NA
S1_53744209,1,53744209,NA,NA,NA,NA
S1_54186805,1,54186805,NA,NA,NA,NA
S1_54533665,1,54533665,NA,NA,NA,NA
S1_54845157,1,54845157,NA,NA,NA,NA
S1_55075346,1,55075346,NA,NA,NA,NA
S1_55075351,1,55075351,NA,NA,NA,NA
S1_55075354,1,55075354,NA,NA,NA,NA
S1_55389872,1,55389872,NA,NA,NA,NA
S1_55451805,1,55451805,NA,NA,NA,NA
S1_55451821,1,55451821,NA,NA,NA,NA
S1_55454668,1,55454668,NA,NA,NA,NA
S1_55454688,1,55454688,NA,NA,NA,NA
S1_55500736,1,55500736,NA,NA,NA,NA
S1_55743737,1,55743737,NA,NA,NA,NA
S1_55743848,1,55743848,NA,NA,NA,NA
S1_56020812,1,56020812,NA,NA,NA,NA
S1_56159574,1,56159574,NA,NA,NA,NA
S1_56220874,1,56220874,NA,NA,NA,NA
S1_56220882,1,56220882,NA,NA,NA,NA
S1_5629273,1,5629273,NA,NA,NA,NA
S1_5642865,1,5642865,NA,NA,NA,NA
S1_5648051,1,5648051,NA,NA,NA,NA
S1_56558391,1,56558391,NA,NA,NA,NA
S1_56558455,1,56558455,NA,NA,NA,NA
S1_56558560,1,56558560,NA,NA,NA,NA
S1_56562221,1,56562221,NA,NA,NA,NA
S1_56929946,1,56929946,NA,NA,NA,NA
S1_5745185,1,5745185,NA,NA,NA,NA
S1_5745195,1,5745195,NA,NA,NA,NA
S1_5745514,1,5745514,NA,NA,NA,NA
S1_5745520,1,5745520,NA,NA,NA,NA
S1_5813149,1,5813149,NA,NA,NA,NA
S1_58473129,1,58473129,NA,NA,NA,NA
S1_58565241,1,58565241,NA,NA,NA,NA
S1_59462724,1,59462724,NA,NA,NA,NA
S1_59583959,1,59583959,NA,NA,NA,NA
S1_59598372,1,59598372,NA,NA,NA,NA
S1_59959361,1,59959361,NA,NA,NA,NA
S1_60098289,1,60098289,NA,NA,NA,NA
S1_60153766,1,60153766,NA,NA,NA,NA
S1_60153770,1,60153770,NA,NA,NA,NA
S1_60153890,1,60153890,NA,NA,NA,NA
S1_60153891,1,60153891,NA,NA,NA,NA
S1_60153899,1,60153899,NA,NA,NA,NA
S1_60755655,1,60755655,NA,NA,NA,NA
S1_60870429,1,60870429,NA,NA,NA,NA
S1_61257646,1,61257646,NA,NA,NA,NA
S1_6157471,1,6157471,NA,NA,NA,NA
S1_6193271,1,6193271,NA,NA,NA,NA
S1_6193272,1,6193272,NA,NA,NA,NA
S1_6193275,1,6193275,NA,NA,NA,NA
S1_6193277,1,6193277,NA,NA,NA,NA
S1_6193282,1,6193282,NA,NA,NA,NA
S1_61948970,1,61948970,NA,NA,NA,NA
S1_6234773,1,6234773,NA,NA,NA,NA
S1_6234790,1,6234790,NA,NA,NA,NA
S1_6234801,1,6234801,NA,NA,NA,NA
S1_6237451,1,6237451,NA,NA,NA,NA
S1_6237455,1,6237455,NA,NA,NA,NA
S1_62489897,1,62489897,NA,NA,NA,NA
S1_62713335,1,62713335,NA,NA,NA,NA
S1_63210948,1,63210948,NA,NA,NA,NA
S1_63353916,1,63353916,NA,NA,NA,NA
S1_63536645,1,63536645,NA,NA,NA,NA
S1_63536649,1,63536649,NA,NA,NA,NA
S1_63539282,1,63539282,NA,NA,NA,NA
S1_63611752,1,63611752,NA,NA,NA,NA
S1_64015708,1,64015708,NA,NA,NA,NA
S1_64015712,1,64015712,NA,NA,NA,NA
S1_64015715,1,64015715,NA,NA,NA,NA
S1_64015727,1,64015727,NA,NA,NA,NA
S1_6410809,1,6410809,NA,NA,NA,NA
S1_6410811,1,6410811,NA,NA,NA,NA
S1_6412373,1,6412373,NA,NA,NA,NA
S1_6412738,1,6412738,NA,NA,NA,NA
S1_6415348,1,6415348,NA,NA,NA,NA
S1_6431227,1,6431227,NA,NA,NA,NA
S1_64718245,1,64718245,NA,NA,NA,NA
S1_64889000,1,64889000,NA,NA,NA,NA
S1_6533500,1,6533500,NA,NA,NA,NA
S1_65481985,1,65481985,NA,NA,NA,NA
S1_65485062,1,65485062,NA,NA,NA,NA
S1_65489832,1,65489832,NA,NA,NA,NA
S1_6549984,1,6549984,NA,NA,NA,NA
S1_66013631,1,66013631,NA,NA,NA,NA
S1_66577852,1,66577852,NA,NA,NA,NA
S1_66975751,1,66975751,NA,NA,NA,NA
S1_67533887,1,67533887,NA,NA,NA,NA
S1_67647237,1,67647237,NA,NA,NA,NA
S1_67849808,1,67849808,NA,NA,NA,NA
S1_67849810,1,67849810,NA,NA,NA,NA
S1_67849813,1,67849813,NA,NA,NA,NA
S1_67985033,1,67985033,NA,NA,NA,NA
S1_67985034,1,67985034,NA,NA,NA,NA
S1_67985040,1,67985040,NA,NA,NA,NA
S1_68136110,1,68136110,NA,NA,NA,NA
S1_6851256,1,6851256,NA,NA,NA,NA
S1_6851707,1,6851707,NA,NA,NA,NA
S1_68752266,1,68752266,NA,NA,NA,NA
S1_68928575,1,68928575,NA,NA,NA,NA
S1_6923804,1,6923804,NA,NA,NA,NA
S1_69400988,1,69400988,NA,NA,NA,NA
S1_69882193,1,69882193,NA,NA,NA,NA
S1_69882484,1,69882484,NA,NA,NA,NA
S1_69882485,1,69882485,NA,NA,NA,NA
S1_69882487,1,69882487,NA,NA,NA,NA
S1_69882488,1,69882488,NA,NA,NA,NA
S1_69882490,1,69882490,NA,NA,NA,NA
S1_69882492,1,69882492,NA,NA,NA,NA
S1_69882493,1,69882493,NA,NA,NA,NA
S1_69882494,1,69882494,NA,NA,NA,NA
S1_69882501,1,69882501,NA,NA,NA,NA
S1_69882502,1,69882502,NA,NA,NA,NA
S1_69887775,1,69887775,NA,NA,NA,NA
S1_69889043,1,69889043,NA,NA,NA,NA
S1_69889545,1,69889545,NA,NA,NA,NA
S1_69889546,1,69889546,NA,NA,NA,NA
S1_70154683,1,70154683,NA,NA,NA,NA
S1_70154693,1,70154693,NA,NA,NA,NA
S1_70424775,1,70424775,NA,NA,NA,NA
S1_70424778,1,70424778,NA,NA,NA,NA
S1_70424781,1,70424781,NA,NA,NA,NA
S1_7077357,1,7077357,NA,NA,NA,NA
S1_7079762,1,7079762,NA,NA,NA,NA
S1_71024141,1,71024141,NA,NA,NA,NA
S1_71127215,1,71127215,NA,NA,NA,NA
S1_71128619,1,71128619,NA,NA,NA,NA
S1_71541023,1,71541023,NA,NA,NA,NA
S1_71541109,1,71541109,NA,NA,NA,NA
S1_72041220,1,72041220,NA,NA,NA,NA
S1_72041236,1,72041236,NA,NA,NA,NA
S1_72224093,1,72224093,NA,NA,NA,NA
S1_72224111,1,72224111,NA,NA,NA,NA
S1_72351982,1,72351982,NA,NA,NA,NA
S1_72352058,1,72352058,NA,NA,NA,NA
S1_72618444,1,72618444,NA,NA,NA,NA
S1_72842716,1,72842716,NA,NA,NA,NA
S1_72842717,1,72842717,NA,NA,NA,NA
S1_72842718,1,72842718,NA,NA,NA,NA
S1_72842722,1,72842722,NA,NA,NA,NA
S1_72842740,1,72842740,NA,NA,NA,NA
S1_73231703,1,73231703,NA,NA,NA,NA
S1_73231923,1,73231923,NA,NA,NA,NA
S1_73509175,1,73509175,NA,NA,NA,NA
S1_7355728,1,7355728,NA,NA,NA,NA
S1_7355735,1,7355735,NA,NA,NA,NA
S1_7355739,1,7355739,NA,NA,NA,NA
S1_7356406,1,7356406,NA,NA,NA,NA
S1_7358967,1,7358967,NA,NA,NA,NA
S1_7389991,1,7389991,NA,NA,NA,NA
S1_7390758,1,7390758,NA,NA,NA,NA
S1_73966851,1,73966851,NA,NA,NA,NA
S1_7397142,1,7397142,NA,NA,NA,NA
S1_7397625,1,7397625,NA,NA,NA,NA
S1_74783886,1,74783886,NA,NA,NA,NA
S1_75202736,1,75202736,NA,NA,NA,NA
S1_75203350,1,75203350,NA,NA,NA,NA
S1_75390468,1,75390468,NA,NA,NA,NA
S1_75390471,1,75390471,NA,NA,NA,NA
S1_75390472,1,75390472,NA,NA,NA,NA
S1_75390474,1,75390474,NA,NA,NA,NA
S1_75631383,1,75631383,NA,NA,NA,NA
S1_7569563,1,7569563,NA,NA,NA,NA
S1_75958912,1,75958912,NA,NA,NA,NA
S1_7714409,1,7714409,NA,NA,NA,NA
S1_77145234,1,77145234,NA,NA,NA,NA
S1_77145631,1,77145631,NA,NA,NA,NA
S1_77411469,1,77411469,NA,NA,NA,NA
S1_77487745,1,77487745,NA,NA,NA,NA
S1_77488333,1,77488333,NA,NA,NA,NA
S1_77532937,1,77532937,NA,NA,NA,NA
S1_77855214,1,77855214,NA,NA,NA,NA
S1_77967459,1,77967459,NA,NA,NA,NA
S1_77968847,1,77968847,NA,NA,NA,NA
S1_78081132,1,78081132,NA,NA,NA,NA
S1_79262096,1,79262096,NA,NA,NA,NA
S1_79262108,1,79262108,NA,NA,NA,NA
S1_79706676,1,79706676,NA,NA,NA,NA
S1_80320841,1,80320841,NA,NA,NA,NA
S1_8035082,1,8035082,NA,NA,NA,NA
S1_8038925,1,8038925,NA,NA,NA,NA
S1_80487344,1,80487344,NA,NA,NA,NA
S1_80620252,1,80620252,NA,NA,NA,NA
S1_80620256,1,80620256,NA,NA,NA,NA
S1_80620260,1,80620260,NA,NA,NA,NA
S1_80620261,1,80620261,NA,NA,NA,NA
S1_80620262,1,80620262,NA,NA,NA,NA
S1_80622576,1,80622576,NA,NA,NA,NA
S1_80661958,1,80661958,NA,NA,NA,NA
S1_80866439,1,80866439,NA,NA,NA,NA
S1_81549619,1,81549619,NA,NA,NA,NA
S1_81549661,1,81549661,NA,NA,NA,NA
S1_82026031,1,82026031,NA,NA,NA,NA
S1_82154843,1,82154843,NA,NA,NA,NA
S1_82154928,1,82154928,NA,NA,NA,NA
S1_82677925,1,82677925,NA,NA,NA,NA
S1_82677926,1,82677926,NA,NA,NA,NA
S1_82703078,1,82703078,NA,NA,NA,NA
S1_82797438,1,82797438,NA,NA,NA,NA
S1_82911646,1,82911646,NA,NA,NA,NA
S1_82911650,1,82911650,NA,NA,NA,NA
S1_83522537,1,83522537,NA,NA,NA,NA
S1_83523459,1,83523459,NA,NA,NA,NA
S1_84347525,1,84347525,NA,NA,NA,NA
S1_84415523,1,84415523,NA,NA,NA,NA
S1_84415564,1,84415564,NA,NA,NA,NA
S1_8450406,1,8450406,NA,NA,NA,NA
S1_8450409,1,8450409,NA,NA,NA,NA
S1_8451525,1,8451525,NA,NA,NA,NA
S1_8452035,1,8452035,NA,NA,NA,NA
S1_85018257,1,85018257,NA,NA,NA,NA
S1_85059471,1,85059471,NA,NA,NA,NA
S1_8559379,1,8559379,NA,NA,NA,NA
S1_85714895,1,85714895,NA,NA,NA,NA
S1_86168856,1,86168856,NA,NA,NA,NA
S1_8628119,1,8628119,NA,NA,NA,NA
S1_86359841,1,86359841,NA,NA,NA,NA
S1_86360636,1,86360636,NA,NA,NA,NA
S1_8656801,1,8656801,NA,NA,NA,NA
S1_8656813,1,8656813,NA,NA,NA,NA
S1_87766763,1,87766763,NA,NA,NA,NA
S1_87916167,1,87916167,NA,NA,NA,NA
S1_88000915,1,88000915,NA,NA,NA,NA
S1_88014249,1,88014249,NA,NA,NA,NA
S1_88014257,1,88014257,NA,NA,NA,NA
S1_88634355,1,88634355,NA,NA,NA,NA
S1_88634374,1,88634374,NA,NA,NA,NA
S1_88634382,1,88634382,NA,NA,NA,NA
S1_90106023,1,90106023,NA,NA,NA,NA
S1_90228478,1,90228478,NA,NA,NA,NA
S1_90228480,1,90228480,NA,NA,NA,NA
S1_90228481,1,90228481,NA,NA,NA,NA
S1_90228490,1,90228490,NA,NA,NA,NA
S1_90323541,1,90323541,NA,NA,NA,NA
S1_9052454,1,9052454,NA,NA,NA,NA
S1_9058500,1,9058500,NA,NA,NA,NA
S1_90952198,1,90952198,NA,NA,NA,NA
S1_91191969,1,91191969,NA,NA,NA,NA
S1_91191970,1,91191970,NA,NA,NA,NA
S1_9216202,1,9216202,NA,NA,NA,NA
S1_92239128,1,92239128,NA,NA,NA,NA
S1_9227364,1,9227364,NA,NA,NA,NA
S1_92348639,1,92348639,NA,NA,NA,NA
S1_92431543,1,92431543,NA,NA,NA,NA
S1_93073598,1,93073598,NA,NA,NA,NA
S1_93075419,1,93075419,NA,NA,NA,NA
S1_9310705,1,9310705,NA,NA,NA,NA
S1_9311849,1,9311849,NA,NA,NA,NA
S1_93907852,1,93907852,NA,NA,NA,NA
S1_9396379,1,9396379,NA,NA,NA,NA
S1_93970625,1,93970625,NA,NA,NA,NA
S1_93970700,1,93970700,NA,NA,NA,NA
S1_9437011,1,9437011,NA,NA,NA,NA
S1_95092757,1,95092757,NA,NA,NA,NA
S1_95111753,1,95111753,NA,NA,NA,NA
S1_95111756,1,95111756,NA,NA,NA,NA
S1_95112588,1,95112588,NA,NA,NA,NA
S1_96123451,1,96123451,NA,NA,NA,NA
S1_96123463,1,96123463,NA,NA,NA,NA
S1_96310077,1,96310077,NA,NA,NA,NA
S1_96310083,1,96310083,NA,NA,NA,NA
S1_96623505,1,96623505,NA,NA,NA,NA
S1_96683119,1,96683119,NA,NA,NA,NA
S1_98096827,1,98096827,NA,NA,NA,NA
S1_98098030,1,98098030,NA,NA,NA,NA
S1_9912353,1,9912353,NA,NA,NA,NA
S1_9956412,1,9956412,NA,NA,NA,NA
S1_9958083,1,9958083,NA,NA,NA,NA
S1_99990058,1,99990058,NA,NA,NA,NA
S10_100252542,10,100252542,NA,NA,NA,NA
S10_100487528,10,100487528,NA,NA,NA,NA
S10_10140495,10,10140495,NA,NA,NA,NA
S10_10140504,10,10140504,NA,NA,NA,NA
S10_10140513,10,10140513,NA,NA,NA,NA
S10_10140518,10,10140518,NA,NA,NA,NA
S10_101870306,10,101870306,NA,NA,NA,NA
S10_101870575,10,101870575,NA,NA,NA,NA
S10_10196681,10,10196681,NA,NA,NA,NA
S10_10245169,10,10245169,NA,NA,NA,NA
S10_10246564,10,10246564,NA,NA,NA,NA
S10_10279127,10,10279127,NA,NA,NA,NA
S10_10279214,10,10279214,NA,NA,NA,NA
S10_10279219,10,10279219,NA,NA,NA,NA
S10_10279231,10,10279231,NA,NA,NA,NA
S10_10279324,10,10279324,NA,NA,NA,NA
S10_10289694,10,10289694,NA,NA,NA,NA
S10_10289819,10,10289819,NA,NA,NA,NA
S10_10289823,10,10289823,NA,NA,NA,NA
S10_10446949,10,10446949,NA,NA,NA,NA
S10_10446958,10,10446958,NA,NA,NA,NA
S10_10446961,10,10446961,NA,NA,NA,NA
S10_10474822,10,10474822,NA,NA,NA,NA
S10_10620145,10,10620145,NA,NA,NA,NA
S10_10669616,10,10669616,NA,NA,NA,NA
S10_107759812,10,107759812,NA,NA,NA,NA
S10_108059527,10,108059527,NA,NA,NA,NA
S10_108059529,10,108059529,NA,NA,NA,NA
S10_108060679,10,108060679,NA,NA,NA,NA
S10_108117991,10,108117991,NA,NA,NA,NA
S10_108118062,10,108118062,NA,NA,NA,NA
S10_10826683,10,10826683,NA,NA,NA,NA
S10_108377355,10,108377355,NA,NA,NA,NA
S10_108377370,10,108377370,NA,NA,NA,NA
S10_108418253,10,108418253,NA,NA,NA,NA
S10_108418256,10,108418256,NA,NA,NA,NA
S10_1084811,10,1084811,NA,NA,NA,NA
S10_10882753,10,10882753,NA,NA,NA,NA
S10_109379308,10,109379308,NA,NA,NA,NA
S10_109583729,10,109583729,NA,NA,NA,NA
S10_109804036,10,109804036,NA,NA,NA,NA
S10_110297585,10,110297585,NA,NA,NA,NA
S10_110621865,10,110621865,NA,NA,NA,NA
S10_111290589,10,111290589,NA,NA,NA,NA
S10_113395539,10,113395539,NA,NA,NA,NA
S10_113710631,10,113710631,NA,NA,NA,NA
S10_113710633,10,113710633,NA,NA,NA,NA
S10_113710635,10,113710635,NA,NA,NA,NA
S10_113710639,10,113710639,NA,NA,NA,NA
S10_113832292,10,113832292,NA,NA,NA,NA
S10_113925206,10,113925206,NA,NA,NA,NA
S10_114771935,10,114771935,NA,NA,NA,NA
S10_114771959,10,114771959,NA,NA,NA,NA
S10_114811808,10,114811808,NA,NA,NA,NA
S10_114852693,10,114852693,NA,NA,NA,NA
S10_114853254,10,114853254,NA,NA,NA,NA
S10_1149724,10,1149724,NA,NA,NA,NA
S10_115146702,10,115146702,NA,NA,NA,NA
S10_115146711,10,115146711,NA,NA,NA,NA
S10_115518429,10,115518429,NA,NA,NA,NA
S10_115518456,10,115518456,NA,NA,NA,NA
S10_115518459,10,115518459,NA,NA,NA,NA
S10_115934578,10,115934578,NA,NA,NA,NA
S10_115934582,10,115934582,NA,NA,NA,NA
S10_116116928,10,116116928,NA,NA,NA,NA
S10_116117603,10,116117603,NA,NA,NA,NA
S10_117029105,10,117029105,NA,NA,NA,NA
S10_117475758,10,117475758,NA,NA,NA,NA
S10_11749076,10,11749076,NA,NA,NA,NA
S10_117559577,10,117559577,NA,NA,NA,NA
S10_117571226,10,117571226,NA,NA,NA,NA
S10_117573549,10,117573549,NA,NA,NA,NA
S10_117621765,10,117621765,NA,NA,NA,NA
S10_117921124,10,117921124,NA,NA,NA,NA
S10_118764229,10,118764229,NA,NA,NA,NA
S10_118806943,10,118806943,NA,NA,NA,NA
S10_118963302,10,118963302,NA,NA,NA,NA
S10_11903419,10,11903419,NA,NA,NA,NA
S10_120031183,10,120031183,NA,NA,NA,NA
S10_120120794,10,120120794,NA,NA,NA,NA
S10_120216612,10,120216612,NA,NA,NA,NA
S10_120216621,10,120216621,NA,NA,NA,NA
S10_120216632,10,120216632,NA,NA,NA,NA
S10_120216637,10,120216637,NA,NA,NA,NA
S10_120219854,10,120219854,NA,NA,NA,NA
S10_120535141,10,120535141,NA,NA,NA,NA
S10_120671551,10,120671551,NA,NA,NA,NA
S10_120753174,10,120753174,NA,NA,NA,NA
S10_120792355,10,120792355,NA,NA,NA,NA
S10_120793257,10,120793257,NA,NA,NA,NA
S10_120828147,10,120828147,NA,NA,NA,NA
S10_120828153,10,120828153,NA,NA,NA,NA
S10_121371930,10,121371930,NA,NA,NA,NA
S10_12166069,10,12166069,NA,NA,NA,NA
S10_121720603,10,121720603,NA,NA,NA,NA
S10_121720942,10,121720942,NA,NA,NA,NA
S10_121731552,10,121731552,NA,NA,NA,NA
S10_121750640,10,121750640,NA,NA,NA,NA
S10_121750641,10,121750641,NA,NA,NA,NA
S10_121751829,10,121751829,NA,NA,NA,NA
S10_121846495,10,121846495,NA,NA,NA,NA
S10_121846511,10,121846511,NA,NA,NA,NA
S10_121846516,10,121846516,NA,NA,NA,NA
S10_121850621,10,121850621,NA,NA,NA,NA
S10_121897651,10,121897651,NA,NA,NA,NA
S10_121897707,10,121897707,NA,NA,NA,NA
S10_122176496,10,122176496,NA,NA,NA,NA
S10_122176503,10,122176503,NA,NA,NA,NA
S10_122231856,10,122231856,NA,NA,NA,NA
S10_122271122,10,122271122,NA,NA,NA,NA
S10_123105856,10,123105856,NA,NA,NA,NA
S10_123105874,10,123105874,NA,NA,NA,NA
S10_123105877,10,123105877,NA,NA,NA,NA
S10_123845291,10,123845291,NA,NA,NA,NA
S10_12409971,10,12409971,NA,NA,NA,NA
S10_124330412,10,124330412,NA,NA,NA,NA
S10_124331749,10,124331749,NA,NA,NA,NA
S10_125125400,10,125125400,NA,NA,NA,NA
S10_125197622,10,125197622,NA,NA,NA,NA
S10_125197626,10,125197626,NA,NA,NA,NA
S10_125197627,10,125197627,NA,NA,NA,NA
S10_125197628,10,125197628,NA,NA,NA,NA
S10_125197631,10,125197631,NA,NA,NA,NA
S10_125214335,10,125214335,NA,NA,NA,NA
S10_125719956,10,125719956,NA,NA,NA,NA
S10_125848233,10,125848233,NA,NA,NA,NA
S10_126446784,10,126446784,NA,NA,NA,NA
S10_126531962,10,126531962,NA,NA,NA,NA
S10_126543976,10,126543976,NA,NA,NA,NA
S10_126543980,10,126543980,NA,NA,NA,NA
S10_126553593,10,126553593,NA,NA,NA,NA
S10_126553606,10,126553606,NA,NA,NA,NA
S10_126652665,10,126652665,NA,NA,NA,NA
S10_126894455,10,126894455,NA,NA,NA,NA
S10_127421709,10,127421709,NA,NA,NA,NA
S10_12752046,10,12752046,NA,NA,NA,NA
S10_127594696,10,127594696,NA,NA,NA,NA
S10_128301204,10,128301204,NA,NA,NA,NA
S10_128560116,10,128560116,NA,NA,NA,NA
S10_128750775,10,128750775,NA,NA,NA,NA
S10_128862952,10,128862952,NA,NA,NA,NA
S10_128940826,10,128940826,NA,NA,NA,NA
S10_128990119,10,128990119,NA,NA,NA,NA
S10_129205898,10,129205898,NA,NA,NA,NA
S10_129460466,10,129460466,NA,NA,NA,NA
S10_129460710,10,129460710,NA,NA,NA,NA
S10_129585974,10,129585974,NA,NA,NA,NA
S10_129586074,10,129586074,NA,NA,NA,NA
S10_129766568,10,129766568,NA,NA,NA,NA
S10_130229715,10,130229715,NA,NA,NA,NA
S10_130279000,10,130279000,NA,NA,NA,NA
S10_130722018,10,130722018,NA,NA,NA,NA
S10_130722369,10,130722369,NA,NA,NA,NA
S10_130822829,10,130822829,NA,NA,NA,NA
S10_130907871,10,130907871,NA,NA,NA,NA
S10_130964676,10,130964676,NA,NA,NA,NA
S10_130964688,10,130964688,NA,NA,NA,NA
S10_131105251,10,131105251,NA,NA,NA,NA
S10_131105252,10,131105252,NA,NA,NA,NA
S10_131743935,10,131743935,NA,NA,NA,NA
S10_131801884,10,131801884,NA,NA,NA,NA
S10_1318545,10,1318545,NA,NA,NA,NA
S10_132093986,10,132093986,NA,NA,NA,NA
S10_132093993,10,132093993,NA,NA,NA,NA
S10_132093995,10,132093995,NA,NA,NA,NA
S10_132093996,10,132093996,NA,NA,NA,NA
S10_132095690,10,132095690,NA,NA,NA,NA
S10_132239248,10,132239248,NA,NA,NA,NA
S10_132321894,10,132321894,NA,NA,NA,NA
S10_132321909,10,132321909,NA,NA,NA,NA
S10_132322424,10,132322424,NA,NA,NA,NA
S10_132322426,10,132322426,NA,NA,NA,NA
S10_132512619,10,132512619,NA,NA,NA,NA
S10_132543041,10,132543041,NA,NA,NA,NA
S10_132546058,10,132546058,NA,NA,NA,NA
S10_132560341,10,132560341,NA,NA,NA,NA
S10_132612500,10,132612500,NA,NA,NA,NA
S10_132612501,10,132612501,NA,NA,NA,NA
S10_132612503,10,132612503,NA,NA,NA,NA
S10_132612528,10,132612528,NA,NA,NA,NA
S10_132612531,10,132612531,NA,NA,NA,NA
S10_132613537,10,132613537,NA,NA,NA,NA
S10_132620845,10,132620845,NA,NA,NA,NA
S10_133111372,10,133111372,NA,NA,NA,NA
S10_133272617,10,133272617,NA,NA,NA,NA
S10_133272618,10,133272618,NA,NA,NA,NA
S10_133272626,10,133272626,NA,NA,NA,NA
S10_133272651,10,133272651,NA,NA,NA,NA
S10_133553094,10,133553094,NA,NA,NA,NA
S10_133703006,10,133703006,NA,NA,NA,NA
S10_133703014,10,133703014,NA,NA,NA,NA
S10_133738100,10,133738100,NA,NA,NA,NA
S10_133744136,10,133744136,NA,NA,NA,NA
S10_133744291,10,133744291,NA,NA,NA,NA
S10_134045086,10,134045086,NA,NA,NA,NA
S10_134601476,10,134601476,NA,NA,NA,NA
S10_13470761,10,13470761,NA,NA,NA,NA
S10_13471628,10,13471628,NA,NA,NA,NA
S10_13471634,10,13471634,NA,NA,NA,NA
S10_134830513,10,134830513,NA,NA,NA,NA
S10_134830805,10,134830805,NA,NA,NA,NA
S10_1348841,10,1348841,NA,NA,NA,NA
S10_1348867,10,1348867,NA,NA,NA,NA
S10_1349098,10,1349098,NA,NA,NA,NA
S10_135047903,10,135047903,NA,NA,NA,NA
S10_135056613,10,135056613,NA,NA,NA,NA
S10_135135342,10,135135342,NA,NA,NA,NA
S10_135161979,10,135161979,NA,NA,NA,NA
S10_135482826,10,135482826,NA,NA,NA,NA
S10_13552045,10,13552045,NA,NA,NA,NA
S10_13552052,10,13552052,NA,NA,NA,NA
S10_135678330,10,135678330,NA,NA,NA,NA
S10_135679316,10,135679316,NA,NA,NA,NA
S10_135684562,10,135684562,NA,NA,NA,NA
S10_135687056,10,135687056,NA,NA,NA,NA
S10_135801754,10,135801754,NA,NA,NA,NA
S10_135911656,10,135911656,NA,NA,NA,NA
S10_136007575,10,136007575,NA,NA,NA,NA
S10_136072513,10,136072513,NA,NA,NA,NA
S10_136246320,10,136246320,NA,NA,NA,NA
S10_136246329,10,136246329,NA,NA,NA,NA
S10_136296547,10,136296547,NA,NA,NA,NA
S10_136616008,10,136616008,NA,NA,NA,NA
S10_136616987,10,136616987,NA,NA,NA,NA
S10_136703943,10,136703943,NA,NA,NA,NA
S10_136703953,10,136703953,NA,NA,NA,NA
S10_136838086,10,136838086,NA,NA,NA,NA
S10_136879041,10,136879041,NA,NA,NA,NA
S10_137205381,10,137205381,NA,NA,NA,NA
S10_137282927,10,137282927,NA,NA,NA,NA
S10_137354245,10,137354245,NA,NA,NA,NA
S10_137354251,10,137354251,NA,NA,NA,NA
S10_137354255,10,137354255,NA,NA,NA,NA
S10_137487821,10,137487821,NA,NA,NA,NA
S10_137663263,10,137663263,NA,NA,NA,NA
S10_137673469,10,137673469,NA,NA,NA,NA
S10_137673470,10,137673470,NA,NA,NA,NA
S10_137673471,10,137673471,NA,NA,NA,NA
S10_137674465,10,137674465,NA,NA,NA,NA
S10_137674474,10,137674474,NA,NA,NA,NA
S10_13782858,10,13782858,NA,NA,NA,NA
S10_13782860,10,13782860,NA,NA,NA,NA
S10_138027274,10,138027274,NA,NA,NA,NA
S10_138192960,10,138192960,NA,NA,NA,NA
S10_138469998,10,138469998,NA,NA,NA,NA
S10_138596051,10,138596051,NA,NA,NA,NA
S10_139079289,10,139079289,NA,NA,NA,NA
S10_139079297,10,139079297,NA,NA,NA,NA
S10_139115619,10,139115619,NA,NA,NA,NA
S10_139193688,10,139193688,NA,NA,NA,NA
S10_139314750,10,139314750,NA,NA,NA,NA
S10_139321431,10,139321431,NA,NA,NA,NA
S10_139321460,10,139321460,NA,NA,NA,NA
S10_139380235,10,139380235,NA,NA,NA,NA
S10_139505671,10,139505671,NA,NA,NA,NA
S10_139977418,10,139977418,NA,NA,NA,NA
S10_139980258,10,139980258,NA,NA,NA,NA
S10_140049368,10,140049368,NA,NA,NA,NA
S10_140656373,10,140656373,NA,NA,NA,NA
S10_140851297,10,140851297,NA,NA,NA,NA
S10_140969346,10,140969346,NA,NA,NA,NA
S10_140969358,10,140969358,NA,NA,NA,NA
S10_140971438,10,140971438,NA,NA,NA,NA
S10_140977011,10,140977011,NA,NA,NA,NA
S10_141004780,10,141004780,NA,NA,NA,NA
S10_141008782,10,141008782,NA,NA,NA,NA
S10_141008792,10,141008792,NA,NA,NA,NA
S10_141020341,10,141020341,NA,NA,NA,NA
S10_141070659,10,141070659,NA,NA,NA,NA
S10_1412038,10,1412038,NA,NA,NA,NA
S10_141266264,10,141266264,NA,NA,NA,NA
S10_141507154,10,141507154,NA,NA,NA,NA
S10_141543656,10,141543656,NA,NA,NA,NA
S10_141543663,10,141543663,NA,NA,NA,NA
S10_141832954,10,141832954,NA,NA,NA,NA
S10_141962820,10,141962820,NA,NA,NA,NA
S10_141962821,10,141962821,NA,NA,NA,NA
S10_141962822,10,141962822,NA,NA,NA,NA
S10_1422899,10,1422899,NA,NA,NA,NA
S10_142361808,10,142361808,NA,NA,NA,NA
S10_142398193,10,142398193,NA,NA,NA,NA
S10_142398201,10,142398201,NA,NA,NA,NA
S10_142413155,10,142413155,NA,NA,NA,NA
S10_142413159,10,142413159,NA,NA,NA,NA
S10_142920246,10,142920246,NA,NA,NA,NA
S10_142920282,10,142920282,NA,NA,NA,NA
S10_142920292,10,142920292,NA,NA,NA,NA
S10_142921278,10,142921278,NA,NA,NA,NA
S10_142958460,10,142958460,NA,NA,NA,NA
S10_143243982,10,143243982,NA,NA,NA,NA
S10_143243983,10,143243983,NA,NA,NA,NA
S10_143244142,10,143244142,NA,NA,NA,NA
S10_143386974,10,143386974,NA,NA,NA,NA
S10_143394547,10,143394547,NA,NA,NA,NA
S10_143502566,10,143502566,NA,NA,NA,NA
S10_143739119,10,143739119,NA,NA,NA,NA
S10_143739972,10,143739972,NA,NA,NA,NA
S10_144144795,10,144144795,NA,NA,NA,NA
S10_144144830,10,144144830,NA,NA,NA,NA
S10_144306850,10,144306850,NA,NA,NA,NA
S10_144306851,10,144306851,NA,NA,NA,NA
S10_144306852,10,144306852,NA,NA,NA,NA
S10_144444127,10,144444127,NA,NA,NA,NA
S10_144453438,10,144453438,NA,NA,NA,NA
S10_144614933,10,144614933,NA,NA,NA,NA
S10_144619447,10,144619447,NA,NA,NA,NA
S10_144679461,10,144679461,NA,NA,NA,NA
S10_144685158,10,144685158,NA,NA,NA,NA
S10_144686585,10,144686585,NA,NA,NA,NA
S10_144686608,10,144686608,NA,NA,NA,NA
S10_144751781,10,144751781,NA,NA,NA,NA
S10_144934632,10,144934632,NA,NA,NA,NA
S10_144957927,10,144957927,NA,NA,NA,NA
S10_144986219,10,144986219,NA,NA,NA,NA
S10_145018370,10,145018370,NA,NA,NA,NA
S10_145175183,10,145175183,NA,NA,NA,NA
S10_145178784,10,145178784,NA,NA,NA,NA
S10_145178785,10,145178785,NA,NA,NA,NA
S10_145178797,10,145178797,NA,NA,NA,NA
S10_145203454,10,145203454,NA,NA,NA,NA
S10_145203455,10,145203455,NA,NA,NA,NA
S10_145280953,10,145280953,NA,NA,NA,NA
S10_145374654,10,145374654,NA,NA,NA,NA
S10_145374736,10,145374736,NA,NA,NA,NA
S10_145374737,10,145374737,NA,NA,NA,NA
S10_145374785,10,145374785,NA,NA,NA,NA
S10_145537510,10,145537510,NA,NA,NA,NA
S10_145895476,10,145895476,NA,NA,NA,NA
S10_145947912,10,145947912,NA,NA,NA,NA
S10_145949382,10,145949382,NA,NA,NA,NA
S10_145949573,10,145949573,NA,NA,NA,NA
S10_146165292,10,146165292,NA,NA,NA,NA
S10_146170754,10,146170754,NA,NA,NA,NA
S10_146335736,10,146335736,NA,NA,NA,NA
S10_146335745,10,146335745,NA,NA,NA,NA
S10_146335819,10,146335819,NA,NA,NA,NA
S10_146336043,10,146336043,NA,NA,NA,NA
S10_146336046,10,146336046,NA,NA,NA,NA
S10_146336170,10,146336170,NA,NA,NA,NA
S10_146336178,10,146336178,NA,NA,NA,NA
S10_146336187,10,146336187,NA,NA,NA,NA
S10_146336191,10,146336191,NA,NA,NA,NA
S10_146472208,10,146472208,NA,NA,NA,NA
S10_146472274,10,146472274,NA,NA,NA,NA
S10_146569597,10,146569597,NA,NA,NA,NA
S10_146569601,10,146569601,NA,NA,NA,NA
S10_146569697,10,146569697,NA,NA,NA,NA
S10_146569707,10,146569707,NA,NA,NA,NA
S10_146569709,10,146569709,NA,NA,NA,NA
S10_146593471,10,146593471,NA,NA,NA,NA
S10_146593483,10,146593483,NA,NA,NA,NA
S10_146643392,10,146643392,NA,NA,NA,NA
S10_146643398,10,146643398,NA,NA,NA,NA
S10_146643399,10,146643399,NA,NA,NA,NA
S10_146643400,10,146643400,NA,NA,NA,NA
S10_146679843,10,146679843,NA,NA,NA,NA
S10_146679844,10,146679844,NA,NA,NA,NA
S10_146679850,10,146679850,NA,NA,NA,NA
S10_146679860,10,146679860,NA,NA,NA,NA
S10_146993767,10,146993767,NA,NA,NA,NA
S10_147135314,10,147135314,NA,NA,NA,NA
S10_147141343,10,147141343,NA,NA,NA,NA
S10_147141367,10,147141367,NA,NA,NA,NA
S10_147142853,10,147142853,NA,NA,NA,NA
S10_147213639,10,147213639,NA,NA,NA,NA
S10_147238258,10,147238258,NA,NA,NA,NA
S10_14726589,10,14726589,NA,NA,NA,NA
S10_14726590,10,14726590,NA,NA,NA,NA
S10_147354293,10,147354293,NA,NA,NA,NA
S10_147354295,10,147354295,NA,NA,NA,NA
S10_147385989,10,147385989,NA,NA,NA,NA
S10_147385996,10,147385996,NA,NA,NA,NA
S10_147572087,10,147572087,NA,NA,NA,NA
S10_147706534,10,147706534,NA,NA,NA,NA
S10_147891716,10,147891716,NA,NA,NA,NA
S10_147891717,10,147891717,NA,NA,NA,NA
S10_147898770,10,147898770,NA,NA,NA,NA
S10_147899362,10,147899362,NA,NA,NA,NA
S10_147899365,10,147899365,NA,NA,NA,NA
S10_147899373,10,147899373,NA,NA,NA,NA
S10_147906797,10,147906797,NA,NA,NA,NA
S10_147906805,10,147906805,NA,NA,NA,NA
S10_147956247,10,147956247,NA,NA,NA,NA
S10_148109199,10,148109199,NA,NA,NA,NA
S10_148236848,10,148236848,NA,NA,NA,NA
S10_148293945,10,148293945,NA,NA,NA,NA
S10_148297650,10,148297650,NA,NA,NA,NA
S10_148329423,10,148329423,NA,NA,NA,NA
S10_148410175,10,148410175,NA,NA,NA,NA
S10_148426732,10,148426732,NA,NA,NA,NA
S10_148503303,10,148503303,NA,NA,NA,NA
S10_148513298,10,148513298,NA,NA,NA,NA
S10_148535413,10,148535413,NA,NA,NA,NA
S10_148535414,10,148535414,NA,NA,NA,NA
S10_148547542,10,148547542,NA,NA,NA,NA
S10_148583418,10,148583418,NA,NA,NA,NA
S10_148981055,10,148981055,NA,NA,NA,NA
S10_148991778,10,148991778,NA,NA,NA,NA
S10_149029526,10,149029526,NA,NA,NA,NA
S10_149092486,10,149092486,NA,NA,NA,NA
S10_149097821,10,149097821,NA,NA,NA,NA
S10_149303223,10,149303223,NA,NA,NA,NA
S10_149309490,10,149309490,NA,NA,NA,NA
S10_149309491,10,149309491,NA,NA,NA,NA
S10_149390708,10,149390708,NA,NA,NA,NA
S10_149596556,10,149596556,NA,NA,NA,NA
S10_149747679,10,149747679,NA,NA,NA,NA
S10_15719492,10,15719492,NA,NA,NA,NA
S10_16031230,10,16031230,NA,NA,NA,NA
S10_16213631,10,16213631,NA,NA,NA,NA
S10_1716185,10,1716185,NA,NA,NA,NA
S10_1731409,10,1731409,NA,NA,NA,NA
S10_18400205,10,18400205,NA,NA,NA,NA
S10_1883704,10,1883704,NA,NA,NA,NA
S10_1883752,10,1883752,NA,NA,NA,NA
S10_1883753,10,1883753,NA,NA,NA,NA
S10_1883756,10,1883756,NA,NA,NA,NA
S10_1888738,10,1888738,NA,NA,NA,NA
S10_1902609,10,1902609,NA,NA,NA,NA
S10_1902613,10,1902613,NA,NA,NA,NA
S10_19072449,10,19072449,NA,NA,NA,NA
S10_19124625,10,19124625,NA,NA,NA,NA
S10_1915706,10,1915706,NA,NA,NA,NA
S10_1981889,10,1981889,NA,NA,NA,NA
S10_1981897,10,1981897,NA,NA,NA,NA
S10_1981898,10,1981898,NA,NA,NA,NA
S10_2006024,10,2006024,NA,NA,NA,NA
S10_20409306,10,20409306,NA,NA,NA,NA
S10_21218028,10,21218028,NA,NA,NA,NA
S10_21218029,10,21218029,NA,NA,NA,NA
S10_21552223,10,21552223,NA,NA,NA,NA
S10_21722883,10,21722883,NA,NA,NA,NA
S10_22265434,10,22265434,NA,NA,NA,NA
S10_22265479,10,22265479,NA,NA,NA,NA
S10_2227003,10,2227003,NA,NA,NA,NA
S10_2228365,10,2228365,NA,NA,NA,NA
S10_22362474,10,22362474,NA,NA,NA,NA
S10_22362476,10,22362476,NA,NA,NA,NA
S10_22362477,10,22362477,NA,NA,NA,NA
S10_22870345,10,22870345,NA,NA,NA,NA
S10_22879354,10,22879354,NA,NA,NA,NA
S10_22879503,10,22879503,NA,NA,NA,NA
S10_22879526,10,22879526,NA,NA,NA,NA
S10_23071633,10,23071633,NA,NA,NA,NA
S10_23071643,10,23071643,NA,NA,NA,NA
S10_23071656,10,23071656,NA,NA,NA,NA
S10_23357521,10,23357521,NA,NA,NA,NA
S10_23357602,10,23357602,NA,NA,NA,NA
S10_23388443,10,23388443,NA,NA,NA,NA
S10_23394026,10,23394026,NA,NA,NA,NA
S10_23805682,10,23805682,NA,NA,NA,NA
S10_24448745,10,24448745,NA,NA,NA,NA
S10_2446517,10,2446517,NA,NA,NA,NA
S10_2446530,10,2446530,NA,NA,NA,NA
S10_24578257,10,24578257,NA,NA,NA,NA
S10_24651428,10,24651428,NA,NA,NA,NA
S10_24651494,10,24651494,NA,NA,NA,NA
S10_24651515,10,24651515,NA,NA,NA,NA
S10_25567558,10,25567558,NA,NA,NA,NA
S10_25568490,10,25568490,NA,NA,NA,NA
S10_25668515,10,25668515,NA,NA,NA,NA
S10_25668539,10,25668539,NA,NA,NA,NA
S10_26985112,10,26985112,NA,NA,NA,NA
S10_2778096,10,2778096,NA,NA,NA,NA
S10_27950335,10,27950335,NA,NA,NA,NA
S10_2837433,10,2837433,NA,NA,NA,NA
S10_2837443,10,2837443,NA,NA,NA,NA
S10_28390658,10,28390658,NA,NA,NA,NA
S10_28390668,10,28390668,NA,NA,NA,NA
S10_2839531,10,2839531,NA,NA,NA,NA
S10_28490144,10,28490144,NA,NA,NA,NA
S10_29309414,10,29309414,NA,NA,NA,NA
S10_30140815,10,30140815,NA,NA,NA,NA
S10_30140824,10,30140824,NA,NA,NA,NA
S10_30141317,10,30141317,NA,NA,NA,NA
S10_3017753,10,3017753,NA,NA,NA,NA
S10_3061814,10,3061814,NA,NA,NA,NA
S10_3189864,10,3189864,NA,NA,NA,NA
S10_3191110,10,3191110,NA,NA,NA,NA
S10_3192543,10,3192543,NA,NA,NA,NA
S10_3192554,10,3192554,NA,NA,NA,NA
S10_37320312,10,37320312,NA,NA,NA,NA
S10_39239669,10,39239669,NA,NA,NA,NA
S10_39683958,10,39683958,NA,NA,NA,NA
S10_4021943,10,4021943,NA,NA,NA,NA
S10_4024680,10,4024680,NA,NA,NA,NA
S10_4024687,10,4024687,NA,NA,NA,NA
S10_4024690,10,4024690,NA,NA,NA,NA
S10_4098790,10,4098790,NA,NA,NA,NA
S10_4098812,10,4098812,NA,NA,NA,NA
S10_4098813,10,4098813,NA,NA,NA,NA
S10_4098819,10,4098819,NA,NA,NA,NA
S10_4098820,10,4098820,NA,NA,NA,NA
S10_4099126,10,4099126,NA,NA,NA,NA
S10_4586049,10,4586049,NA,NA,NA,NA
S10_4611074,10,4611074,NA,NA,NA,NA
S10_4613026,10,4613026,NA,NA,NA,NA
S10_4664364,10,4664364,NA,NA,NA,NA
S10_4682038,10,4682038,NA,NA,NA,NA
S10_4690358,10,4690358,NA,NA,NA,NA
S10_4695862,10,4695862,NA,NA,NA,NA
S10_4749679,10,4749679,NA,NA,NA,NA
S10_4750031,10,4750031,NA,NA,NA,NA
S10_4750033,10,4750033,NA,NA,NA,NA
S10_4750046,10,4750046,NA,NA,NA,NA
S10_4750047,10,4750047,NA,NA,NA,NA
S10_4750054,10,4750054,NA,NA,NA,NA
S10_4871094,10,4871094,NA,NA,NA,NA
S10_4871095,10,4871095,NA,NA,NA,NA
S10_4871096,10,4871096,NA,NA,NA,NA
S10_4879619,10,4879619,NA,NA,NA,NA
S10_4879622,10,4879622,NA,NA,NA,NA
S10_4879626,10,4879626,NA,NA,NA,NA
S10_4912043,10,4912043,NA,NA,NA,NA
S10_49371717,10,49371717,NA,NA,NA,NA
S10_49982707,10,49982707,NA,NA,NA,NA
S10_52622411,10,52622411,NA,NA,NA,NA
S10_53978644,10,53978644,NA,NA,NA,NA
S10_5458621,10,5458621,NA,NA,NA,NA
S10_5531822,10,5531822,NA,NA,NA,NA
S10_5531825,10,5531825,NA,NA,NA,NA
S10_5531827,10,5531827,NA,NA,NA,NA
S10_5531828,10,5531828,NA,NA,NA,NA
S10_5531830,10,5531830,NA,NA,NA,NA
S10_5531832,10,5531832,NA,NA,NA,NA
S10_5531833,10,5531833,NA,NA,NA,NA
S10_5531952,10,5531952,NA,NA,NA,NA
S10_5531953,10,5531953,NA,NA,NA,NA
S10_5591325,10,5591325,NA,NA,NA,NA
S10_5591899,10,5591899,NA,NA,NA,NA
S10_5727807,10,5727807,NA,NA,NA,NA
S10_57542254,10,57542254,NA,NA,NA,NA
S10_5760256,10,5760256,NA,NA,NA,NA
S10_5760346,10,5760346,NA,NA,NA,NA
S10_5760356,10,5760356,NA,NA,NA,NA
S10_57997050,10,57997050,NA,NA,NA,NA
S10_57997051,10,57997051,NA,NA,NA,NA
S10_5875218,10,5875218,NA,NA,NA,NA
S10_5896644,10,5896644,NA,NA,NA,NA
S10_60021588,10,60021588,NA,NA,NA,NA
S10_60153757,10,60153757,NA,NA,NA,NA
S10_6066587,10,6066587,NA,NA,NA,NA
S10_60859599,10,60859599,NA,NA,NA,NA
S10_6135015,10,6135015,NA,NA,NA,NA
S10_61953281,10,61953281,NA,NA,NA,NA
S10_61953297,10,61953297,NA,NA,NA,NA
S10_61953306,10,61953306,NA,NA,NA,NA
S10_62157186,10,62157186,NA,NA,NA,NA
S10_62346483,10,62346483,NA,NA,NA,NA
S10_6402667,10,6402667,NA,NA,NA,NA
S10_64268812,10,64268812,NA,NA,NA,NA
S10_6453103,10,6453103,NA,NA,NA,NA
S10_6453667,10,6453667,NA,NA,NA,NA
S10_65200157,10,65200157,NA,NA,NA,NA
S10_65474635,10,65474635,NA,NA,NA,NA
S10_65474645,10,65474645,NA,NA,NA,NA
S10_68726153,10,68726153,NA,NA,NA,NA
S10_68726275,10,68726275,NA,NA,NA,NA
S10_68924717,10,68924717,NA,NA,NA,NA
S10_69742636,10,69742636,NA,NA,NA,NA
S10_69871314,10,69871314,NA,NA,NA,NA
S10_71465821,10,71465821,NA,NA,NA,NA
S10_71465829,10,71465829,NA,NA,NA,NA
S10_71672431,10,71672431,NA,NA,NA,NA
S10_72773239,10,72773239,NA,NA,NA,NA
S10_72808614,10,72808614,NA,NA,NA,NA
S10_72978494,10,72978494,NA,NA,NA,NA
S10_73748488,10,73748488,NA,NA,NA,NA
S10_73748490,10,73748490,NA,NA,NA,NA
S10_7440100,10,7440100,NA,NA,NA,NA
S10_7440107,10,7440107,NA,NA,NA,NA
S10_7440108,10,7440108,NA,NA,NA,NA
S10_74441375,10,74441375,NA,NA,NA,NA
S10_7470515,10,7470515,NA,NA,NA,NA
S10_74889014,10,74889014,NA,NA,NA,NA
S10_74889032,10,74889032,NA,NA,NA,NA
S10_7564162,10,7564162,NA,NA,NA,NA
S10_75809855,10,75809855,NA,NA,NA,NA
S10_7585182,10,7585182,NA,NA,NA,NA
S10_76406500,10,76406500,NA,NA,NA,NA
S10_76505924,10,76505924,NA,NA,NA,NA
S10_76505969,10,76505969,NA,NA,NA,NA
S10_76506118,10,76506118,NA,NA,NA,NA
S10_77180663,10,77180663,NA,NA,NA,NA
S10_77273839,10,77273839,NA,NA,NA,NA
S10_77446853,10,77446853,NA,NA,NA,NA
S10_77677457,10,77677457,NA,NA,NA,NA
S10_77677468,10,77677468,NA,NA,NA,NA
S10_77686546,10,77686546,NA,NA,NA,NA
S10_78132617,10,78132617,NA,NA,NA,NA
S10_78132729,10,78132729,NA,NA,NA,NA
S10_78132734,10,78132734,NA,NA,NA,NA
S10_78147429,10,78147429,NA,NA,NA,NA
S10_79271844,10,79271844,NA,NA,NA,NA
S10_79537566,10,79537566,NA,NA,NA,NA
S10_79784290,10,79784290,NA,NA,NA,NA
S10_79784291,10,79784291,NA,NA,NA,NA
S10_79784293,10,79784293,NA,NA,NA,NA
S10_79784294,10,79784294,NA,NA,NA,NA
S10_79784295,10,79784295,NA,NA,NA,NA
S10_79784296,10,79784296,NA,NA,NA,NA
S10_79784297,10,79784297,NA,NA,NA,NA
S10_79784298,10,79784298,NA,NA,NA,NA
S10_79784299,10,79784299,NA,NA,NA,NA
S10_79784300,10,79784300,NA,NA,NA,NA
S10_79784301,10,79784301,NA,NA,NA,NA
S10_80578588,10,80578588,NA,NA,NA,NA
S10_80578611,10,80578611,NA,NA,NA,NA
S10_81442802,10,81442802,NA,NA,NA,NA
S10_81442819,10,81442819,NA,NA,NA,NA
S10_81535748,10,81535748,NA,NA,NA,NA
S10_81823621,10,81823621,NA,NA,NA,NA
S10_81827888,10,81827888,NA,NA,NA,NA
S10_81957611,10,81957611,NA,NA,NA,NA
S10_82039232,10,82039232,NA,NA,NA,NA
S10_82039263,10,82039263,NA,NA,NA,NA
S10_82044900,10,82044900,NA,NA,NA,NA
S10_82104638,10,82104638,NA,NA,NA,NA
S10_8273843,10,8273843,NA,NA,NA,NA
S10_83312846,10,83312846,NA,NA,NA,NA
S10_83312862,10,83312862,NA,NA,NA,NA
S10_83641611,10,83641611,NA,NA,NA,NA
S10_84096966,10,84096966,NA,NA,NA,NA
S10_85320284,10,85320284,NA,NA,NA,NA
S10_85587882,10,85587882,NA,NA,NA,NA
S10_86429336,10,86429336,NA,NA,NA,NA
S10_87097040,10,87097040,NA,NA,NA,NA
S10_87097128,10,87097128,NA,NA,NA,NA
S10_87160796,10,87160796,NA,NA,NA,NA
S10_87160916,10,87160916,NA,NA,NA,NA
S10_87160917,10,87160917,NA,NA,NA,NA
S10_87160918,10,87160918,NA,NA,NA,NA
S10_87160919,10,87160919,NA,NA,NA,NA
S10_87160921,10,87160921,NA,NA,NA,NA
S10_87170610,10,87170610,NA,NA,NA,NA
S10_8723268,10,8723268,NA,NA,NA,NA
S10_8761226,10,8761226,NA,NA,NA,NA
S10_87690944,10,87690944,NA,NA,NA,NA
S10_87691804,10,87691804,NA,NA,NA,NA
S10_87730030,10,87730030,NA,NA,NA,NA
S10_87730031,10,87730031,NA,NA,NA,NA
S10_87730033,10,87730033,NA,NA,NA,NA
S10_87730037,10,87730037,NA,NA,NA,NA
S10_87730046,10,87730046,NA,NA,NA,NA
S10_8792384,10,8792384,NA,NA,NA,NA
S10_88396798,10,88396798,NA,NA,NA,NA
S10_88396846,10,88396846,NA,NA,NA,NA
S10_88396859,10,88396859,NA,NA,NA,NA
S10_88396878,10,88396878,NA,NA,NA,NA
S10_88396884,10,88396884,NA,NA,NA,NA
S10_8852631,10,8852631,NA,NA,NA,NA
S10_8852648,10,8852648,NA,NA,NA,NA
S10_8858295,10,8858295,NA,NA,NA,NA
S10_8858297,10,8858297,NA,NA,NA,NA
S10_8931408,10,8931408,NA,NA,NA,NA
S10_89420413,10,89420413,NA,NA,NA,NA
S10_90244944,10,90244944,NA,NA,NA,NA
S10_90480295,10,90480295,NA,NA,NA,NA
S10_90480296,10,90480296,NA,NA,NA,NA
S10_91134428,10,91134428,NA,NA,NA,NA
S10_91357814,10,91357814,NA,NA,NA,NA
S10_91480586,10,91480586,NA,NA,NA,NA
S10_91669757,10,91669757,NA,NA,NA,NA
S10_91956338,10,91956338,NA,NA,NA,NA
S10_91956355,10,91956355,NA,NA,NA,NA
S10_91956360,10,91956360,NA,NA,NA,NA
S10_91956540,10,91956540,NA,NA,NA,NA
S10_91959465,10,91959465,NA,NA,NA,NA
S10_92024008,10,92024008,NA,NA,NA,NA
S10_9213109,10,9213109,NA,NA,NA,NA
S10_9213139,10,9213139,NA,NA,NA,NA
S10_9213170,10,9213170,NA,NA,NA,NA
S10_9213173,10,9213173,NA,NA,NA,NA
S10_9213175,10,9213175,NA,NA,NA,NA
S10_9213178,10,9213178,NA,NA,NA,NA
S10_9213396,10,9213396,NA,NA,NA,NA
S10_9213413,10,9213413,NA,NA,NA,NA
S10_9214975,10,9214975,NA,NA,NA,NA
S10_92909293,10,92909293,NA,NA,NA,NA
S10_94002920,10,94002920,NA,NA,NA,NA
S10_9473307,10,9473307,NA,NA,NA,NA
S10_95123480,10,95123480,NA,NA,NA,NA
S10_95125409,10,95125409,NA,NA,NA,NA
S10_95232447,10,95232447,NA,NA,NA,NA
S10_9531896,10,9531896,NA,NA,NA,NA
S10_9532305,10,9532305,NA,NA,NA,NA
S10_9532310,10,9532310,NA,NA,NA,NA
S10_95617477,10,95617477,NA,NA,NA,NA
S10_95916767,10,95916767,NA,NA,NA,NA
S10_95916770,10,95916770,NA,NA,NA,NA
S10_95916777,10,95916777,NA,NA,NA,NA
S10_9593993,10,9593993,NA,NA,NA,NA
S10_96910251,10,96910251,NA,NA,NA,NA
S10_97735689,10,97735689,NA,NA,NA,NA
S10_98076564,10,98076564,NA,NA,NA,NA
S10_98364296,10,98364296,NA,NA,NA,NA
S10_98364886,10,98364886,NA,NA,NA,NA
S10_99473233,10,99473233,NA,NA,NA,NA
S10_99473239,10,99473239,NA,NA,NA,NA
S10_99523986,10,99523986,NA,NA,NA,NA
S10_99524913,10,99524913,NA,NA,NA,NA
S10_99603835,10,99603835,NA,NA,NA,NA
S10_99603840,10,99603840,NA,NA,NA,NA
S2_10014309,2,10014309,NA,NA,NA,NA
S2_10014310,2,10014310,NA,NA,NA,NA
S2_10014314,2,10014314,NA,NA,NA,NA
S2_101268764,2,101268764,NA,NA,NA,NA
S2_101270715,2,101270715,NA,NA,NA,NA
S2_10208,2,10208,NA,NA,NA,NA
S2_102631496,2,102631496,NA,NA,NA,NA
S2_10387085,2,10387085,NA,NA,NA,NA
S2_103964844,2,103964844,NA,NA,NA,NA
S2_103964864,2,103964864,NA,NA,NA,NA
S2_104177294,2,104177294,NA,NA,NA,NA
S2_104180328,2,104180328,NA,NA,NA,NA
S2_104180339,2,104180339,NA,NA,NA,NA
S2_10471997,2,10471997,NA,NA,NA,NA
S2_10471998,2,10471998,NA,NA,NA,NA
S2_10495334,2,10495334,NA,NA,NA,NA
S2_10496224,2,10496224,NA,NA,NA,NA
S2_10497756,2,10497756,NA,NA,NA,NA
S2_10497832,2,10497832,NA,NA,NA,NA
S2_10513114,2,10513114,NA,NA,NA,NA
S2_10513117,2,10513117,NA,NA,NA,NA
S2_10535114,2,10535114,NA,NA,NA,NA
S2_10535134,2,10535134,NA,NA,NA,NA
S2_10561181,2,10561181,NA,NA,NA,NA
S2_10568476,2,10568476,NA,NA,NA,NA
S2_105760136,2,105760136,NA,NA,NA,NA
S2_105760231,2,105760231,NA,NA,NA,NA
S2_105760248,2,105760248,NA,NA,NA,NA
S2_10596791,2,10596791,NA,NA,NA,NA
S2_10596799,2,10596799,NA,NA,NA,NA
S2_10596837,2,10596837,NA,NA,NA,NA
S2_10624843,2,10624843,NA,NA,NA,NA
S2_10624855,2,10624855,NA,NA,NA,NA
S2_10628204,2,10628204,NA,NA,NA,NA
S2_10653271,2,10653271,NA,NA,NA,NA
S2_10653286,2,10653286,NA,NA,NA,NA
S2_107286539,2,107286539,NA,NA,NA,NA
S2_107768508,2,107768508,NA,NA,NA,NA
S2_10785590,2,10785590,NA,NA,NA,NA
S2_10786504,2,10786504,NA,NA,NA,NA
S2_10786515,2,10786515,NA,NA,NA,NA
S2_108733481,2,108733481,NA,NA,NA,NA
S2_108932799,2,108932799,NA,NA,NA,NA
S2_108932800,2,108932800,NA,NA,NA,NA
S2_109001211,2,109001211,NA,NA,NA,NA
S2_109001376,2,109001376,NA,NA,NA,NA
S2_109001874,2,109001874,NA,NA,NA,NA
S2_109104614,2,109104614,NA,NA,NA,NA
S2_109107089,2,109107089,NA,NA,NA,NA
S2_109491077,2,109491077,NA,NA,NA,NA
S2_109576007,2,109576007,NA,NA,NA,NA
S2_109577992,2,109577992,NA,NA,NA,NA
S2_109578017,2,109578017,NA,NA,NA,NA
S2_109877449,2,109877449,NA,NA,NA,NA
S2_109877450,2,109877450,NA,NA,NA,NA
S2_110406828,2,110406828,NA,NA,NA,NA
S2_11052930,2,11052930,NA,NA,NA,NA
S2_11060399,2,11060399,NA,NA,NA,NA
S2_111713993,2,111713993,NA,NA,NA,NA
S2_111974640,2,111974640,NA,NA,NA,NA
S2_111975402,2,111975402,NA,NA,NA,NA
S2_113811457,2,113811457,NA,NA,NA,NA
S2_113903363,2,113903363,NA,NA,NA,NA
S2_114890256,2,114890256,NA,NA,NA,NA
S2_114890258,2,114890258,NA,NA,NA,NA
S2_115403799,2,115403799,NA,NA,NA,NA
S2_11559558,2,11559558,NA,NA,NA,NA
S2_115749539,2,115749539,NA,NA,NA,NA
S2_116681893,2,116681893,NA,NA,NA,NA
S2_11679918,2,11679918,NA,NA,NA,NA
S2_11679933,2,11679933,NA,NA,NA,NA
S2_11754450,2,11754450,NA,NA,NA,NA
S2_117872614,2,117872614,NA,NA,NA,NA
S2_118080316,2,118080316,NA,NA,NA,NA
S2_11829987,2,11829987,NA,NA,NA,NA
S2_118511470,2,118511470,NA,NA,NA,NA
S2_118535909,2,118535909,NA,NA,NA,NA
S2_12016517,2,12016517,NA,NA,NA,NA
S2_12018512,2,12018512,NA,NA,NA,NA
S2_120234285,2,120234285,NA,NA,NA,NA
S2_1209992,2,1209992,NA,NA,NA,NA
S2_12113644,2,12113644,NA,NA,NA,NA
S2_121486697,2,121486697,NA,NA,NA,NA
S2_121583906,2,121583906,NA,NA,NA,NA
S2_12252551,2,12252551,NA,NA,NA,NA
S2_12254383,2,12254383,NA,NA,NA,NA
S2_12255007,2,12255007,NA,NA,NA,NA
S2_122919075,2,122919075,NA,NA,NA,NA
S2_12352416,2,12352416,NA,NA,NA,NA
S2_12352432,2,12352432,NA,NA,NA,NA
S2_12352671,2,12352671,NA,NA,NA,NA
S2_12352676,2,12352676,NA,NA,NA,NA
S2_125265782,2,125265782,NA,NA,NA,NA
S2_125265786,2,125265786,NA,NA,NA,NA
S2_1264973,2,1264973,NA,NA,NA,NA
S2_1270245,2,1270245,NA,NA,NA,NA
S2_1270972,2,1270972,NA,NA,NA,NA
S2_127825840,2,127825840,NA,NA,NA,NA
S2_127826164,2,127826164,NA,NA,NA,NA
S2_12802603,2,12802603,NA,NA,NA,NA
S2_128378644,2,128378644,NA,NA,NA,NA
S2_1289375,2,1289375,NA,NA,NA,NA
S2_12898842,2,12898842,NA,NA,NA,NA
S2_12921363,2,12921363,NA,NA,NA,NA
S2_13001842,2,13001842,NA,NA,NA,NA
S2_130739901,2,130739901,NA,NA,NA,NA
S2_131427024,2,131427024,NA,NA,NA,NA
S2_13299970,2,13299970,NA,NA,NA,NA
S2_13405403,2,13405403,NA,NA,NA,NA
S2_134310480,2,134310480,NA,NA,NA,NA
S2_1353401,2,1353401,NA,NA,NA,NA
S2_13542862,2,13542862,NA,NA,NA,NA
S2_13590587,2,13590587,NA,NA,NA,NA
S2_13590598,2,13590598,NA,NA,NA,NA
S2_13594219,2,13594219,NA,NA,NA,NA
S2_135957923,2,135957923,NA,NA,NA,NA
S2_136349245,2,136349245,NA,NA,NA,NA
S2_136562900,2,136562900,NA,NA,NA,NA
S2_136562920,2,136562920,NA,NA,NA,NA
S2_136562923,2,136562923,NA,NA,NA,NA
S2_136562926,2,136562926,NA,NA,NA,NA
S2_136563467,2,136563467,NA,NA,NA,NA
S2_136563475,2,136563475,NA,NA,NA,NA
S2_136563481,2,136563481,NA,NA,NA,NA
S2_13778206,2,13778206,NA,NA,NA,NA
S2_13864430,2,13864430,NA,NA,NA,NA
S2_139434236,2,139434236,NA,NA,NA,NA
S2_139644492,2,139644492,NA,NA,NA,NA
S2_139644504,2,139644504,NA,NA,NA,NA
S2_13990360,2,13990360,NA,NA,NA,NA
S2_141162605,2,141162605,NA,NA,NA,NA
S2_141535274,2,141535274,NA,NA,NA,NA
S2_141596472,2,141596472,NA,NA,NA,NA
S2_142019337,2,142019337,NA,NA,NA,NA
S2_14228677,2,14228677,NA,NA,NA,NA
S2_14267094,2,14267094,NA,NA,NA,NA
S2_143181330,2,143181330,NA,NA,NA,NA
S2_143259003,2,143259003,NA,NA,NA,NA
S2_143272971,2,143272971,NA,NA,NA,NA
S2_143272972,2,143272972,NA,NA,NA,NA
S2_14336616,2,14336616,NA,NA,NA,NA
S2_14336623,2,14336623,NA,NA,NA,NA
S2_143383363,2,143383363,NA,NA,NA,NA
S2_143391207,2,143391207,NA,NA,NA,NA
S2_143781164,2,143781164,NA,NA,NA,NA
S2_144071069,2,144071069,NA,NA,NA,NA
S2_144479765,2,144479765,NA,NA,NA,NA
S2_144636634,2,144636634,NA,NA,NA,NA
S2_144720120,2,144720120,NA,NA,NA,NA
S2_144720121,2,144720121,NA,NA,NA,NA
S2_144802006,2,144802006,NA,NA,NA,NA
S2_144934451,2,144934451,NA,NA,NA,NA
S2_14545454,2,14545454,NA,NA,NA,NA
S2_146052162,2,146052162,NA,NA,NA,NA
S2_146052163,2,146052163,NA,NA,NA,NA
S2_14611231,2,14611231,NA,NA,NA,NA
S2_14611239,2,14611239,NA,NA,NA,NA
S2_14611259,2,14611259,NA,NA,NA,NA
S2_14611282,2,14611282,NA,NA,NA,NA
S2_14611283,2,14611283,NA,NA,NA,NA
S2_14799253,2,14799253,NA,NA,NA,NA
S2_14799254,2,14799254,NA,NA,NA,NA
S2_14799256,2,14799256,NA,NA,NA,NA
S2_14799258,2,14799258,NA,NA,NA,NA
S2_148112079,2,148112079,NA,NA,NA,NA
S2_148232124,2,148232124,NA,NA,NA,NA
S2_148722903,2,148722903,NA,NA,NA,NA
S2_148878565,2,148878565,NA,NA,NA,NA
S2_148879650,2,148879650,NA,NA,NA,NA
S2_148913316,2,148913316,NA,NA,NA,NA
S2_148913324,2,148913324,NA,NA,NA,NA
S2_150015558,2,150015558,NA,NA,NA,NA
S2_150440250,2,150440250,NA,NA,NA,NA
S2_150803072,2,150803072,NA,NA,NA,NA
S2_15141036,2,15141036,NA,NA,NA,NA
S2_151735385,2,151735385,NA,NA,NA,NA
S2_15281298,2,15281298,NA,NA,NA,NA
S2_15281305,2,15281305,NA,NA,NA,NA
S2_15340166,2,15340166,NA,NA,NA,NA
S2_153927788,2,153927788,NA,NA,NA,NA
S2_1543157,2,1543157,NA,NA,NA,NA
S2_1543161,2,1543161,NA,NA,NA,NA
S2_15475173,2,15475173,NA,NA,NA,NA
S2_15475251,2,15475251,NA,NA,NA,NA
S2_156399686,2,156399686,NA,NA,NA,NA
S2_156399689,2,156399689,NA,NA,NA,NA
S2_156400982,2,156400982,NA,NA,NA,NA
S2_157235324,2,157235324,NA,NA,NA,NA
S2_157237045,2,157237045,NA,NA,NA,NA
S2_157237047,2,157237047,NA,NA,NA,NA
S2_157755797,2,157755797,NA,NA,NA,NA
S2_157755842,2,157755842,NA,NA,NA,NA
S2_158387081,2,158387081,NA,NA,NA,NA
S2_158407543,2,158407543,NA,NA,NA,NA
S2_158407556,2,158407556,NA,NA,NA,NA
S2_158507869,2,158507869,NA,NA,NA,NA
S2_15889486,2,15889486,NA,NA,NA,NA
S2_15909091,2,15909091,NA,NA,NA,NA
S2_15994974,2,15994974,NA,NA,NA,NA
S2_15997214,2,15997214,NA,NA,NA,NA
S2_15997215,2,15997215,NA,NA,NA,NA
S2_15997292,2,15997292,NA,NA,NA,NA
S2_15997989,2,15997989,NA,NA,NA,NA
S2_15997990,2,15997990,NA,NA,NA,NA
S2_15997991,2,15997991,NA,NA,NA,NA
S2_15997992,2,15997992,NA,NA,NA,NA
S2_15997994,2,15997994,NA,NA,NA,NA
S2_15998000,2,15998000,NA,NA,NA,NA
S2_15998003,2,15998003,NA,NA,NA,NA
S2_15998006,2,15998006,NA,NA,NA,NA
S2_160797684,2,160797684,NA,NA,NA,NA
S2_160962979,2,160962979,NA,NA,NA,NA
S2_161961719,2,161961719,NA,NA,NA,NA
S2_1633514,2,1633514,NA,NA,NA,NA
S2_1633527,2,1633527,NA,NA,NA,NA
S2_1634162,2,1634162,NA,NA,NA,NA
S2_163677796,2,163677796,NA,NA,NA,NA
S2_163678380,2,163678380,NA,NA,NA,NA
S2_163825099,2,163825099,NA,NA,NA,NA
S2_16401955,2,16401955,NA,NA,NA,NA
S2_16401956,2,16401956,NA,NA,NA,NA
S2_164859116,2,164859116,NA,NA,NA,NA
S2_164859697,2,164859697,NA,NA,NA,NA
S2_164859702,2,164859702,NA,NA,NA,NA
S2_164881985,2,164881985,NA,NA,NA,NA
S2_164889910,2,164889910,NA,NA,NA,NA
S2_164889912,2,164889912,NA,NA,NA,NA
S2_164893785,2,164893785,NA,NA,NA,NA
S2_164941852,2,164941852,NA,NA,NA,NA
S2_1653293,2,1653293,NA,NA,NA,NA
S2_1653990,2,1653990,NA,NA,NA,NA
S2_1654581,2,1654581,NA,NA,NA,NA
S2_1654595,2,1654595,NA,NA,NA,NA
S2_165680803,2,165680803,NA,NA,NA,NA
S2_166343045,2,166343045,NA,NA,NA,NA
S2_166347025,2,166347025,NA,NA,NA,NA
S2_16658282,2,16658282,NA,NA,NA,NA
S2_16682307,2,16682307,NA,NA,NA,NA
S2_167362547,2,167362547,NA,NA,NA,NA
S2_167847753,2,167847753,NA,NA,NA,NA
S2_168006396,2,168006396,NA,NA,NA,NA
S2_168293381,2,168293381,NA,NA,NA,NA
S2_168293383,2,168293383,NA,NA,NA,NA
S2_16870869,2,16870869,NA,NA,NA,NA
S2_16870873,2,16870873,NA,NA,NA,NA
S2_168923809,2,168923809,NA,NA,NA,NA
S2_168923817,2,168923817,NA,NA,NA,NA
S2_168923821,2,168923821,NA,NA,NA,NA
S2_168982921,2,168982921,NA,NA,NA,NA
S2_169147156,2,169147156,NA,NA,NA,NA
S2_169147175,2,169147175,NA,NA,NA,NA
S2_169147177,2,169147177,NA,NA,NA,NA
S2_169147179,2,169147179,NA,NA,NA,NA
S2_169147181,2,169147181,NA,NA,NA,NA
S2_169147186,2,169147186,NA,NA,NA,NA
S2_16939806,2,16939806,NA,NA,NA,NA
S2_169541569,2,169541569,NA,NA,NA,NA
S2_169733543,2,169733543,NA,NA,NA,NA
S2_17095446,2,17095446,NA,NA,NA,NA
S2_17095447,2,17095447,NA,NA,NA,NA
S2_172148382,2,172148382,NA,NA,NA,NA
S2_172849073,2,172849073,NA,NA,NA,NA
S2_173461072,2,173461072,NA,NA,NA,NA
S2_173640933,2,173640933,NA,NA,NA,NA
S2_173640961,2,173640961,NA,NA,NA,NA
S2_173793260,2,173793260,NA,NA,NA,NA
S2_173832934,2,173832934,NA,NA,NA,NA
S2_174298145,2,174298145,NA,NA,NA,NA
S2_174680475,2,174680475,NA,NA,NA,NA
S2_174681647,2,174681647,NA,NA,NA,NA
S2_174681656,2,174681656,NA,NA,NA,NA
S2_174681895,2,174681895,NA,NA,NA,NA
S2_174681896,2,174681896,NA,NA,NA,NA
S2_17479298,2,17479298,NA,NA,NA,NA
S2_175086214,2,175086214,NA,NA,NA,NA
S2_175628920,2,175628920,NA,NA,NA,NA
S2_175629441,2,175629441,NA,NA,NA,NA
S2_175629450,2,175629450,NA,NA,NA,NA
S2_176001119,2,176001119,NA,NA,NA,NA
S2_176001166,2,176001166,NA,NA,NA,NA
S2_176001171,2,176001171,NA,NA,NA,NA
S2_17610464,2,17610464,NA,NA,NA,NA
S2_17610465,2,17610465,NA,NA,NA,NA
S2_176554498,2,176554498,NA,NA,NA,NA
S2_176554502,2,176554502,NA,NA,NA,NA
S2_176610155,2,176610155,NA,NA,NA,NA
S2_176614222,2,176614222,NA,NA,NA,NA
S2_176614249,2,176614249,NA,NA,NA,NA
S2_17689281,2,17689281,NA,NA,NA,NA
S2_177009354,2,177009354,NA,NA,NA,NA
S2_177009709,2,177009709,NA,NA,NA,NA
S2_177115417,2,177115417,NA,NA,NA,NA
S2_177115418,2,177115418,NA,NA,NA,NA
S2_177190770,2,177190770,NA,NA,NA,NA
S2_177241014,2,177241014,NA,NA,NA,NA
S2_177241030,2,177241030,NA,NA,NA,NA
S2_177273837,2,177273837,NA,NA,NA,NA
S2_1775426,2,1775426,NA,NA,NA,NA
S2_177647058,2,177647058,NA,NA,NA,NA
S2_177750395,2,177750395,NA,NA,NA,NA
S2_177763756,2,177763756,NA,NA,NA,NA
S2_17789965,2,17789965,NA,NA,NA,NA
S2_17792034,2,17792034,NA,NA,NA,NA
S2_17792044,2,17792044,NA,NA,NA,NA
S2_178095777,2,178095777,NA,NA,NA,NA
S2_178096547,2,178096547,NA,NA,NA,NA
S2_178096549,2,178096549,NA,NA,NA,NA
S2_178185944,2,178185944,NA,NA,NA,NA
S2_178362753,2,178362753,NA,NA,NA,NA
S2_178362855,2,178362855,NA,NA,NA,NA
S2_178382747,2,178382747,NA,NA,NA,NA
S2_17863650,2,17863650,NA,NA,NA,NA
S2_178665686,2,178665686,NA,NA,NA,NA
S2_17867869,2,17867869,NA,NA,NA,NA
S2_17871189,2,17871189,NA,NA,NA,NA
S2_17871205,2,17871205,NA,NA,NA,NA
S2_178812146,2,178812146,NA,NA,NA,NA
S2_179393409,2,179393409,NA,NA,NA,NA
S2_179393584,2,179393584,NA,NA,NA,NA
S2_179393601,2,179393601,NA,NA,NA,NA
S2_179437924,2,179437924,NA,NA,NA,NA
S2_179439762,2,179439762,NA,NA,NA,NA
S2_179458256,2,179458256,NA,NA,NA,NA
S2_179458550,2,179458550,NA,NA,NA,NA
S2_179655224,2,179655224,NA,NA,NA,NA
S2_179986970,2,179986970,NA,NA,NA,NA
S2_180155694,2,180155694,NA,NA,NA,NA
S2_180155696,2,180155696,NA,NA,NA,NA
S2_180155699,2,180155699,NA,NA,NA,NA
S2_180155700,2,180155700,NA,NA,NA,NA
S2_180155706,2,180155706,NA,NA,NA,NA
S2_180165768,2,180165768,NA,NA,NA,NA
S2_180166155,2,180166155,NA,NA,NA,NA
S2_180662020,2,180662020,NA,NA,NA,NA
S2_180662024,2,180662024,NA,NA,NA,NA
S2_181126774,2,181126774,NA,NA,NA,NA
S2_181424849,2,181424849,NA,NA,NA,NA
S2_181424853,2,181424853,NA,NA,NA,NA
S2_181731304,2,181731304,NA,NA,NA,NA
S2_18205673,2,18205673,NA,NA,NA,NA
S2_18205692,2,18205692,NA,NA,NA,NA
S2_182610314,2,182610314,NA,NA,NA,NA
S2_182857406,2,182857406,NA,NA,NA,NA
S2_183402881,2,183402881,NA,NA,NA,NA
S2_183619126,2,183619126,NA,NA,NA,NA
S2_183853622,2,183853622,NA,NA,NA,NA
S2_183854641,2,183854641,NA,NA,NA,NA
S2_183854643,2,183854643,NA,NA,NA,NA
S2_183934089,2,183934089,NA,NA,NA,NA
S2_183934090,2,183934090,NA,NA,NA,NA
S2_184391762,2,184391762,NA,NA,NA,NA
S2_184392141,2,184392141,NA,NA,NA,NA
S2_184401653,2,184401653,NA,NA,NA,NA
S2_184456911,2,184456911,NA,NA,NA,NA
S2_184456933,2,184456933,NA,NA,NA,NA
S2_184512896,2,184512896,NA,NA,NA,NA
S2_184537790,2,184537790,NA,NA,NA,NA
S2_184889991,2,184889991,NA,NA,NA,NA
S2_184890177,2,184890177,NA,NA,NA,NA
S2_184967773,2,184967773,NA,NA,NA,NA
S2_184967781,2,184967781,NA,NA,NA,NA
S2_184967792,2,184967792,NA,NA,NA,NA
S2_185378123,2,185378123,NA,NA,NA,NA
S2_185439763,2,185439763,NA,NA,NA,NA
S2_185831713,2,185831713,NA,NA,NA,NA
S2_185831715,2,185831715,NA,NA,NA,NA
S2_185831723,2,185831723,NA,NA,NA,NA
S2_185832972,2,185832972,NA,NA,NA,NA
S2_185833014,2,185833014,NA,NA,NA,NA
S2_186186423,2,186186423,NA,NA,NA,NA
S2_18626409,2,18626409,NA,NA,NA,NA
S2_186438994,2,186438994,NA,NA,NA,NA
S2_186438997,2,186438997,NA,NA,NA,NA
S2_186533856,2,186533856,NA,NA,NA,NA
S2_186642391,2,186642391,NA,NA,NA,NA
S2_186642562,2,186642562,NA,NA,NA,NA
S2_186642663,2,186642663,NA,NA,NA,NA
S2_18705397,2,18705397,NA,NA,NA,NA
S2_187368131,2,187368131,NA,NA,NA,NA
S2_187368182,2,187368182,NA,NA,NA,NA
S2_187442908,2,187442908,NA,NA,NA,NA
S2_187623337,2,187623337,NA,NA,NA,NA
S2_187623398,2,187623398,NA,NA,NA,NA
S2_187623437,2,187623437,NA,NA,NA,NA
S2_18767158,2,18767158,NA,NA,NA,NA
S2_187687793,2,187687793,NA,NA,NA,NA
S2_187785972,2,187785972,NA,NA,NA,NA
S2_187816879,2,187816879,NA,NA,NA,NA
S2_187816907,2,187816907,NA,NA,NA,NA
S2_187816909,2,187816909,NA,NA,NA,NA
S2_188057692,2,188057692,NA,NA,NA,NA
S2_188403709,2,188403709,NA,NA,NA,NA
S2_188405867,2,188405867,NA,NA,NA,NA
S2_188405870,2,188405870,NA,NA,NA,NA
S2_188534051,2,188534051,NA,NA,NA,NA
S2_188792146,2,188792146,NA,NA,NA,NA
S2_189087743,2,189087743,NA,NA,NA,NA
S2_189134970,2,189134970,NA,NA,NA,NA
S2_189190496,2,189190496,NA,NA,NA,NA
S2_189204898,2,189204898,NA,NA,NA,NA
S2_189205364,2,189205364,NA,NA,NA,NA
S2_189275572,2,189275572,NA,NA,NA,NA
S2_189277524,2,189277524,NA,NA,NA,NA
S2_189571781,2,189571781,NA,NA,NA,NA
S2_189580762,2,189580762,NA,NA,NA,NA
S2_189580763,2,189580763,NA,NA,NA,NA
S2_189722445,2,189722445,NA,NA,NA,NA
S2_189826412,2,189826412,NA,NA,NA,NA
S2_189826425,2,189826425,NA,NA,NA,NA
S2_189826426,2,189826426,NA,NA,NA,NA
S2_189826432,2,189826432,NA,NA,NA,NA
S2_189826433,2,189826433,NA,NA,NA,NA
S2_190158460,2,190158460,NA,NA,NA,NA
S2_190415615,2,190415615,NA,NA,NA,NA
S2_190847958,2,190847958,NA,NA,NA,NA
S2_190863438,2,190863438,NA,NA,NA,NA
S2_190939254,2,190939254,NA,NA,NA,NA
S2_191152299,2,191152299,NA,NA,NA,NA
S2_19148153,2,19148153,NA,NA,NA,NA
S2_19148178,2,19148178,NA,NA,NA,NA
S2_191663838,2,191663838,NA,NA,NA,NA
S2_191663841,2,191663841,NA,NA,NA,NA
S2_191781186,2,191781186,NA,NA,NA,NA
S2_191781189,2,191781189,NA,NA,NA,NA
S2_19195362,2,19195362,NA,NA,NA,NA
S2_19195379,2,19195379,NA,NA,NA,NA
S2_19195841,2,19195841,NA,NA,NA,NA
S2_19195847,2,19195847,NA,NA,NA,NA
S2_1923707,2,1923707,NA,NA,NA,NA
S2_1923726,2,1923726,NA,NA,NA,NA
S2_1923732,2,1923732,NA,NA,NA,NA
S2_192401817,2,192401817,NA,NA,NA,NA
S2_192700670,2,192700670,NA,NA,NA,NA
S2_192700757,2,192700757,NA,NA,NA,NA
S2_192746957,2,192746957,NA,NA,NA,NA
S2_192752819,2,192752819,NA,NA,NA,NA
S2_19324715,2,19324715,NA,NA,NA,NA
S2_193315791,2,193315791,NA,NA,NA,NA
S2_193735680,2,193735680,NA,NA,NA,NA
S2_194036452,2,194036452,NA,NA,NA,NA
S2_194036464,2,194036464,NA,NA,NA,NA
S2_194114044,2,194114044,NA,NA,NA,NA
S2_194114052,2,194114052,NA,NA,NA,NA
S2_194158101,2,194158101,NA,NA,NA,NA
S2_194158110,2,194158110,NA,NA,NA,NA
S2_194158173,2,194158173,NA,NA,NA,NA
S2_194158195,2,194158195,NA,NA,NA,NA
S2_194158798,2,194158798,NA,NA,NA,NA
S2_194164921,2,194164921,NA,NA,NA,NA
S2_194358399,2,194358399,NA,NA,NA,NA
S2_194487462,2,194487462,NA,NA,NA,NA
S2_19456900,2,19456900,NA,NA,NA,NA
S2_19457651,2,19457651,NA,NA,NA,NA
S2_194905139,2,194905139,NA,NA,NA,NA
S2_195037419,2,195037419,NA,NA,NA,NA
S2_195046885,2,195046885,NA,NA,NA,NA
S2_195525968,2,195525968,NA,NA,NA,NA
S2_195525986,2,195525986,NA,NA,NA,NA
S2_195527502,2,195527502,NA,NA,NA,NA
S2_195541166,2,195541166,NA,NA,NA,NA
S2_195541172,2,195541172,NA,NA,NA,NA
S2_195541174,2,195541174,NA,NA,NA,NA
S2_195541185,2,195541185,NA,NA,NA,NA
S2_195541186,2,195541186,NA,NA,NA,NA
S2_195659917,2,195659917,NA,NA,NA,NA
S2_195659920,2,195659920,NA,NA,NA,NA
S2_195664796,2,195664796,NA,NA,NA,NA
S2_195759967,2,195759967,NA,NA,NA,NA
S2_195909489,2,195909489,NA,NA,NA,NA
S2_195919409,2,195919409,NA,NA,NA,NA
S2_1959304,2,1959304,NA,NA,NA,NA
S2_1960698,2,1960698,NA,NA,NA,NA
S2_196294370,2,196294370,NA,NA,NA,NA
S2_196302932,2,196302932,NA,NA,NA,NA
S2_196411310,2,196411310,NA,NA,NA,NA
S2_196411770,2,196411770,NA,NA,NA,NA
S2_196520990,2,196520990,NA,NA,NA,NA
S2_196520991,2,196520991,NA,NA,NA,NA
S2_196534422,2,196534422,NA,NA,NA,NA
S2_196534429,2,196534429,NA,NA,NA,NA
S2_196739979,2,196739979,NA,NA,NA,NA
S2_196872594,2,196872594,NA,NA,NA,NA
S2_197009986,2,197009986,NA,NA,NA,NA
S2_197381871,2,197381871,NA,NA,NA,NA
S2_1974361,2,1974361,NA,NA,NA,NA
S2_1974401,2,1974401,NA,NA,NA,NA
S2_1974406,2,1974406,NA,NA,NA,NA
S2_1974407,2,1974407,NA,NA,NA,NA
S2_1974410,2,1974410,NA,NA,NA,NA
S2_197524532,2,197524532,NA,NA,NA,NA
S2_197524533,2,197524533,NA,NA,NA,NA
S2_197582536,2,197582536,NA,NA,NA,NA
S2_197596857,2,197596857,NA,NA,NA,NA
S2_197685048,2,197685048,NA,NA,NA,NA
S2_198030122,2,198030122,NA,NA,NA,NA
S2_198153863,2,198153863,NA,NA,NA,NA
S2_198153864,2,198153864,NA,NA,NA,NA
S2_198153990,2,198153990,NA,NA,NA,NA
S2_198318818,2,198318818,NA,NA,NA,NA
S2_198318820,2,198318820,NA,NA,NA,NA
S2_198394527,2,198394527,NA,NA,NA,NA
S2_198723577,2,198723577,NA,NA,NA,NA
S2_198723586,2,198723586,NA,NA,NA,NA
S2_198800323,2,198800323,NA,NA,NA,NA
S2_198904297,2,198904297,NA,NA,NA,NA
S2_19910591,2,19910591,NA,NA,NA,NA
S2_199165264,2,199165264,NA,NA,NA,NA
S2_199211456,2,199211456,NA,NA,NA,NA
S2_199691098,2,199691098,NA,NA,NA,NA
S2_200891790,2,200891790,NA,NA,NA,NA
S2_20096277,2,20096277,NA,NA,NA,NA
S2_20110704,2,20110704,NA,NA,NA,NA
S2_20123025,2,20123025,NA,NA,NA,NA
S2_201407678,2,201407678,NA,NA,NA,NA
S2_201895889,2,201895889,NA,NA,NA,NA
S2_201897536,2,201897536,NA,NA,NA,NA
S2_20196157,2,20196157,NA,NA,NA,NA
S2_202130588,2,202130588,NA,NA,NA,NA
S2_202157753,2,202157753,NA,NA,NA,NA
S2_202418396,2,202418396,NA,NA,NA,NA
S2_202418793,2,202418793,NA,NA,NA,NA
S2_202641726,2,202641726,NA,NA,NA,NA
S2_202641751,2,202641751,NA,NA,NA,NA
S2_202741752,2,202741752,NA,NA,NA,NA
S2_203141920,2,203141920,NA,NA,NA,NA
S2_203260233,2,203260233,NA,NA,NA,NA
S2_203260237,2,203260237,NA,NA,NA,NA
S2_203260247,2,203260247,NA,NA,NA,NA
S2_203263344,2,203263344,NA,NA,NA,NA
S2_203263370,2,203263370,NA,NA,NA,NA
S2_203267704,2,203267704,NA,NA,NA,NA
S2_203522039,2,203522039,NA,NA,NA,NA
S2_203615210,2,203615210,NA,NA,NA,NA
S2_203615215,2,203615215,NA,NA,NA,NA
S2_203616593,2,203616593,NA,NA,NA,NA
S2_203624081,2,203624081,NA,NA,NA,NA
S2_203624099,2,203624099,NA,NA,NA,NA
S2_203936541,2,203936541,NA,NA,NA,NA
S2_203936544,2,203936544,NA,NA,NA,NA
S2_203948748,2,203948748,NA,NA,NA,NA
S2_204080310,2,204080310,NA,NA,NA,NA
S2_204080497,2,204080497,NA,NA,NA,NA
S2_204082469,2,204082469,NA,NA,NA,NA
S2_20414250,2,20414250,NA,NA,NA,NA
S2_204172685,2,204172685,NA,NA,NA,NA
S2_204172717,2,204172717,NA,NA,NA,NA
S2_204327025,2,204327025,NA,NA,NA,NA
S2_204341899,2,204341899,NA,NA,NA,NA
S2_204467855,2,204467855,NA,NA,NA,NA
S2_204559609,2,204559609,NA,NA,NA,NA
S2_204661422,2,204661422,NA,NA,NA,NA
S2_204661433,2,204661433,NA,NA,NA,NA
S2_204661439,2,204661439,NA,NA,NA,NA
S2_204661461,2,204661461,NA,NA,NA,NA
S2_204769961,2,204769961,NA,NA,NA,NA
S2_204769965,2,204769965,NA,NA,NA,NA
S2_204882463,2,204882463,NA,NA,NA,NA
S2_204925491,2,204925491,NA,NA,NA,NA
S2_20541477,2,20541477,NA,NA,NA,NA
S2_20563770,2,20563770,NA,NA,NA,NA
S2_20563771,2,20563771,NA,NA,NA,NA
S2_205638707,2,205638707,NA,NA,NA,NA
S2_205642007,2,205642007,NA,NA,NA,NA
S2_205944318,2,205944318,NA,NA,NA,NA
S2_2060157,2,2060157,NA,NA,NA,NA
S2_206081014,2,206081014,NA,NA,NA,NA
S2_206081027,2,206081027,NA,NA,NA,NA
S2_206127853,2,206127853,NA,NA,NA,NA
S2_206365515,2,206365515,NA,NA,NA,NA
S2_206578674,2,206578674,NA,NA,NA,NA
S2_206578677,2,206578677,NA,NA,NA,NA
S2_206578678,2,206578678,NA,NA,NA,NA
S2_206578680,2,206578680,NA,NA,NA,NA
S2_206578681,2,206578681,NA,NA,NA,NA
S2_206578682,2,206578682,NA,NA,NA,NA
S2_206701371,2,206701371,NA,NA,NA,NA
S2_206891810,2,206891810,NA,NA,NA,NA
S2_207040113,2,207040113,NA,NA,NA,NA
S2_207041195,2,207041195,NA,NA,NA,NA
S2_207150971,2,207150971,NA,NA,NA,NA
S2_207379862,2,207379862,NA,NA,NA,NA
S2_207385702,2,207385702,NA,NA,NA,NA
S2_207829380,2,207829380,NA,NA,NA,NA
S2_207829382,2,207829382,NA,NA,NA,NA
S2_207829385,2,207829385,NA,NA,NA,NA
S2_207829386,2,207829386,NA,NA,NA,NA
S2_207829387,2,207829387,NA,NA,NA,NA
S2_207829390,2,207829390,NA,NA,NA,NA
S2_207829391,2,207829391,NA,NA,NA,NA
S2_207829392,2,207829392,NA,NA,NA,NA
S2_207829393,2,207829393,NA,NA,NA,NA
S2_207839503,2,207839503,NA,NA,NA,NA
S2_207839504,2,207839504,NA,NA,NA,NA
S2_207839509,2,207839509,NA,NA,NA,NA
S2_208081387,2,208081387,NA,NA,NA,NA
S2_208132382,2,208132382,NA,NA,NA,NA
S2_208539052,2,208539052,NA,NA,NA,NA
S2_20859669,2,20859669,NA,NA,NA,NA
S2_208943533,2,208943533,NA,NA,NA,NA
S2_208975209,2,208975209,NA,NA,NA,NA
S2_209019395,2,209019395,NA,NA,NA,NA
S2_209125310,2,209125310,NA,NA,NA,NA
S2_209262869,2,209262869,NA,NA,NA,NA
S2_209506613,2,209506613,NA,NA,NA,NA
S2_209508273,2,209508273,NA,NA,NA,NA
S2_209543256,2,209543256,NA,NA,NA,NA
S2_20959401,2,20959401,NA,NA,NA,NA
S2_20959564,2,20959564,NA,NA,NA,NA
S2_20959679,2,20959679,NA,NA,NA,NA
S2_209997591,2,209997591,NA,NA,NA,NA
S2_209997592,2,209997592,NA,NA,NA,NA
S2_210034952,2,210034952,NA,NA,NA,NA
S2_210060099,2,210060099,NA,NA,NA,NA
S2_21008424,2,21008424,NA,NA,NA,NA
S2_21012491,2,21012491,NA,NA,NA,NA
S2_210383225,2,210383225,NA,NA,NA,NA
S2_210393851,2,210393851,NA,NA,NA,NA
S2_210393862,2,210393862,NA,NA,NA,NA
S2_210393863,2,210393863,NA,NA,NA,NA
S2_210393865,2,210393865,NA,NA,NA,NA
S2_210395466,2,210395466,NA,NA,NA,NA
S2_210395476,2,210395476,NA,NA,NA,NA
S2_210472978,2,210472978,NA,NA,NA,NA
S2_210662143,2,210662143,NA,NA,NA,NA
S2_210963610,2,210963610,NA,NA,NA,NA
S2_211211001,2,211211001,NA,NA,NA,NA
S2_211483882,2,211483882,NA,NA,NA,NA
S2_211722420,2,211722420,NA,NA,NA,NA
S2_211741765,2,211741765,NA,NA,NA,NA
S2_211741766,2,211741766,NA,NA,NA,NA
S2_212529437,2,212529437,NA,NA,NA,NA
S2_212529439,2,212529439,NA,NA,NA,NA
S2_212550760,2,212550760,NA,NA,NA,NA
S2_212551965,2,212551965,NA,NA,NA,NA
S2_212800043,2,212800043,NA,NA,NA,NA
S2_2128116,2,2128116,NA,NA,NA,NA
S2_2128118,2,2128118,NA,NA,NA,NA
S2_212814085,2,212814085,NA,NA,NA,NA
S2_212824138,2,212824138,NA,NA,NA,NA
S2_213160826,2,213160826,NA,NA,NA,NA
S2_213160837,2,213160837,NA,NA,NA,NA
S2_213580639,2,213580639,NA,NA,NA,NA
S2_213580992,2,213580992,NA,NA,NA,NA
S2_213660276,2,213660276,NA,NA,NA,NA
S2_213660277,2,213660277,NA,NA,NA,NA
S2_213660279,2,213660279,NA,NA,NA,NA
S2_213770883,2,213770883,NA,NA,NA,NA
S2_213805583,2,213805583,NA,NA,NA,NA
S2_213805585,2,213805585,NA,NA,NA,NA
S2_213805587,2,213805587,NA,NA,NA,NA
S2_213805589,2,213805589,NA,NA,NA,NA
S2_213805590,2,213805590,NA,NA,NA,NA
S2_213805592,2,213805592,NA,NA,NA,NA
S2_213805593,2,213805593,NA,NA,NA,NA
S2_213805594,2,213805594,NA,NA,NA,NA
S2_213805595,2,213805595,NA,NA,NA,NA
S2_213815732,2,213815732,NA,NA,NA,NA
S2_213815733,2,213815733,NA,NA,NA,NA
S2_213848629,2,213848629,NA,NA,NA,NA
S2_213848721,2,213848721,NA,NA,NA,NA
S2_214063852,2,214063852,NA,NA,NA,NA
S2_214064747,2,214064747,NA,NA,NA,NA
S2_214064750,2,214064750,NA,NA,NA,NA
S2_214078185,2,214078185,NA,NA,NA,NA
S2_214078981,2,214078981,NA,NA,NA,NA
S2_214078999,2,214078999,NA,NA,NA,NA
S2_214206835,2,214206835,NA,NA,NA,NA
S2_214208403,2,214208403,NA,NA,NA,NA
S2_214298797,2,214298797,NA,NA,NA,NA
S2_214298811,2,214298811,NA,NA,NA,NA
S2_214504187,2,214504187,NA,NA,NA,NA
S2_214504188,2,214504188,NA,NA,NA,NA
S2_214504191,2,214504191,NA,NA,NA,NA
S2_214613203,2,214613203,NA,NA,NA,NA
S2_214614103,2,214614103,NA,NA,NA,NA
S2_214923254,2,214923254,NA,NA,NA,NA
S2_214956826,2,214956826,NA,NA,NA,NA
S2_214956838,2,214956838,NA,NA,NA,NA
S2_215015043,2,215015043,NA,NA,NA,NA
S2_215016025,2,215016025,NA,NA,NA,NA
S2_215016042,2,215016042,NA,NA,NA,NA
S2_215016054,2,215016054,NA,NA,NA,NA
S2_215022453,2,215022453,NA,NA,NA,NA
S2_215025245,2,215025245,NA,NA,NA,NA
S2_215521857,2,215521857,NA,NA,NA,NA
S2_215649465,2,215649465,NA,NA,NA,NA
S2_216041231,2,216041231,NA,NA,NA,NA
S2_216190955,2,216190955,NA,NA,NA,NA
S2_216190956,2,216190956,NA,NA,NA,NA
S2_216614472,2,216614472,NA,NA,NA,NA
S2_216614502,2,216614502,NA,NA,NA,NA
S2_216614508,2,216614508,NA,NA,NA,NA
S2_216756666,2,216756666,NA,NA,NA,NA
S2_216756682,2,216756682,NA,NA,NA,NA
S2_216757842,2,216757842,NA,NA,NA,NA
S2_216822406,2,216822406,NA,NA,NA,NA
S2_216847282,2,216847282,NA,NA,NA,NA
S2_217011577,2,217011577,NA,NA,NA,NA
S2_217011743,2,217011743,NA,NA,NA,NA
S2_217350494,2,217350494,NA,NA,NA,NA
S2_217458990,2,217458990,NA,NA,NA,NA
S2_217459006,2,217459006,NA,NA,NA,NA
S2_217852305,2,217852305,NA,NA,NA,NA
S2_21790965,2,21790965,NA,NA,NA,NA
S2_21792404,2,21792404,NA,NA,NA,NA
S2_21873041,2,21873041,NA,NA,NA,NA
S2_21873573,2,21873573,NA,NA,NA,NA
S2_219124465,2,219124465,NA,NA,NA,NA
S2_219227895,2,219227895,NA,NA,NA,NA
S2_219330022,2,219330022,NA,NA,NA,NA
S2_219330657,2,219330657,NA,NA,NA,NA
S2_219481190,2,219481190,NA,NA,NA,NA
S2_219731394,2,219731394,NA,NA,NA,NA
S2_220142931,2,220142931,NA,NA,NA,NA
S2_22039934,2,22039934,NA,NA,NA,NA
S2_220469049,2,220469049,NA,NA,NA,NA
S2_220469082,2,220469082,NA,NA,NA,NA
S2_220591472,2,220591472,NA,NA,NA,NA
S2_220593513,2,220593513,NA,NA,NA,NA
S2_220624146,2,220624146,NA,NA,NA,NA
S2_220625600,2,220625600,NA,NA,NA,NA
S2_22069501,2,22069501,NA,NA,NA,NA
S2_221650551,2,221650551,NA,NA,NA,NA
S2_222090400,2,222090400,NA,NA,NA,NA
S2_222219964,2,222219964,NA,NA,NA,NA
S2_2223247,2,2223247,NA,NA,NA,NA
S2_222415817,2,222415817,NA,NA,NA,NA
S2_222435110,2,222435110,NA,NA,NA,NA
S2_222440125,2,222440125,NA,NA,NA,NA
S2_222648018,2,222648018,NA,NA,NA,NA
S2_222675545,2,222675545,NA,NA,NA,NA
S2_222708152,2,222708152,NA,NA,NA,NA
S2_222731261,2,222731261,NA,NA,NA,NA
S2_222807861,2,222807861,NA,NA,NA,NA
S2_222962735,2,222962735,NA,NA,NA,NA
S2_223169610,2,223169610,NA,NA,NA,NA
S2_223290198,2,223290198,NA,NA,NA,NA
S2_223644884,2,223644884,NA,NA,NA,NA
S2_223706969,2,223706969,NA,NA,NA,NA
S2_223856535,2,223856535,NA,NA,NA,NA
S2_224106361,2,224106361,NA,NA,NA,NA
S2_224174372,2,224174372,NA,NA,NA,NA
S2_224982741,2,224982741,NA,NA,NA,NA
S2_224982923,2,224982923,NA,NA,NA,NA
S2_224982998,2,224982998,NA,NA,NA,NA
S2_224983012,2,224983012,NA,NA,NA,NA
S2_224983013,2,224983013,NA,NA,NA,NA
S2_225529185,2,225529185,NA,NA,NA,NA
S2_225681448,2,225681448,NA,NA,NA,NA
S2_22569837,2,22569837,NA,NA,NA,NA
S2_22576998,2,22576998,NA,NA,NA,NA
S2_226326159,2,226326159,NA,NA,NA,NA
S2_226393054,2,226393054,NA,NA,NA,NA
S2_22756457,2,22756457,NA,NA,NA,NA
S2_228804626,2,228804626,NA,NA,NA,NA
S2_228859139,2,228859139,NA,NA,NA,NA
S2_228859189,2,228859189,NA,NA,NA,NA
S2_228859195,2,228859195,NA,NA,NA,NA
S2_229119983,2,229119983,NA,NA,NA,NA
S2_229287344,2,229287344,NA,NA,NA,NA
S2_229287355,2,229287355,NA,NA,NA,NA
S2_229298313,2,229298313,NA,NA,NA,NA
S2_229413913,2,229413913,NA,NA,NA,NA
S2_229413914,2,229413914,NA,NA,NA,NA
S2_229413926,2,229413926,NA,NA,NA,NA
S2_229413927,2,229413927,NA,NA,NA,NA
S2_229419762,2,229419762,NA,NA,NA,NA
S2_229420176,2,229420176,NA,NA,NA,NA
S2_22947846,2,22947846,NA,NA,NA,NA
S2_22947851,2,22947851,NA,NA,NA,NA
S2_22947856,2,22947856,NA,NA,NA,NA
S2_22947956,2,22947956,NA,NA,NA,NA
S2_22949143,2,22949143,NA,NA,NA,NA
S2_22949147,2,22949147,NA,NA,NA,NA
S2_22949148,2,22949148,NA,NA,NA,NA
S2_22949149,2,22949149,NA,NA,NA,NA
S2_22949150,2,22949150,NA,NA,NA,NA
S2_22949151,2,22949151,NA,NA,NA,NA
S2_22949152,2,22949152,NA,NA,NA,NA
S2_22949153,2,22949153,NA,NA,NA,NA
S2_22967966,2,22967966,NA,NA,NA,NA
S2_22967971,2,22967971,NA,NA,NA,NA
S2_230292309,2,230292309,NA,NA,NA,NA
S2_230388277,2,230388277,NA,NA,NA,NA
S2_230941327,2,230941327,NA,NA,NA,NA
S2_230941422,2,230941422,NA,NA,NA,NA
S2_230941425,2,230941425,NA,NA,NA,NA
S2_230943913,2,230943913,NA,NA,NA,NA
S2_23117672,2,23117672,NA,NA,NA,NA
S2_23117742,2,23117742,NA,NA,NA,NA
S2_23117834,2,23117834,NA,NA,NA,NA
S2_231692241,2,231692241,NA,NA,NA,NA
S2_23189152,2,23189152,NA,NA,NA,NA
S2_23189163,2,23189163,NA,NA,NA,NA
S2_231987074,2,231987074,NA,NA,NA,NA
S2_232361871,2,232361871,NA,NA,NA,NA
S2_232585005,2,232585005,NA,NA,NA,NA
S2_232597886,2,232597886,NA,NA,NA,NA
S2_233111154,2,233111154,NA,NA,NA,NA
S2_23319137,2,23319137,NA,NA,NA,NA
S2_233400745,2,233400745,NA,NA,NA,NA
S2_233400749,2,233400749,NA,NA,NA,NA
S2_233401434,2,233401434,NA,NA,NA,NA
S2_233597733,2,233597733,NA,NA,NA,NA
S2_233632808,2,233632808,NA,NA,NA,NA
S2_233632990,2,233632990,NA,NA,NA,NA
S2_233740279,2,233740279,NA,NA,NA,NA
S2_233740280,2,233740280,NA,NA,NA,NA
S2_233746661,2,233746661,NA,NA,NA,NA
S2_233746681,2,233746681,NA,NA,NA,NA
S2_233907131,2,233907131,NA,NA,NA,NA
S2_233913911,2,233913911,NA,NA,NA,NA
S2_234031248,2,234031248,NA,NA,NA,NA
S2_234111517,2,234111517,NA,NA,NA,NA
S2_234112720,2,234112720,NA,NA,NA,NA
S2_234192004,2,234192004,NA,NA,NA,NA
S2_234192005,2,234192005,NA,NA,NA,NA
S2_234192010,2,234192010,NA,NA,NA,NA
S2_234192012,2,234192012,NA,NA,NA,NA
S2_234264933,2,234264933,NA,NA,NA,NA
S2_234264945,2,234264945,NA,NA,NA,NA
S2_234410567,2,234410567,NA,NA,NA,NA
S2_234412210,2,234412210,NA,NA,NA,NA
S2_234435794,2,234435794,NA,NA,NA,NA
S2_234437690,2,234437690,NA,NA,NA,NA
S2_234441090,2,234441090,NA,NA,NA,NA
S2_234800948,2,234800948,NA,NA,NA,NA
S2_235063290,2,235063290,NA,NA,NA,NA
S2_235066487,2,235066487,NA,NA,NA,NA
S2_235066497,2,235066497,NA,NA,NA,NA
S2_235141808,2,235141808,NA,NA,NA,NA
S2_235226296,2,235226296,NA,NA,NA,NA
S2_235348709,2,235348709,NA,NA,NA,NA
S2_235919175,2,235919175,NA,NA,NA,NA
S2_235920311,2,235920311,NA,NA,NA,NA
S2_235923183,2,235923183,NA,NA,NA,NA
S2_236231215,2,236231215,NA,NA,NA,NA
S2_236231223,2,236231223,NA,NA,NA,NA
S2_236290844,2,236290844,NA,NA,NA,NA
S2_236290853,2,236290853,NA,NA,NA,NA
S2_236290868,2,236290868,NA,NA,NA,NA
S2_236351044,2,236351044,NA,NA,NA,NA
S2_236351282,2,236351282,NA,NA,NA,NA
S2_236352749,2,236352749,NA,NA,NA,NA
S2_236357031,2,236357031,NA,NA,NA,NA
S2_236422628,2,236422628,NA,NA,NA,NA
S2_236425660,2,236425660,NA,NA,NA,NA
S2_236425663,2,236425663,NA,NA,NA,NA
S2_236426191,2,236426191,NA,NA,NA,NA
S2_236426193,2,236426193,NA,NA,NA,NA
S2_236426239,2,236426239,NA,NA,NA,NA
S2_236612846,2,236612846,NA,NA,NA,NA
S2_2366735,2,2366735,NA,NA,NA,NA
S2_236971696,2,236971696,NA,NA,NA,NA
S2_236971705,2,236971705,NA,NA,NA,NA
S2_236971711,2,236971711,NA,NA,NA,NA
S2_236972378,2,236972378,NA,NA,NA,NA
S2_236974202,2,236974202,NA,NA,NA,NA
S2_236974206,2,236974206,NA,NA,NA,NA
S2_23837244,2,23837244,NA,NA,NA,NA
S2_23837247,2,23837247,NA,NA,NA,NA
S2_23837249,2,23837249,NA,NA,NA,NA
S2_23837251,2,23837251,NA,NA,NA,NA
S2_23837756,2,23837756,NA,NA,NA,NA
S2_23838174,2,23838174,NA,NA,NA,NA
S2_24032897,2,24032897,NA,NA,NA,NA
S2_24169669,2,24169669,NA,NA,NA,NA
S2_24169671,2,24169671,NA,NA,NA,NA
S2_24169672,2,24169672,NA,NA,NA,NA
S2_24387999,2,24387999,NA,NA,NA,NA
S2_24388392,2,24388392,NA,NA,NA,NA
S2_24388424,2,24388424,NA,NA,NA,NA
S2_2478343,2,2478343,NA,NA,NA,NA
S2_2479258,2,2479258,NA,NA,NA,NA
S2_2491915,2,2491915,NA,NA,NA,NA
S2_2492538,2,2492538,NA,NA,NA,NA
S2_2536582,2,2536582,NA,NA,NA,NA
S2_2536591,2,2536591,NA,NA,NA,NA
S2_2538903,2,2538903,NA,NA,NA,NA
S2_26004514,2,26004514,NA,NA,NA,NA
S2_26136946,2,26136946,NA,NA,NA,NA
S2_26296866,2,26296866,NA,NA,NA,NA
S2_2629860,2,2629860,NA,NA,NA,NA
S2_2629871,2,2629871,NA,NA,NA,NA
S2_26435139,2,26435139,NA,NA,NA,NA
S2_26435961,2,26435961,NA,NA,NA,NA
S2_26436161,2,26436161,NA,NA,NA,NA
S2_26436503,2,26436503,NA,NA,NA,NA
S2_26729790,2,26729790,NA,NA,NA,NA
S2_2681559,2,2681559,NA,NA,NA,NA
S2_26850340,2,26850340,NA,NA,NA,NA
S2_26979817,2,26979817,NA,NA,NA,NA
S2_27052009,2,27052009,NA,NA,NA,NA
S2_27501230,2,27501230,NA,NA,NA,NA
S2_27560868,2,27560868,NA,NA,NA,NA
S2_27591610,2,27591610,NA,NA,NA,NA
S2_27592310,2,27592310,NA,NA,NA,NA
S2_27828642,2,27828642,NA,NA,NA,NA
S2_28000870,2,28000870,NA,NA,NA,NA
S2_28000873,2,28000873,NA,NA,NA,NA
S2_28564909,2,28564909,NA,NA,NA,NA
S2_28564922,2,28564922,NA,NA,NA,NA
S2_28645014,2,28645014,NA,NA,NA,NA
S2_28645100,2,28645100,NA,NA,NA,NA
S2_28645112,2,28645112,NA,NA,NA,NA
S2_28645152,2,28645152,NA,NA,NA,NA
S2_28664629,2,28664629,NA,NA,NA,NA
S2_28866435,2,28866435,NA,NA,NA,NA
S2_28866436,2,28866436,NA,NA,NA,NA
S2_29401403,2,29401403,NA,NA,NA,NA
S2_29521849,2,29521849,NA,NA,NA,NA
S2_29641333,2,29641333,NA,NA,NA,NA
S2_29666484,2,29666484,NA,NA,NA,NA
S2_29670347,2,29670347,NA,NA,NA,NA
S2_30283905,2,30283905,NA,NA,NA,NA
S2_30399764,2,30399764,NA,NA,NA,NA
S2_30548333,2,30548333,NA,NA,NA,NA
S2_3095784,2,3095784,NA,NA,NA,NA
S2_3106089,2,3106089,NA,NA,NA,NA
S2_3106116,2,3106116,NA,NA,NA,NA
S2_3106704,2,3106704,NA,NA,NA,NA
S2_31645319,2,31645319,NA,NA,NA,NA
S2_3181757,2,3181757,NA,NA,NA,NA
S2_31826791,2,31826791,NA,NA,NA,NA
S2_31826794,2,31826794,NA,NA,NA,NA
S2_31826795,2,31826795,NA,NA,NA,NA
S2_31826798,2,31826798,NA,NA,NA,NA
S2_31826799,2,31826799,NA,NA,NA,NA
S2_31826800,2,31826800,NA,NA,NA,NA
S2_31826801,2,31826801,NA,NA,NA,NA
S2_31826803,2,31826803,NA,NA,NA,NA
S2_31826809,2,31826809,NA,NA,NA,NA
S2_31826810,2,31826810,NA,NA,NA,NA
S2_31826814,2,31826814,NA,NA,NA,NA
S2_3184442,2,3184442,NA,NA,NA,NA
S2_31921060,2,31921060,NA,NA,NA,NA
S2_31924520,2,31924520,NA,NA,NA,NA
S2_31924527,2,31924527,NA,NA,NA,NA
S2_32493348,2,32493348,NA,NA,NA,NA
S2_33345875,2,33345875,NA,NA,NA,NA
S2_3339815,2,3339815,NA,NA,NA,NA
S2_3339817,2,3339817,NA,NA,NA,NA
S2_33500028,2,33500028,NA,NA,NA,NA
S2_33506426,2,33506426,NA,NA,NA,NA
S2_33506433,2,33506433,NA,NA,NA,NA
S2_33506434,2,33506434,NA,NA,NA,NA
S2_33506438,2,33506438,NA,NA,NA,NA
S2_33506480,2,33506480,NA,NA,NA,NA
S2_33506543,2,33506543,NA,NA,NA,NA
S2_33680664,2,33680664,NA,NA,NA,NA
S2_33680676,2,33680676,NA,NA,NA,NA
S2_33731514,2,33731514,NA,NA,NA,NA
S2_3388767,2,3388767,NA,NA,NA,NA
S2_3417221,2,3417221,NA,NA,NA,NA
S2_3417225,2,3417225,NA,NA,NA,NA
S2_34433895,2,34433895,NA,NA,NA,NA
S2_34570844,2,34570844,NA,NA,NA,NA
S2_34694171,2,34694171,NA,NA,NA,NA
S2_35326295,2,35326295,NA,NA,NA,NA
S2_35480283,2,35480283,NA,NA,NA,NA
S2_35871390,2,35871390,NA,NA,NA,NA
S2_3600252,2,3600252,NA,NA,NA,NA
S2_36318442,2,36318442,NA,NA,NA,NA
S2_36318454,2,36318454,NA,NA,NA,NA
S2_36318466,2,36318466,NA,NA,NA,NA
S2_36450924,2,36450924,NA,NA,NA,NA
S2_36450925,2,36450925,NA,NA,NA,NA
S2_36450931,2,36450931,NA,NA,NA,NA
S2_36452894,2,36452894,NA,NA,NA,NA
S2_36452933,2,36452933,NA,NA,NA,NA
S2_36453019,2,36453019,NA,NA,NA,NA
S2_36464574,2,36464574,NA,NA,NA,NA
S2_36464583,2,36464583,NA,NA,NA,NA
S2_36588855,2,36588855,NA,NA,NA,NA
S2_36763400,2,36763400,NA,NA,NA,NA
S2_36763404,2,36763404,NA,NA,NA,NA
S2_36763406,2,36763406,NA,NA,NA,NA
S2_36763407,2,36763407,NA,NA,NA,NA
S2_36822749,2,36822749,NA,NA,NA,NA
S2_36831450,2,36831450,NA,NA,NA,NA
S2_36936684,2,36936684,NA,NA,NA,NA
S2_37118154,2,37118154,NA,NA,NA,NA
S2_37133478,2,37133478,NA,NA,NA,NA
S2_37133659,2,37133659,NA,NA,NA,NA
S2_37133745,2,37133745,NA,NA,NA,NA
S2_3772342,2,3772342,NA,NA,NA,NA
S2_3772343,2,3772343,NA,NA,NA,NA
S2_37864134,2,37864134,NA,NA,NA,NA
S2_37867613,2,37867613,NA,NA,NA,NA
S2_37867723,2,37867723,NA,NA,NA,NA
S2_38292452,2,38292452,NA,NA,NA,NA
S2_38292454,2,38292454,NA,NA,NA,NA
S2_38325706,2,38325706,NA,NA,NA,NA
S2_38331197,2,38331197,NA,NA,NA,NA
S2_38341681,2,38341681,NA,NA,NA,NA
S2_38341698,2,38341698,NA,NA,NA,NA
S2_39027475,2,39027475,NA,NA,NA,NA
S2_3928138,2,3928138,NA,NA,NA,NA
S2_3928145,2,3928145,NA,NA,NA,NA
S2_3928154,2,3928154,NA,NA,NA,NA
S2_39327831,2,39327831,NA,NA,NA,NA
S2_39427785,2,39427785,NA,NA,NA,NA
S2_39429402,2,39429402,NA,NA,NA,NA
S2_39748023,2,39748023,NA,NA,NA,NA
S2_3990193,2,3990193,NA,NA,NA,NA
S2_40067655,2,40067655,NA,NA,NA,NA
S2_40138995,2,40138995,NA,NA,NA,NA
S2_40139634,2,40139634,NA,NA,NA,NA
S2_40139652,2,40139652,NA,NA,NA,NA
S2_40409362,2,40409362,NA,NA,NA,NA
S2_40503264,2,40503264,NA,NA,NA,NA
S2_4052003,2,4052003,NA,NA,NA,NA
S2_40704116,2,40704116,NA,NA,NA,NA
S2_41225770,2,41225770,NA,NA,NA,NA
S2_41244499,2,41244499,NA,NA,NA,NA
S2_41244594,2,41244594,NA,NA,NA,NA
S2_41244605,2,41244605,NA,NA,NA,NA
S2_41245357,2,41245357,NA,NA,NA,NA
S2_41306862,2,41306862,NA,NA,NA,NA
S2_41306866,2,41306866,NA,NA,NA,NA
S2_41480011,2,41480011,NA,NA,NA,NA
S2_41480013,2,41480013,NA,NA,NA,NA
S2_41483178,2,41483178,NA,NA,NA,NA
S2_41733918,2,41733918,NA,NA,NA,NA
S2_41733939,2,41733939,NA,NA,NA,NA
S2_41733956,2,41733956,NA,NA,NA,NA
S2_41773082,2,41773082,NA,NA,NA,NA
S2_41775172,2,41775172,NA,NA,NA,NA
S2_41775173,2,41775173,NA,NA,NA,NA
S2_41775174,2,41775174,NA,NA,NA,NA
S2_4186847,2,4186847,NA,NA,NA,NA
S2_41896515,2,41896515,NA,NA,NA,NA
S2_41958362,2,41958362,NA,NA,NA,NA
S2_4209922,2,4209922,NA,NA,NA,NA
S2_4209957,2,4209957,NA,NA,NA,NA
S2_4266948,2,4266948,NA,NA,NA,NA
S2_42688469,2,42688469,NA,NA,NA,NA
S2_42958237,2,42958237,NA,NA,NA,NA
S2_42958239,2,42958239,NA,NA,NA,NA
S2_42958242,2,42958242,NA,NA,NA,NA
S2_42958243,2,42958243,NA,NA,NA,NA
S2_42958244,2,42958244,NA,NA,NA,NA
S2_42958511,2,42958511,NA,NA,NA,NA
S2_42958646,2,42958646,NA,NA,NA,NA
S2_4306283,2,4306283,NA,NA,NA,NA
S2_43353338,2,43353338,NA,NA,NA,NA
S2_43428493,2,43428493,NA,NA,NA,NA
S2_43428733,2,43428733,NA,NA,NA,NA
S2_4344157,2,4344157,NA,NA,NA,NA
S2_43558537,2,43558537,NA,NA,NA,NA
S2_43558556,2,43558556,NA,NA,NA,NA
S2_43558976,2,43558976,NA,NA,NA,NA
S2_43715703,2,43715703,NA,NA,NA,NA
S2_44188932,2,44188932,NA,NA,NA,NA
S2_44188941,2,44188941,NA,NA,NA,NA
S2_44188944,2,44188944,NA,NA,NA,NA
S2_44199513,2,44199513,NA,NA,NA,NA
S2_44201976,2,44201976,NA,NA,NA,NA
S2_44262904,2,44262904,NA,NA,NA,NA
S2_44275828,2,44275828,NA,NA,NA,NA
S2_44275829,2,44275829,NA,NA,NA,NA
S2_44380105,2,44380105,NA,NA,NA,NA
S2_44380112,2,44380112,NA,NA,NA,NA
S2_44380113,2,44380113,NA,NA,NA,NA
S2_44380123,2,44380123,NA,NA,NA,NA
S2_44435594,2,44435594,NA,NA,NA,NA
S2_44473758,2,44473758,NA,NA,NA,NA
S2_44719197,2,44719197,NA,NA,NA,NA
S2_44719266,2,44719266,NA,NA,NA,NA
S2_44719268,2,44719268,NA,NA,NA,NA
S2_44719269,2,44719269,NA,NA,NA,NA
S2_44719270,2,44719270,NA,NA,NA,NA
S2_44719272,2,44719272,NA,NA,NA,NA
S2_44719273,2,44719273,NA,NA,NA,NA
S2_44719287,2,44719287,NA,NA,NA,NA
S2_44855732,2,44855732,NA,NA,NA,NA
S2_45518449,2,45518449,NA,NA,NA,NA
S2_4580446,2,4580446,NA,NA,NA,NA
S2_4581308,2,4581308,NA,NA,NA,NA
S2_4581329,2,4581329,NA,NA,NA,NA
S2_45960667,2,45960667,NA,NA,NA,NA
S2_46204270,2,46204270,NA,NA,NA,NA
S2_46437301,2,46437301,NA,NA,NA,NA
S2_46604034,2,46604034,NA,NA,NA,NA
S2_46604036,2,46604036,NA,NA,NA,NA
S2_4664824,2,4664824,NA,NA,NA,NA
S2_4669633,2,4669633,NA,NA,NA,NA
S2_46751398,2,46751398,NA,NA,NA,NA
S2_46751417,2,46751417,NA,NA,NA,NA
S2_46751813,2,46751813,NA,NA,NA,NA
S2_46751818,2,46751818,NA,NA,NA,NA
S2_47319534,2,47319534,NA,NA,NA,NA
S2_47319538,2,47319538,NA,NA,NA,NA
S2_47364281,2,47364281,NA,NA,NA,NA
S2_48147295,2,48147295,NA,NA,NA,NA
S2_48147297,2,48147297,NA,NA,NA,NA
S2_48405262,2,48405262,NA,NA,NA,NA
S2_4850513,2,4850513,NA,NA,NA,NA
S2_48589507,2,48589507,NA,NA,NA,NA
S2_48718978,2,48718978,NA,NA,NA,NA
S2_4889615,2,4889615,NA,NA,NA,NA
S2_49512656,2,49512656,NA,NA,NA,NA
S2_4989540,2,4989540,NA,NA,NA,NA
S2_5106835,2,5106835,NA,NA,NA,NA
S2_5121904,2,5121904,NA,NA,NA,NA
S2_51235075,2,51235075,NA,NA,NA,NA
S2_51329630,2,51329630,NA,NA,NA,NA
S2_51331684,2,51331684,NA,NA,NA,NA
S2_51750730,2,51750730,NA,NA,NA,NA
S2_51754668,2,51754668,NA,NA,NA,NA
S2_51809423,2,51809423,NA,NA,NA,NA
S2_5269870,2,5269870,NA,NA,NA,NA
S2_5269873,2,5269873,NA,NA,NA,NA
S2_5269877,2,5269877,NA,NA,NA,NA
S2_5300589,2,5300589,NA,NA,NA,NA
S2_53680642,2,53680642,NA,NA,NA,NA
S2_54042908,2,54042908,NA,NA,NA,NA
S2_54296972,2,54296972,NA,NA,NA,NA
S2_54359296,2,54359296,NA,NA,NA,NA
S2_54359797,2,54359797,NA,NA,NA,NA
S2_54359800,2,54359800,NA,NA,NA,NA
S2_54632156,2,54632156,NA,NA,NA,NA
S2_54755173,2,54755173,NA,NA,NA,NA
S2_54927225,2,54927225,NA,NA,NA,NA
S2_55250159,2,55250159,NA,NA,NA,NA
S2_55250525,2,55250525,NA,NA,NA,NA
S2_55483245,2,55483245,NA,NA,NA,NA
S2_55483247,2,55483247,NA,NA,NA,NA
S2_55483254,2,55483254,NA,NA,NA,NA
S2_55559416,2,55559416,NA,NA,NA,NA
S2_55560345,2,55560345,NA,NA,NA,NA
S2_55560353,2,55560353,NA,NA,NA,NA
S2_55560354,2,55560354,NA,NA,NA,NA
S2_55560551,2,55560551,NA,NA,NA,NA
S2_5563820,2,5563820,NA,NA,NA,NA
S2_5565659,2,5565659,NA,NA,NA,NA
S2_56108943,2,56108943,NA,NA,NA,NA
S2_5692166,2,5692166,NA,NA,NA,NA
S2_5692167,2,5692167,NA,NA,NA,NA
S2_5692168,2,5692168,NA,NA,NA,NA
S2_56924260,2,56924260,NA,NA,NA,NA
S2_57058536,2,57058536,NA,NA,NA,NA
S2_57065733,2,57065733,NA,NA,NA,NA
S2_57065763,2,57065763,NA,NA,NA,NA
S2_57066381,2,57066381,NA,NA,NA,NA
S2_5836126,2,5836126,NA,NA,NA,NA
S2_5836127,2,5836127,NA,NA,NA,NA
S2_5836129,2,5836129,NA,NA,NA,NA
S2_5836131,2,5836131,NA,NA,NA,NA
S2_5836132,2,5836132,NA,NA,NA,NA
S2_58365108,2,58365108,NA,NA,NA,NA
S2_5863426,2,5863426,NA,NA,NA,NA
S2_58766148,2,58766148,NA,NA,NA,NA
S2_58766159,2,58766159,NA,NA,NA,NA
S2_5904141,2,5904141,NA,NA,NA,NA
S2_5925904,2,5925904,NA,NA,NA,NA
S2_5925912,2,5925912,NA,NA,NA,NA
S2_59711359,2,59711359,NA,NA,NA,NA
S2_59714917,2,59714917,NA,NA,NA,NA
S2_59727523,2,59727523,NA,NA,NA,NA
S2_59727550,2,59727550,NA,NA,NA,NA
S2_59727563,2,59727563,NA,NA,NA,NA
S2_60070428,2,60070428,NA,NA,NA,NA
S2_60071012,2,60071012,NA,NA,NA,NA
S2_61245240,2,61245240,NA,NA,NA,NA
S2_61245241,2,61245241,NA,NA,NA,NA
S2_61245242,2,61245242,NA,NA,NA,NA
S2_61245714,2,61245714,NA,NA,NA,NA
S2_61303622,2,61303622,NA,NA,NA,NA
S2_6180959,2,6180959,NA,NA,NA,NA
S2_61845791,2,61845791,NA,NA,NA,NA
S2_61856526,2,61856526,NA,NA,NA,NA
S2_61872414,2,61872414,NA,NA,NA,NA
S2_62291227,2,62291227,NA,NA,NA,NA
S2_62291244,2,62291244,NA,NA,NA,NA
S2_62740879,2,62740879,NA,NA,NA,NA
S2_62925652,2,62925652,NA,NA,NA,NA
S2_63664884,2,63664884,NA,NA,NA,NA
S2_63667772,2,63667772,NA,NA,NA,NA
S2_63667814,2,63667814,NA,NA,NA,NA
S2_63751703,2,63751703,NA,NA,NA,NA
S2_63751706,2,63751706,NA,NA,NA,NA
S2_64110092,2,64110092,NA,NA,NA,NA
S2_64388446,2,64388446,NA,NA,NA,NA
S2_6458962,2,6458962,NA,NA,NA,NA
S2_6458977,2,6458977,NA,NA,NA,NA
S2_6458980,2,6458980,NA,NA,NA,NA
S2_6458981,2,6458981,NA,NA,NA,NA
S2_64932180,2,64932180,NA,NA,NA,NA
S2_6556871,2,6556871,NA,NA,NA,NA
S2_6565733,2,6565733,NA,NA,NA,NA
S2_6628489,2,6628489,NA,NA,NA,NA
S2_66627310,2,66627310,NA,NA,NA,NA
S2_66713107,2,66713107,NA,NA,NA,NA
S2_66750612,2,66750612,NA,NA,NA,NA
S2_66750626,2,66750626,NA,NA,NA,NA
S2_6721246,2,6721246,NA,NA,NA,NA
S2_67755573,2,67755573,NA,NA,NA,NA
S2_67845473,2,67845473,NA,NA,NA,NA
S2_69159860,2,69159860,NA,NA,NA,NA
S2_6980474,2,6980474,NA,NA,NA,NA
S2_69913731,2,69913731,NA,NA,NA,NA
S2_69913733,2,69913733,NA,NA,NA,NA
S2_6993053,2,6993053,NA,NA,NA,NA
S2_70285578,2,70285578,NA,NA,NA,NA
S2_70285597,2,70285597,NA,NA,NA,NA
S2_70331129,2,70331129,NA,NA,NA,NA
S2_70558978,2,70558978,NA,NA,NA,NA
S2_7099517,2,7099517,NA,NA,NA,NA
S2_7099518,2,7099518,NA,NA,NA,NA
S2_7099534,2,7099534,NA,NA,NA,NA
S2_7178320,2,7178320,NA,NA,NA,NA
S2_7180618,2,7180618,NA,NA,NA,NA
S2_7186205,2,7186205,NA,NA,NA,NA
S2_7186206,2,7186206,NA,NA,NA,NA
S2_7206961,2,7206961,NA,NA,NA,NA
S2_7207049,2,7207049,NA,NA,NA,NA
S2_7220403,2,7220403,NA,NA,NA,NA
S2_72712509,2,72712509,NA,NA,NA,NA
S2_73805406,2,73805406,NA,NA,NA,NA
S2_74566081,2,74566081,NA,NA,NA,NA
S2_74566125,2,74566125,NA,NA,NA,NA
S2_7664432,2,7664432,NA,NA,NA,NA
S2_7665496,2,7665496,NA,NA,NA,NA
S2_78426366,2,78426366,NA,NA,NA,NA
S2_78426369,2,78426369,NA,NA,NA,NA
S2_79477741,2,79477741,NA,NA,NA,NA
S2_7950312,2,7950312,NA,NA,NA,NA
S2_79572029,2,79572029,NA,NA,NA,NA
S2_80447485,2,80447485,NA,NA,NA,NA
S2_80447490,2,80447490,NA,NA,NA,NA
S2_80447494,2,80447494,NA,NA,NA,NA
S2_81637967,2,81637967,NA,NA,NA,NA
S2_81808107,2,81808107,NA,NA,NA,NA
S2_83189591,2,83189591,NA,NA,NA,NA
S2_83190397,2,83190397,NA,NA,NA,NA
S2_83272780,2,83272780,NA,NA,NA,NA
S2_83773267,2,83773267,NA,NA,NA,NA
S2_841089,2,841089,NA,NA,NA,NA
S2_841090,2,841090,NA,NA,NA,NA
S2_84638227,2,84638227,NA,NA,NA,NA
S2_847829,2,847829,NA,NA,NA,NA
S2_8582282,2,8582282,NA,NA,NA,NA
S2_86001904,2,86001904,NA,NA,NA,NA
S2_86076528,2,86076528,NA,NA,NA,NA
S2_86250214,2,86250214,NA,NA,NA,NA
S2_8805582,2,8805582,NA,NA,NA,NA
S2_8808997,2,8808997,NA,NA,NA,NA
S2_8809007,2,8809007,NA,NA,NA,NA
S2_8809016,2,8809016,NA,NA,NA,NA
S2_8809045,2,8809045,NA,NA,NA,NA
S2_8809102,2,8809102,NA,NA,NA,NA
S2_8809535,2,8809535,NA,NA,NA,NA
S2_88613199,2,88613199,NA,NA,NA,NA
S2_8908101,2,8908101,NA,NA,NA,NA
S2_8919443,2,8919443,NA,NA,NA,NA
S2_8996844,2,8996844,NA,NA,NA,NA
S2_9000321,2,9000321,NA,NA,NA,NA
S2_9000336,2,9000336,NA,NA,NA,NA
S2_9009157,2,9009157,NA,NA,NA,NA
S2_9100819,2,9100819,NA,NA,NA,NA
S2_9100822,2,9100822,NA,NA,NA,NA
S2_91644011,2,91644011,NA,NA,NA,NA
S2_9315455,2,9315455,NA,NA,NA,NA
S2_9316276,2,9316276,NA,NA,NA,NA
S2_9414308,2,9414308,NA,NA,NA,NA
S2_9442278,2,9442278,NA,NA,NA,NA
S2_94802695,2,94802695,NA,NA,NA,NA
S2_9557024,2,9557024,NA,NA,NA,NA
S2_9557025,2,9557025,NA,NA,NA,NA
S2_9559502,2,9559502,NA,NA,NA,NA
S2_9559518,2,9559518,NA,NA,NA,NA
S2_9587460,2,9587460,NA,NA,NA,NA
S2_9601590,2,9601590,NA,NA,NA,NA
S2_9920694,2,9920694,NA,NA,NA,NA
S2_9920718,2,9920718,NA,NA,NA,NA
S2_9924935,2,9924935,NA,NA,NA,NA
S2_9924943,2,9924943,NA,NA,NA,NA
S2_9941674,2,9941674,NA,NA,NA,NA
S2_9961537,2,9961537,NA,NA,NA,NA
S2_9965232,2,9965232,NA,NA,NA,NA
S2_9965234,2,9965234,NA,NA,NA,NA
S2_9965240,2,9965240,NA,NA,NA,NA
S2_9965247,2,9965247,NA,NA,NA,NA
S2_9983268,2,9983268,NA,NA,NA,NA
S2_9983287,2,9983287,NA,NA,NA,NA
S2_99894736,2,99894736,NA,NA,NA,NA
S2_99894737,2,99894737,NA,NA,NA,NA
S2_9998544,2,9998544,NA,NA,NA,NA
S2_9998555,2,9998555,NA,NA,NA,NA
S2_9998893,2,9998893,NA,NA,NA,NA
S3_10094971,3,10094971,NA,NA,NA,NA
S3_10095038,3,10095038,NA,NA,NA,NA
S3_101203454,3,101203454,NA,NA,NA,NA
S3_10143050,3,10143050,NA,NA,NA,NA
S3_10221456,3,10221456,NA,NA,NA,NA
S3_10466308,3,10466308,NA,NA,NA,NA
S3_10466310,3,10466310,NA,NA,NA,NA
S3_10466312,3,10466312,NA,NA,NA,NA
S3_10466314,3,10466314,NA,NA,NA,NA
S3_10517413,3,10517413,NA,NA,NA,NA
S3_10521449,3,10521449,NA,NA,NA,NA
S3_10523225,3,10523225,NA,NA,NA,NA
S3_10523233,3,10523233,NA,NA,NA,NA
S3_10613502,3,10613502,NA,NA,NA,NA
S3_10613533,3,10613533,NA,NA,NA,NA
S3_10683608,3,10683608,NA,NA,NA,NA
S3_108706910,3,108706910,NA,NA,NA,NA
S3_109388408,3,109388408,NA,NA,NA,NA
S3_109388419,3,109388419,NA,NA,NA,NA
S3_10995533,3,10995533,NA,NA,NA,NA
S3_10995556,3,10995556,NA,NA,NA,NA
S3_10995557,3,10995557,NA,NA,NA,NA
S3_110185928,3,110185928,NA,NA,NA,NA
S3_110185929,3,110185929,NA,NA,NA,NA
S3_110188108,3,110188108,NA,NA,NA,NA
S3_110239175,3,110239175,NA,NA,NA,NA
S3_11063941,3,11063941,NA,NA,NA,NA
S3_113425784,3,113425784,NA,NA,NA,NA
S3_11397901,3,11397901,NA,NA,NA,NA
S3_114352108,3,114352108,NA,NA,NA,NA
S3_114352354,3,114352354,NA,NA,NA,NA
S3_114778738,3,114778738,NA,NA,NA,NA
S3_114779128,3,114779128,NA,NA,NA,NA
S3_114779202,3,114779202,NA,NA,NA,NA
S3_115006846,3,115006846,NA,NA,NA,NA
S3_115111432,3,115111432,NA,NA,NA,NA
S3_115291498,3,115291498,NA,NA,NA,NA
S3_11533922,3,11533922,NA,NA,NA,NA
S3_11533932,3,11533932,NA,NA,NA,NA
S3_11534447,3,11534447,NA,NA,NA,NA
S3_11534449,3,11534449,NA,NA,NA,NA
S3_116026935,3,116026935,NA,NA,NA,NA
S3_116027740,3,116027740,NA,NA,NA,NA
S3_11631546,3,11631546,NA,NA,NA,NA
S3_11631547,3,11631547,NA,NA,NA,NA
S3_11650554,3,11650554,NA,NA,NA,NA
S3_116896881,3,116896881,NA,NA,NA,NA
S3_116981545,3,116981545,NA,NA,NA,NA
S3_116991405,3,116991405,NA,NA,NA,NA
S3_117077422,3,117077422,NA,NA,NA,NA
S3_117077435,3,117077435,NA,NA,NA,NA
S3_117089716,3,117089716,NA,NA,NA,NA
S3_11727635,3,11727635,NA,NA,NA,NA
S3_11727641,3,11727641,NA,NA,NA,NA
S3_11727645,3,11727645,NA,NA,NA,NA
S3_118065766,3,118065766,NA,NA,NA,NA
S3_119711395,3,119711395,NA,NA,NA,NA
S3_121025714,3,121025714,NA,NA,NA,NA
S3_121025733,3,121025733,NA,NA,NA,NA
S3_121025743,3,121025743,NA,NA,NA,NA
S3_121068670,3,121068670,NA,NA,NA,NA
S3_12132079,3,12132079,NA,NA,NA,NA
S3_12132363,3,12132363,NA,NA,NA,NA
S3_12132374,3,12132374,NA,NA,NA,NA
S3_121560396,3,121560396,NA,NA,NA,NA
S3_121560398,3,121560398,NA,NA,NA,NA
S3_121660142,3,121660142,NA,NA,NA,NA
S3_121660338,3,121660338,NA,NA,NA,NA
S3_121660349,3,121660349,NA,NA,NA,NA
S3_122075828,3,122075828,NA,NA,NA,NA
S3_122518917,3,122518917,NA,NA,NA,NA
S3_12284533,3,12284533,NA,NA,NA,NA
S3_12284551,3,12284551,NA,NA,NA,NA
S3_12284552,3,12284552,NA,NA,NA,NA
S3_12284553,3,12284553,NA,NA,NA,NA
S3_12284554,3,12284554,NA,NA,NA,NA
S3_12289817,3,12289817,NA,NA,NA,NA
S3_12291211,3,12291211,NA,NA,NA,NA
S3_12291221,3,12291221,NA,NA,NA,NA
S3_12291222,3,12291222,NA,NA,NA,NA
S3_123868401,3,123868401,NA,NA,NA,NA
S3_123868405,3,123868405,NA,NA,NA,NA
S3_12422233,3,12422233,NA,NA,NA,NA
S3_12422244,3,12422244,NA,NA,NA,NA
S3_12422492,3,12422492,NA,NA,NA,NA
S3_124300002,3,124300002,NA,NA,NA,NA
S3_12529920,3,12529920,NA,NA,NA,NA
S3_125548545,3,125548545,NA,NA,NA,NA
S3_1260566,3,1260566,NA,NA,NA,NA
S3_12605920,3,12605920,NA,NA,NA,NA
S3_126156466,3,126156466,NA,NA,NA,NA
S3_126171099,3,126171099,NA,NA,NA,NA
S3_126445639,3,126445639,NA,NA,NA,NA
S3_126461043,3,126461043,NA,NA,NA,NA
S3_127101220,3,127101220,NA,NA,NA,NA
S3_127101224,3,127101224,NA,NA,NA,NA
S3_127216897,3,127216897,NA,NA,NA,NA
S3_127216900,3,127216900,NA,NA,NA,NA
S3_127613483,3,127613483,NA,NA,NA,NA
S3_127613502,3,127613502,NA,NA,NA,NA
S3_127613685,3,127613685,NA,NA,NA,NA
S3_127614535,3,127614535,NA,NA,NA,NA
S3_127930814,3,127930814,NA,NA,NA,NA
S3_128235815,3,128235815,NA,NA,NA,NA
S3_128235818,3,128235818,NA,NA,NA,NA
S3_128668491,3,128668491,NA,NA,NA,NA
S3_128935307,3,128935307,NA,NA,NA,NA
S3_1289918,3,1289918,NA,NA,NA,NA
S3_129085564,3,129085564,NA,NA,NA,NA
S3_129085710,3,129085710,NA,NA,NA,NA
S3_129085711,3,129085711,NA,NA,NA,NA
S3_129298863,3,129298863,NA,NA,NA,NA
S3_129305387,3,129305387,NA,NA,NA,NA
S3_129308652,3,129308652,NA,NA,NA,NA
S3_129308656,3,129308656,NA,NA,NA,NA
S3_129308665,3,129308665,NA,NA,NA,NA
S3_130093718,3,130093718,NA,NA,NA,NA
S3_130097449,3,130097449,NA,NA,NA,NA
S3_131331429,3,131331429,NA,NA,NA,NA
S3_132840824,3,132840824,NA,NA,NA,NA
S3_133488028,3,133488028,NA,NA,NA,NA
S3_133889200,3,133889200,NA,NA,NA,NA
S3_134615053,3,134615053,NA,NA,NA,NA
S3_13485034,3,13485034,NA,NA,NA,NA
S3_13485038,3,13485038,NA,NA,NA,NA
S3_13485056,3,13485056,NA,NA,NA,NA
S3_13485160,3,13485160,NA,NA,NA,NA
S3_134919616,3,134919616,NA,NA,NA,NA
S3_134953015,3,134953015,NA,NA,NA,NA
S3_13501811,3,13501811,NA,NA,NA,NA
S3_13501816,3,13501816,NA,NA,NA,NA
S3_13501817,3,13501817,NA,NA,NA,NA
S3_13501821,3,13501821,NA,NA,NA,NA
S3_135306398,3,135306398,NA,NA,NA,NA
S3_135309021,3,135309021,NA,NA,NA,NA
S3_135309026,3,135309026,NA,NA,NA,NA
S3_135757972,3,135757972,NA,NA,NA,NA
S3_135852506,3,135852506,NA,NA,NA,NA
S3_135852534,3,135852534,NA,NA,NA,NA
S3_135852536,3,135852536,NA,NA,NA,NA
S3_135852537,3,135852537,NA,NA,NA,NA
S3_135853216,3,135853216,NA,NA,NA,NA
S3_136165549,3,136165549,NA,NA,NA,NA
S3_136337533,3,136337533,NA,NA,NA,NA
S3_136380648,3,136380648,NA,NA,NA,NA
S3_136417930,3,136417930,NA,NA,NA,NA
S3_136417933,3,136417933,NA,NA,NA,NA
S3_136417948,3,136417948,NA,NA,NA,NA
S3_13724209,3,13724209,NA,NA,NA,NA
S3_137252074,3,137252074,NA,NA,NA,NA
S3_138116472,3,138116472,NA,NA,NA,NA
S3_138433106,3,138433106,NA,NA,NA,NA
S3_138433110,3,138433110,NA,NA,NA,NA
S3_13872050,3,13872050,NA,NA,NA,NA
S3_138773656,3,138773656,NA,NA,NA,NA
S3_138773963,3,138773963,NA,NA,NA,NA
S3_139674088,3,139674088,NA,NA,NA,NA
S3_13993342,3,13993342,NA,NA,NA,NA
S3_140409909,3,140409909,NA,NA,NA,NA
S3_140831846,3,140831846,NA,NA,NA,NA
S3_140832594,3,140832594,NA,NA,NA,NA
S3_141618570,3,141618570,NA,NA,NA,NA
S3_141618574,3,141618574,NA,NA,NA,NA
S3_142258709,3,142258709,NA,NA,NA,NA
S3_142258728,3,142258728,NA,NA,NA,NA
S3_142736565,3,142736565,NA,NA,NA,NA
S3_142739787,3,142739787,NA,NA,NA,NA
S3_142912119,3,142912119,NA,NA,NA,NA
S3_143488417,3,143488417,NA,NA,NA,NA
S3_143801235,3,143801235,NA,NA,NA,NA
S3_143801247,3,143801247,NA,NA,NA,NA
S3_143802488,3,143802488,NA,NA,NA,NA
S3_144216354,3,144216354,NA,NA,NA,NA
S3_144216599,3,144216599,NA,NA,NA,NA
S3_144216626,3,144216626,NA,NA,NA,NA
S3_144216629,3,144216629,NA,NA,NA,NA
S3_144216631,3,144216631,NA,NA,NA,NA
S3_144216632,3,144216632,NA,NA,NA,NA
S3_144216634,3,144216634,NA,NA,NA,NA
S3_145176210,3,145176210,NA,NA,NA,NA
S3_145178377,3,145178377,NA,NA,NA,NA
S3_145178383,3,145178383,NA,NA,NA,NA
S3_145183493,3,145183493,NA,NA,NA,NA
S3_145183498,3,145183498,NA,NA,NA,NA
S3_145479940,3,145479940,NA,NA,NA,NA
S3_145489652,3,145489652,NA,NA,NA,NA
S3_145732712,3,145732712,NA,NA,NA,NA
S3_146524380,3,146524380,NA,NA,NA,NA
S3_1465617,3,1465617,NA,NA,NA,NA
S3_1466161,3,1466161,NA,NA,NA,NA
S3_14685646,3,14685646,NA,NA,NA,NA
S3_147398718,3,147398718,NA,NA,NA,NA
S3_147398719,3,147398719,NA,NA,NA,NA
S3_147407262,3,147407262,NA,NA,NA,NA
S3_147407286,3,147407286,NA,NA,NA,NA
S3_147591283,3,147591283,NA,NA,NA,NA
S3_147621353,3,147621353,NA,NA,NA,NA
S3_147621354,3,147621354,NA,NA,NA,NA
S3_147621357,3,147621357,NA,NA,NA,NA
S3_147677571,3,147677571,NA,NA,NA,NA
S3_147938743,3,147938743,NA,NA,NA,NA
S3_147969573,3,147969573,NA,NA,NA,NA
S3_147969585,3,147969585,NA,NA,NA,NA
S3_147970882,3,147970882,NA,NA,NA,NA
S3_1482036,3,1482036,NA,NA,NA,NA
S3_1482075,3,1482075,NA,NA,NA,NA
S3_14863971,3,14863971,NA,NA,NA,NA
S3_148835564,3,148835564,NA,NA,NA,NA
S3_148835565,3,148835565,NA,NA,NA,NA
S3_149000772,3,149000772,NA,NA,NA,NA
S3_149229162,3,149229162,NA,NA,NA,NA
S3_149247385,3,149247385,NA,NA,NA,NA
S3_149247388,3,149247388,NA,NA,NA,NA
S3_149311987,3,149311987,NA,NA,NA,NA
S3_14942485,3,14942485,NA,NA,NA,NA
S3_14942541,3,14942541,NA,NA,NA,NA
S3_14942546,3,14942546,NA,NA,NA,NA
S3_14942548,3,14942548,NA,NA,NA,NA
S3_150170270,3,150170270,NA,NA,NA,NA
S3_150172218,3,150172218,NA,NA,NA,NA
S3_151047085,3,151047085,NA,NA,NA,NA
S3_151047101,3,151047101,NA,NA,NA,NA
S3_151056366,3,151056366,NA,NA,NA,NA
S3_151626920,3,151626920,NA,NA,NA,NA
S3_151628920,3,151628920,NA,NA,NA,NA
S3_151726761,3,151726761,NA,NA,NA,NA
S3_151726763,3,151726763,NA,NA,NA,NA
S3_15210145,3,15210145,NA,NA,NA,NA
S3_15210147,3,15210147,NA,NA,NA,NA
S3_15210149,3,15210149,NA,NA,NA,NA
S3_15212764,3,15212764,NA,NA,NA,NA
S3_152498128,3,152498128,NA,NA,NA,NA
S3_153258388,3,153258388,NA,NA,NA,NA
S3_153262861,3,153262861,NA,NA,NA,NA
S3_153764104,3,153764104,NA,NA,NA,NA
S3_153769900,3,153769900,NA,NA,NA,NA
S3_153770222,3,153770222,NA,NA,NA,NA
S3_15433859,3,15433859,NA,NA,NA,NA
S3_15433880,3,15433880,NA,NA,NA,NA
S3_15434794,3,15434794,NA,NA,NA,NA
S3_15434813,3,15434813,NA,NA,NA,NA
S3_15434814,3,15434814,NA,NA,NA,NA
S3_15434815,3,15434815,NA,NA,NA,NA
S3_15436121,3,15436121,NA,NA,NA,NA
S3_15436784,3,15436784,NA,NA,NA,NA
S3_154373561,3,154373561,NA,NA,NA,NA
S3_154373562,3,154373562,NA,NA,NA,NA
S3_154659615,3,154659615,NA,NA,NA,NA
S3_154661310,3,154661310,NA,NA,NA,NA
S3_154974554,3,154974554,NA,NA,NA,NA
S3_155157165,3,155157165,NA,NA,NA,NA
S3_155619663,3,155619663,NA,NA,NA,NA
S3_155619668,3,155619668,NA,NA,NA,NA
S3_155735864,3,155735864,NA,NA,NA,NA
S3_156053085,3,156053085,NA,NA,NA,NA
S3_156058903,3,156058903,NA,NA,NA,NA
S3_156799683,3,156799683,NA,NA,NA,NA
S3_156936884,3,156936884,NA,NA,NA,NA
S3_157019406,3,157019406,NA,NA,NA,NA
S3_157585667,3,157585667,NA,NA,NA,NA
S3_158525333,3,158525333,NA,NA,NA,NA
S3_158525335,3,158525335,NA,NA,NA,NA
S3_158525427,3,158525427,NA,NA,NA,NA
S3_158781326,3,158781326,NA,NA,NA,NA
S3_158781327,3,158781327,NA,NA,NA,NA
S3_158781333,3,158781333,NA,NA,NA,NA
S3_158973137,3,158973137,NA,NA,NA,NA
S3_159676137,3,159676137,NA,NA,NA,NA
S3_159681024,3,159681024,NA,NA,NA,NA
S3_1596922,3,1596922,NA,NA,NA,NA
S3_159802859,3,159802859,NA,NA,NA,NA
S3_159805552,3,159805552,NA,NA,NA,NA
S3_159865092,3,159865092,NA,NA,NA,NA
S3_159872008,3,159872008,NA,NA,NA,NA
S3_159872013,3,159872013,NA,NA,NA,NA
S3_160034055,3,160034055,NA,NA,NA,NA
S3_160034062,3,160034062,NA,NA,NA,NA
S3_160516163,3,160516163,NA,NA,NA,NA
S3_161561811,3,161561811,NA,NA,NA,NA
S3_161574452,3,161574452,NA,NA,NA,NA
S3_161574455,3,161574455,NA,NA,NA,NA
S3_161574461,3,161574461,NA,NA,NA,NA
S3_161956061,3,161956061,NA,NA,NA,NA
S3_162297177,3,162297177,NA,NA,NA,NA
S3_162297840,3,162297840,NA,NA,NA,NA
S3_162800585,3,162800585,NA,NA,NA,NA
S3_162800591,3,162800591,NA,NA,NA,NA
S3_162813934,3,162813934,NA,NA,NA,NA
S3_162813938,3,162813938,NA,NA,NA,NA
S3_164391441,3,164391441,NA,NA,NA,NA
S3_164976247,3,164976247,NA,NA,NA,NA
S3_165021347,3,165021347,NA,NA,NA,NA
S3_165175868,3,165175868,NA,NA,NA,NA
S3_165448367,3,165448367,NA,NA,NA,NA
S3_165448368,3,165448368,NA,NA,NA,NA
S3_165448369,3,165448369,NA,NA,NA,NA
S3_165448370,3,165448370,NA,NA,NA,NA
S3_165448375,3,165448375,NA,NA,NA,NA
S3_165465898,3,165465898,NA,NA,NA,NA
S3_16568611,3,16568611,NA,NA,NA,NA
S3_16568614,3,16568614,NA,NA,NA,NA
S3_165730806,3,165730806,NA,NA,NA,NA
S3_16614395,3,16614395,NA,NA,NA,NA
S3_16614443,3,16614443,NA,NA,NA,NA
S3_166152225,3,166152225,NA,NA,NA,NA
S3_16615268,3,16615268,NA,NA,NA,NA
S3_16615269,3,16615269,NA,NA,NA,NA
S3_16615279,3,16615279,NA,NA,NA,NA
S3_166202884,3,166202884,NA,NA,NA,NA
S3_166202886,3,166202886,NA,NA,NA,NA
S3_166670342,3,166670342,NA,NA,NA,NA
S3_166670344,3,166670344,NA,NA,NA,NA
S3_166670346,3,166670346,NA,NA,NA,NA
S3_166670351,3,166670351,NA,NA,NA,NA
S3_166670369,3,166670369,NA,NA,NA,NA
S3_166670382,3,166670382,NA,NA,NA,NA
S3_166691808,3,166691808,NA,NA,NA,NA
S3_166796304,3,166796304,NA,NA,NA,NA
S3_166796805,3,166796805,NA,NA,NA,NA
S3_166811289,3,166811289,NA,NA,NA,NA
S3_166811360,3,166811360,NA,NA,NA,NA
S3_167012439,3,167012439,NA,NA,NA,NA
S3_167052020,3,167052020,NA,NA,NA,NA
S3_167052021,3,167052021,NA,NA,NA,NA
S3_167430759,3,167430759,NA,NA,NA,NA
S3_167430768,3,167430768,NA,NA,NA,NA
S3_167479104,3,167479104,NA,NA,NA,NA
S3_168232954,3,168232954,NA,NA,NA,NA
S3_168921886,3,168921886,NA,NA,NA,NA
S3_169044118,3,169044118,NA,NA,NA,NA
S3_169220526,3,169220526,NA,NA,NA,NA
S3_169734072,3,169734072,NA,NA,NA,NA
S3_169734073,3,169734073,NA,NA,NA,NA
S3_169734074,3,169734074,NA,NA,NA,NA
S3_169734075,3,169734075,NA,NA,NA,NA
S3_169873646,3,169873646,NA,NA,NA,NA
S3_170023869,3,170023869,NA,NA,NA,NA
S3_170023893,3,170023893,NA,NA,NA,NA
S3_170370261,3,170370261,NA,NA,NA,NA
S3_170423197,3,170423197,NA,NA,NA,NA
S3_170423206,3,170423206,NA,NA,NA,NA
S3_170491831,3,170491831,NA,NA,NA,NA
S3_170546293,3,170546293,NA,NA,NA,NA
S3_170778866,3,170778866,NA,NA,NA,NA
S3_170865358,3,170865358,NA,NA,NA,NA
S3_1711857,3,1711857,NA,NA,NA,NA
S3_171639585,3,171639585,NA,NA,NA,NA
S3_171712732,3,171712732,NA,NA,NA,NA
S3_171781086,3,171781086,NA,NA,NA,NA
S3_171814294,3,171814294,NA,NA,NA,NA
S3_171900700,3,171900700,NA,NA,NA,NA
S3_172050026,3,172050026,NA,NA,NA,NA
S3_172050028,3,172050028,NA,NA,NA,NA
S3_1721374,3,1721374,NA,NA,NA,NA
S3_172333440,3,172333440,NA,NA,NA,NA
S3_172333502,3,172333502,NA,NA,NA,NA
S3_172333506,3,172333506,NA,NA,NA,NA
S3_172442890,3,172442890,NA,NA,NA,NA
S3_172448391,3,172448391,NA,NA,NA,NA
S3_17286068,3,17286068,NA,NA,NA,NA
S3_17286833,3,17286833,NA,NA,NA,NA
S3_17286838,3,17286838,NA,NA,NA,NA
S3_17286844,3,17286844,NA,NA,NA,NA
S3_172906554,3,172906554,NA,NA,NA,NA
S3_172906631,3,172906631,NA,NA,NA,NA
S3_172906641,3,172906641,NA,NA,NA,NA
S3_173371723,3,173371723,NA,NA,NA,NA
S3_173374475,3,173374475,NA,NA,NA,NA
S3_173475499,3,173475499,NA,NA,NA,NA
S3_173515750,3,173515750,NA,NA,NA,NA
S3_173520829,3,173520829,NA,NA,NA,NA
S3_173520834,3,173520834,NA,NA,NA,NA
S3_173585973,3,173585973,NA,NA,NA,NA
S3_173689314,3,173689314,NA,NA,NA,NA
S3_173689326,3,173689326,NA,NA,NA,NA
S3_17398937,3,17398937,NA,NA,NA,NA
S3_17398946,3,17398946,NA,NA,NA,NA
S3_174061031,3,174061031,NA,NA,NA,NA
S3_174335852,3,174335852,NA,NA,NA,NA
S3_174364810,3,174364810,NA,NA,NA,NA
S3_174368106,3,174368106,NA,NA,NA,NA
S3_174370893,3,174370893,NA,NA,NA,NA
S3_175688693,3,175688693,NA,NA,NA,NA
S3_175702795,3,175702795,NA,NA,NA,NA
S3_17579360,3,17579360,NA,NA,NA,NA
S3_175868950,3,175868950,NA,NA,NA,NA
S3_175957738,3,175957738,NA,NA,NA,NA
S3_175957746,3,175957746,NA,NA,NA,NA
S3_175964424,3,175964424,NA,NA,NA,NA
S3_175964446,3,175964446,NA,NA,NA,NA
S3_175964447,3,175964447,NA,NA,NA,NA
S3_176321304,3,176321304,NA,NA,NA,NA
S3_176321312,3,176321312,NA,NA,NA,NA
S3_176510638,3,176510638,NA,NA,NA,NA
S3_176511888,3,176511888,NA,NA,NA,NA
S3_176600618,3,176600618,NA,NA,NA,NA
S3_176783315,3,176783315,NA,NA,NA,NA
S3_176783317,3,176783317,NA,NA,NA,NA
S3_176783365,3,176783365,NA,NA,NA,NA
S3_176798758,3,176798758,NA,NA,NA,NA
S3_176803703,3,176803703,NA,NA,NA,NA
S3_176803706,3,176803706,NA,NA,NA,NA
S3_176805405,3,176805405,NA,NA,NA,NA
S3_176805408,3,176805408,NA,NA,NA,NA
S3_176805413,3,176805413,NA,NA,NA,NA
S3_1775697,3,1775697,NA,NA,NA,NA
S3_1775720,3,1775720,NA,NA,NA,NA
S3_1775728,3,1775728,NA,NA,NA,NA
S3_177676923,3,177676923,NA,NA,NA,NA
S3_178003004,3,178003004,NA,NA,NA,NA
S3_178004731,3,178004731,NA,NA,NA,NA
S3_178007149,3,178007149,NA,NA,NA,NA
S3_178065198,3,178065198,NA,NA,NA,NA
S3_178099426,3,178099426,NA,NA,NA,NA
S3_178099433,3,178099433,NA,NA,NA,NA
S3_178135993,3,178135993,NA,NA,NA,NA
S3_178136002,3,178136002,NA,NA,NA,NA
S3_178136006,3,178136006,NA,NA,NA,NA
S3_178136399,3,178136399,NA,NA,NA,NA
S3_178136401,3,178136401,NA,NA,NA,NA
S3_17831376,3,17831376,NA,NA,NA,NA
S3_17831379,3,17831379,NA,NA,NA,NA
S3_17831382,3,17831382,NA,NA,NA,NA
S3_178412760,3,178412760,NA,NA,NA,NA
S3_178413704,3,178413704,NA,NA,NA,NA
S3_178413715,3,178413715,NA,NA,NA,NA
S3_178540140,3,178540140,NA,NA,NA,NA
S3_178571675,3,178571675,NA,NA,NA,NA
S3_178847924,3,178847924,NA,NA,NA,NA
S3_178989990,3,178989990,NA,NA,NA,NA
S3_178992568,3,178992568,NA,NA,NA,NA
S3_179125790,3,179125790,NA,NA,NA,NA
S3_179125798,3,179125798,NA,NA,NA,NA
S3_179125814,3,179125814,NA,NA,NA,NA
S3_179125816,3,179125816,NA,NA,NA,NA
S3_179125821,3,179125821,NA,NA,NA,NA
S3_179125822,3,179125822,NA,NA,NA,NA
S3_179501764,3,179501764,NA,NA,NA,NA
S3_179501792,3,179501792,NA,NA,NA,NA
S3_179511489,3,179511489,NA,NA,NA,NA
S3_179796715,3,179796715,NA,NA,NA,NA
S3_180598399,3,180598399,NA,NA,NA,NA
S3_180598426,3,180598426,NA,NA,NA,NA
S3_180598427,3,180598427,NA,NA,NA,NA
S3_180667949,3,180667949,NA,NA,NA,NA
S3_18077025,3,18077025,NA,NA,NA,NA
S3_180778449,3,180778449,NA,NA,NA,NA
S3_180778452,3,180778452,NA,NA,NA,NA
S3_180824909,3,180824909,NA,NA,NA,NA
S3_180979173,3,180979173,NA,NA,NA,NA
S3_181071245,3,181071245,NA,NA,NA,NA
S3_181559598,3,181559598,NA,NA,NA,NA
S3_181559678,3,181559678,NA,NA,NA,NA
S3_181687965,3,181687965,NA,NA,NA,NA
S3_181751223,3,181751223,NA,NA,NA,NA
S3_181751769,3,181751769,NA,NA,NA,NA
S3_181751841,3,181751841,NA,NA,NA,NA
S3_181791332,3,181791332,NA,NA,NA,NA
S3_181815753,3,181815753,NA,NA,NA,NA
S3_181817230,3,181817230,NA,NA,NA,NA
S3_18184735,3,18184735,NA,NA,NA,NA
S3_18184749,3,18184749,NA,NA,NA,NA
S3_18184750,3,18184750,NA,NA,NA,NA
S3_18184751,3,18184751,NA,NA,NA,NA
S3_18184752,3,18184752,NA,NA,NA,NA
S3_18184754,3,18184754,NA,NA,NA,NA
S3_181910741,3,181910741,NA,NA,NA,NA
S3_181910824,3,181910824,NA,NA,NA,NA
S3_181910827,3,181910827,NA,NA,NA,NA
S3_181910828,3,181910828,NA,NA,NA,NA
S3_182589030,3,182589030,NA,NA,NA,NA
S3_182842551,3,182842551,NA,NA,NA,NA
S3_182842554,3,182842554,NA,NA,NA,NA
S3_182842555,3,182842555,NA,NA,NA,NA
S3_182842556,3,182842556,NA,NA,NA,NA
S3_182842557,3,182842557,NA,NA,NA,NA
S3_183865492,3,183865492,NA,NA,NA,NA
S3_183881614,3,183881614,NA,NA,NA,NA
S3_183881626,3,183881626,NA,NA,NA,NA
S3_183881629,3,183881629,NA,NA,NA,NA
S3_183887711,3,183887711,NA,NA,NA,NA
S3_184067910,3,184067910,NA,NA,NA,NA
S3_184121167,3,184121167,NA,NA,NA,NA
S3_184272853,3,184272853,NA,NA,NA,NA
S3_184365224,3,184365224,NA,NA,NA,NA
S3_184672873,3,184672873,NA,NA,NA,NA
S3_184817113,3,184817113,NA,NA,NA,NA
S3_184829805,3,184829805,NA,NA,NA,NA
S3_184829806,3,184829806,NA,NA,NA,NA
S3_184851769,3,184851769,NA,NA,NA,NA
S3_184851823,3,184851823,NA,NA,NA,NA
S3_185231672,3,185231672,NA,NA,NA,NA
S3_185256825,3,185256825,NA,NA,NA,NA
S3_185258754,3,185258754,NA,NA,NA,NA
S3_185258759,3,185258759,NA,NA,NA,NA
S3_185269810,3,185269810,NA,NA,NA,NA
S3_185269815,3,185269815,NA,NA,NA,NA
S3_185272840,3,185272840,NA,NA,NA,NA
S3_185761300,3,185761300,NA,NA,NA,NA
S3_185932370,3,185932370,NA,NA,NA,NA
S3_185932448,3,185932448,NA,NA,NA,NA
S3_185932449,3,185932449,NA,NA,NA,NA
S3_185932451,3,185932451,NA,NA,NA,NA
S3_185932452,3,185932452,NA,NA,NA,NA
S3_186198548,3,186198548,NA,NA,NA,NA
S3_186213505,3,186213505,NA,NA,NA,NA
S3_186271859,3,186271859,NA,NA,NA,NA
S3_18632237,3,18632237,NA,NA,NA,NA
S3_186375883,3,186375883,NA,NA,NA,NA
S3_186722887,3,186722887,NA,NA,NA,NA
S3_186725598,3,186725598,NA,NA,NA,NA
S3_186794001,3,186794001,NA,NA,NA,NA
S3_187338903,3,187338903,NA,NA,NA,NA
S3_187339733,3,187339733,NA,NA,NA,NA
S3_187460273,3,187460273,NA,NA,NA,NA
S3_187460281,3,187460281,NA,NA,NA,NA
S3_187475607,3,187475607,NA,NA,NA,NA
S3_187534741,3,187534741,NA,NA,NA,NA
S3_187649509,3,187649509,NA,NA,NA,NA
S3_187649622,3,187649622,NA,NA,NA,NA
S3_187649660,3,187649660,NA,NA,NA,NA
S3_187710908,3,187710908,NA,NA,NA,NA
S3_18818994,3,18818994,NA,NA,NA,NA
S3_18818997,3,18818997,NA,NA,NA,NA
S3_188337299,3,188337299,NA,NA,NA,NA
S3_188514222,3,188514222,NA,NA,NA,NA
S3_188530113,3,188530113,NA,NA,NA,NA
S3_188664071,3,188664071,NA,NA,NA,NA
S3_188824891,3,188824891,NA,NA,NA,NA
S3_188897414,3,188897414,NA,NA,NA,NA
S3_188897522,3,188897522,NA,NA,NA,NA
S3_188926823,3,188926823,NA,NA,NA,NA
S3_189354836,3,189354836,NA,NA,NA,NA
S3_189354847,3,189354847,NA,NA,NA,NA
S3_189354852,3,189354852,NA,NA,NA,NA
S3_189464939,3,189464939,NA,NA,NA,NA
S3_18999803,3,18999803,NA,NA,NA,NA
S3_190315265,3,190315265,NA,NA,NA,NA
S3_190315667,3,190315667,NA,NA,NA,NA
S3_190440986,3,190440986,NA,NA,NA,NA
S3_190458865,3,190458865,NA,NA,NA,NA
S3_190568556,3,190568556,NA,NA,NA,NA
S3_190568559,3,190568559,NA,NA,NA,NA
S3_190569087,3,190569087,NA,NA,NA,NA
S3_190569242,3,190569242,NA,NA,NA,NA
S3_190569250,3,190569250,NA,NA,NA,NA
S3_190569251,3,190569251,NA,NA,NA,NA
S3_190572581,3,190572581,NA,NA,NA,NA
S3_190572587,3,190572587,NA,NA,NA,NA
S3_190572590,3,190572590,NA,NA,NA,NA
S3_190572593,3,190572593,NA,NA,NA,NA
S3_19084408,3,19084408,NA,NA,NA,NA
S3_191060957,3,191060957,NA,NA,NA,NA
S3_191141742,3,191141742,NA,NA,NA,NA
S3_191330652,3,191330652,NA,NA,NA,NA
S3_191368816,3,191368816,NA,NA,NA,NA
S3_191528896,3,191528896,NA,NA,NA,NA
S3_191528901,3,191528901,NA,NA,NA,NA
S3_19165560,3,19165560,NA,NA,NA,NA
S3_191679513,3,191679513,NA,NA,NA,NA
S3_191841385,3,191841385,NA,NA,NA,NA
S3_192492066,3,192492066,NA,NA,NA,NA
S3_193306340,3,193306340,NA,NA,NA,NA
S3_193756629,3,193756629,NA,NA,NA,NA
S3_193756633,3,193756633,NA,NA,NA,NA
S3_193798490,3,193798490,NA,NA,NA,NA
S3_194254910,3,194254910,NA,NA,NA,NA
S3_194256042,3,194256042,NA,NA,NA,NA
S3_194354465,3,194354465,NA,NA,NA,NA
S3_194739628,3,194739628,NA,NA,NA,NA
S3_194820616,3,194820616,NA,NA,NA,NA
S3_194820617,3,194820617,NA,NA,NA,NA
S3_194820624,3,194820624,NA,NA,NA,NA
S3_194820627,3,194820627,NA,NA,NA,NA
S3_194820628,3,194820628,NA,NA,NA,NA
S3_194824026,3,194824026,NA,NA,NA,NA
S3_194890749,3,194890749,NA,NA,NA,NA
S3_194890750,3,194890750,NA,NA,NA,NA
S3_195247448,3,195247448,NA,NA,NA,NA
S3_195644446,3,195644446,NA,NA,NA,NA
S3_195882038,3,195882038,NA,NA,NA,NA
S3_195882039,3,195882039,NA,NA,NA,NA
S3_195926661,3,195926661,NA,NA,NA,NA
S3_195963782,3,195963782,NA,NA,NA,NA
S3_195964359,3,195964359,NA,NA,NA,NA
S3_196090265,3,196090265,NA,NA,NA,NA
S3_196090815,3,196090815,NA,NA,NA,NA
S3_196090818,3,196090818,NA,NA,NA,NA
S3_196155826,3,196155826,NA,NA,NA,NA
S3_196155832,3,196155832,NA,NA,NA,NA
S3_196206729,3,196206729,NA,NA,NA,NA
S3_196206735,3,196206735,NA,NA,NA,NA
S3_196208687,3,196208687,NA,NA,NA,NA
S3_1967831,3,1967831,NA,NA,NA,NA
S3_1967838,3,1967838,NA,NA,NA,NA
S3_197405567,3,197405567,NA,NA,NA,NA
S3_19784204,3,19784204,NA,NA,NA,NA
S3_19799169,3,19799169,NA,NA,NA,NA
S3_198215764,3,198215764,NA,NA,NA,NA
S3_198233972,3,198233972,NA,NA,NA,NA
S3_198233977,3,198233977,NA,NA,NA,NA
S3_198233984,3,198233984,NA,NA,NA,NA
S3_198376243,3,198376243,NA,NA,NA,NA
S3_198390960,3,198390960,NA,NA,NA,NA
S3_198392465,3,198392465,NA,NA,NA,NA
S3_198988615,3,198988615,NA,NA,NA,NA
S3_199028455,3,199028455,NA,NA,NA,NA
S3_199251063,3,199251063,NA,NA,NA,NA
S3_19939682,3,19939682,NA,NA,NA,NA
S3_199494175,3,199494175,NA,NA,NA,NA
S3_199664563,3,199664563,NA,NA,NA,NA
S3_199664635,3,199664635,NA,NA,NA,NA
S3_199664641,3,199664641,NA,NA,NA,NA
S3_19968946,3,19968946,NA,NA,NA,NA
S3_199746007,3,199746007,NA,NA,NA,NA
S3_199852940,3,199852940,NA,NA,NA,NA
S3_200192276,3,200192276,NA,NA,NA,NA
S3_200219418,3,200219418,NA,NA,NA,NA
S3_200219433,3,200219433,NA,NA,NA,NA
S3_200219436,3,200219436,NA,NA,NA,NA
S3_201013951,3,201013951,NA,NA,NA,NA
S3_201048439,3,201048439,NA,NA,NA,NA
S3_201189615,3,201189615,NA,NA,NA,NA
S3_201189630,3,201189630,NA,NA,NA,NA
S3_201189668,3,201189668,NA,NA,NA,NA
S3_201301860,3,201301860,NA,NA,NA,NA
S3_201309933,3,201309933,NA,NA,NA,NA
S3_201330279,3,201330279,NA,NA,NA,NA
S3_201330293,3,201330293,NA,NA,NA,NA
S3_201987514,3,201987514,NA,NA,NA,NA
S3_202113837,3,202113837,NA,NA,NA,NA
S3_202768378,3,202768378,NA,NA,NA,NA
S3_202834865,3,202834865,NA,NA,NA,NA
S3_202932685,3,202932685,NA,NA,NA,NA
S3_204126924,3,204126924,NA,NA,NA,NA
S3_204131202,3,204131202,NA,NA,NA,NA
S3_204131203,3,204131203,NA,NA,NA,NA
S3_204131204,3,204131204,NA,NA,NA,NA
S3_204131212,3,204131212,NA,NA,NA,NA
S3_20417469,3,20417469,NA,NA,NA,NA
S3_20417487,3,20417487,NA,NA,NA,NA
S3_204356759,3,204356759,NA,NA,NA,NA
S3_204356835,3,204356835,NA,NA,NA,NA
S3_204475028,3,204475028,NA,NA,NA,NA
S3_204586960,3,204586960,NA,NA,NA,NA
S3_204644559,3,204644559,NA,NA,NA,NA
S3_205001842,3,205001842,NA,NA,NA,NA
S3_205010590,3,205010590,NA,NA,NA,NA
S3_205010603,3,205010603,NA,NA,NA,NA
S3_205242866,3,205242866,NA,NA,NA,NA
S3_205242872,3,205242872,NA,NA,NA,NA
S3_205242967,3,205242967,NA,NA,NA,NA
S3_205375187,3,205375187,NA,NA,NA,NA
S3_205392756,3,205392756,NA,NA,NA,NA
S3_205392757,3,205392757,NA,NA,NA,NA
S3_205393025,3,205393025,NA,NA,NA,NA
S3_205393028,3,205393028,NA,NA,NA,NA
S3_205393031,3,205393031,NA,NA,NA,NA
S3_205474560,3,205474560,NA,NA,NA,NA
S3_205600271,3,205600271,NA,NA,NA,NA
S3_205779295,3,205779295,NA,NA,NA,NA
S3_206193023,3,206193023,NA,NA,NA,NA
S3_206481917,3,206481917,NA,NA,NA,NA
S3_206481929,3,206481929,NA,NA,NA,NA
S3_206551361,3,206551361,NA,NA,NA,NA
S3_206551474,3,206551474,NA,NA,NA,NA
S3_2065978,3,2065978,NA,NA,NA,NA
S3_2066653,3,2066653,NA,NA,NA,NA
S3_206691100,3,206691100,NA,NA,NA,NA
S3_206691106,3,206691106,NA,NA,NA,NA
S3_206691109,3,206691109,NA,NA,NA,NA
S3_206752202,3,206752202,NA,NA,NA,NA
S3_2067782,3,2067782,NA,NA,NA,NA
S3_206836424,3,206836424,NA,NA,NA,NA
S3_206842090,3,206842090,NA,NA,NA,NA
S3_20704052,3,20704052,NA,NA,NA,NA
S3_207246099,3,207246099,NA,NA,NA,NA
S3_207715796,3,207715796,NA,NA,NA,NA
S3_207772631,3,207772631,NA,NA,NA,NA
S3_2083368,3,2083368,NA,NA,NA,NA
S3_209023396,3,209023396,NA,NA,NA,NA
S3_209067947,3,209067947,NA,NA,NA,NA
S3_209078377,3,209078377,NA,NA,NA,NA
S3_209078796,3,209078796,NA,NA,NA,NA
S3_209138286,3,209138286,NA,NA,NA,NA
S3_209548410,3,209548410,NA,NA,NA,NA
S3_209548413,3,209548413,NA,NA,NA,NA
S3_209548444,3,209548444,NA,NA,NA,NA
S3_209643596,3,209643596,NA,NA,NA,NA
S3_209735375,3,209735375,NA,NA,NA,NA
S3_209739347,3,209739347,NA,NA,NA,NA
S3_210261037,3,210261037,NA,NA,NA,NA
S3_210261066,3,210261066,NA,NA,NA,NA
S3_210426079,3,210426079,NA,NA,NA,NA
S3_210526491,3,210526491,NA,NA,NA,NA
S3_210558765,3,210558765,NA,NA,NA,NA
S3_210583965,3,210583965,NA,NA,NA,NA
S3_210584066,3,210584066,NA,NA,NA,NA
S3_210584423,3,210584423,NA,NA,NA,NA
S3_210747259,3,210747259,NA,NA,NA,NA
S3_210749285,3,210749285,NA,NA,NA,NA
S3_210821342,3,210821342,NA,NA,NA,NA
S3_211146674,3,211146674,NA,NA,NA,NA
S3_211384622,3,211384622,NA,NA,NA,NA
S3_211685313,3,211685313,NA,NA,NA,NA
S3_2117220,3,2117220,NA,NA,NA,NA
S3_2117239,3,2117239,NA,NA,NA,NA
S3_2118386,3,2118386,NA,NA,NA,NA
S3_2118394,3,2118394,NA,NA,NA,NA
S3_2118414,3,2118414,NA,NA,NA,NA
S3_212406519,3,212406519,NA,NA,NA,NA
S3_212411085,3,212411085,NA,NA,NA,NA
S3_212462271,3,212462271,NA,NA,NA,NA
S3_212501774,3,212501774,NA,NA,NA,NA
S3_212547633,3,212547633,NA,NA,NA,NA
S3_21260915,3,21260915,NA,NA,NA,NA
S3_21260986,3,21260986,NA,NA,NA,NA
S3_212706861,3,212706861,NA,NA,NA,NA
S3_212740086,3,212740086,NA,NA,NA,NA
S3_212832592,3,212832592,NA,NA,NA,NA
S3_213394752,3,213394752,NA,NA,NA,NA
S3_213548502,3,213548502,NA,NA,NA,NA
S3_213559818,3,213559818,NA,NA,NA,NA
S3_213559820,3,213559820,NA,NA,NA,NA
S3_213655378,3,213655378,NA,NA,NA,NA
S3_213778580,3,213778580,NA,NA,NA,NA
S3_213778585,3,213778585,NA,NA,NA,NA
S3_213795063,3,213795063,NA,NA,NA,NA
S3_213804029,3,213804029,NA,NA,NA,NA
S3_214208936,3,214208936,NA,NA,NA,NA
S3_214274034,3,214274034,NA,NA,NA,NA
S3_214368150,3,214368150,NA,NA,NA,NA
S3_214368199,3,214368199,NA,NA,NA,NA
S3_214368200,3,214368200,NA,NA,NA,NA
S3_214369433,3,214369433,NA,NA,NA,NA
S3_214369435,3,214369435,NA,NA,NA,NA
S3_214643377,3,214643377,NA,NA,NA,NA
S3_2147074,3,2147074,NA,NA,NA,NA
S3_214713619,3,214713619,NA,NA,NA,NA
S3_214713620,3,214713620,NA,NA,NA,NA
S3_214713832,3,214713832,NA,NA,NA,NA
S3_214713834,3,214713834,NA,NA,NA,NA
S3_214716190,3,214716190,NA,NA,NA,NA
S3_214794753,3,214794753,NA,NA,NA,NA
S3_214830240,3,214830240,NA,NA,NA,NA
S3_214830241,3,214830241,NA,NA,NA,NA
S3_214830250,3,214830250,NA,NA,NA,NA
S3_214830258,3,214830258,NA,NA,NA,NA
S3_215089037,3,215089037,NA,NA,NA,NA
S3_215089047,3,215089047,NA,NA,NA,NA
S3_215089048,3,215089048,NA,NA,NA,NA
S3_215214297,3,215214297,NA,NA,NA,NA
S3_215373671,3,215373671,NA,NA,NA,NA
S3_215373889,3,215373889,NA,NA,NA,NA
S3_2155651,3,2155651,NA,NA,NA,NA
S3_2156067,3,2156067,NA,NA,NA,NA
S3_21563863,3,21563863,NA,NA,NA,NA
S3_21564327,3,21564327,NA,NA,NA,NA
S3_21564954,3,21564954,NA,NA,NA,NA
S3_215758028,3,215758028,NA,NA,NA,NA
S3_215758065,3,215758065,NA,NA,NA,NA
S3_215758452,3,215758452,NA,NA,NA,NA
S3_215786813,3,215786813,NA,NA,NA,NA
S3_215849898,3,215849898,NA,NA,NA,NA
S3_215903077,3,215903077,NA,NA,NA,NA
S3_216246402,3,216246402,NA,NA,NA,NA
S3_216257504,3,216257504,NA,NA,NA,NA
S3_216257508,3,216257508,NA,NA,NA,NA
S3_216257558,3,216257558,NA,NA,NA,NA
S3_216257614,3,216257614,NA,NA,NA,NA
S3_216306244,3,216306244,NA,NA,NA,NA
S3_216306264,3,216306264,NA,NA,NA,NA
S3_21635393,3,21635393,NA,NA,NA,NA
S3_216479386,3,216479386,NA,NA,NA,NA
S3_216479416,3,216479416,NA,NA,NA,NA
S3_216479420,3,216479420,NA,NA,NA,NA
S3_216527900,3,216527900,NA,NA,NA,NA
S3_216649294,3,216649294,NA,NA,NA,NA
S3_216876062,3,216876062,NA,NA,NA,NA
S3_216987631,3,216987631,NA,NA,NA,NA
S3_216987632,3,216987632,NA,NA,NA,NA
S3_217096303,3,217096303,NA,NA,NA,NA
S3_217237920,3,217237920,NA,NA,NA,NA
S3_217293321,3,217293321,NA,NA,NA,NA
S3_217359376,3,217359376,NA,NA,NA,NA
S3_217462427,3,217462427,NA,NA,NA,NA
S3_217462431,3,217462431,NA,NA,NA,NA
S3_217462432,3,217462432,NA,NA,NA,NA
S3_217462436,3,217462436,NA,NA,NA,NA
S3_217462921,3,217462921,NA,NA,NA,NA
S3_217463693,3,217463693,NA,NA,NA,NA
S3_217463708,3,217463708,NA,NA,NA,NA
S3_217572809,3,217572809,NA,NA,NA,NA
S3_217669646,3,217669646,NA,NA,NA,NA
S3_217669650,3,217669650,NA,NA,NA,NA
S3_217705002,3,217705002,NA,NA,NA,NA
S3_217705046,3,217705046,NA,NA,NA,NA
S3_217820634,3,217820634,NA,NA,NA,NA
S3_217820636,3,217820636,NA,NA,NA,NA
S3_217820637,3,217820637,NA,NA,NA,NA
S3_217820646,3,217820646,NA,NA,NA,NA
S3_217820647,3,217820647,NA,NA,NA,NA
S3_217820650,3,217820650,NA,NA,NA,NA
S3_218006341,3,218006341,NA,NA,NA,NA
S3_218013984,3,218013984,NA,NA,NA,NA
S3_218013991,3,218013991,NA,NA,NA,NA
S3_218013995,3,218013995,NA,NA,NA,NA
S3_218176497,3,218176497,NA,NA,NA,NA
S3_218188285,3,218188285,NA,NA,NA,NA
S3_218188286,3,218188286,NA,NA,NA,NA
S3_218188287,3,218188287,NA,NA,NA,NA
S3_218188288,3,218188288,NA,NA,NA,NA
S3_219064071,3,219064071,NA,NA,NA,NA
S3_219182186,3,219182186,NA,NA,NA,NA
S3_219182702,3,219182702,NA,NA,NA,NA
S3_219182730,3,219182730,NA,NA,NA,NA
S3_219182739,3,219182739,NA,NA,NA,NA
S3_219182789,3,219182789,NA,NA,NA,NA
S3_219182816,3,219182816,NA,NA,NA,NA
S3_219183047,3,219183047,NA,NA,NA,NA
S3_219183052,3,219183052,NA,NA,NA,NA
S3_219183455,3,219183455,NA,NA,NA,NA
S3_219183489,3,219183489,NA,NA,NA,NA
S3_219293551,3,219293551,NA,NA,NA,NA
S3_219293553,3,219293553,NA,NA,NA,NA
S3_219373746,3,219373746,NA,NA,NA,NA
S3_219374583,3,219374583,NA,NA,NA,NA
S3_219398807,3,219398807,NA,NA,NA,NA
S3_219400313,3,219400313,NA,NA,NA,NA
S3_219467000,3,219467000,NA,NA,NA,NA
S3_219578008,3,219578008,NA,NA,NA,NA
S3_219578166,3,219578166,NA,NA,NA,NA
S3_219699250,3,219699250,NA,NA,NA,NA
S3_219699256,3,219699256,NA,NA,NA,NA
S3_220027085,3,220027085,NA,NA,NA,NA
S3_220028054,3,220028054,NA,NA,NA,NA
S3_220111285,3,220111285,NA,NA,NA,NA
S3_220678724,3,220678724,NA,NA,NA,NA
S3_220681834,3,220681834,NA,NA,NA,NA
S3_220767370,3,220767370,NA,NA,NA,NA
S3_220767382,3,220767382,NA,NA,NA,NA
S3_220767385,3,220767385,NA,NA,NA,NA
S3_220855248,3,220855248,NA,NA,NA,NA
S3_220855254,3,220855254,NA,NA,NA,NA
S3_220855260,3,220855260,NA,NA,NA,NA
S3_220857509,3,220857509,NA,NA,NA,NA
S3_2211224,3,2211224,NA,NA,NA,NA
S3_221275233,3,221275233,NA,NA,NA,NA
S3_221440469,3,221440469,NA,NA,NA,NA
S3_221540801,3,221540801,NA,NA,NA,NA
S3_221581517,3,221581517,NA,NA,NA,NA
S3_221687516,3,221687516,NA,NA,NA,NA
S3_221694904,3,221694904,NA,NA,NA,NA
S3_221694978,3,221694978,NA,NA,NA,NA
S3_221915060,3,221915060,NA,NA,NA,NA
S3_221953314,3,221953314,NA,NA,NA,NA
S3_2220697,3,2220697,NA,NA,NA,NA
S3_2220712,3,2220712,NA,NA,NA,NA
S3_222426245,3,222426245,NA,NA,NA,NA
S3_22250668,3,22250668,NA,NA,NA,NA
S3_222623648,3,222623648,NA,NA,NA,NA
S3_222623688,3,222623688,NA,NA,NA,NA
S3_222730425,3,222730425,NA,NA,NA,NA
S3_222730462,3,222730462,NA,NA,NA,NA
S3_223089531,3,223089531,NA,NA,NA,NA
S3_223090786,3,223090786,NA,NA,NA,NA
S3_223309794,3,223309794,NA,NA,NA,NA
S3_223309811,3,223309811,NA,NA,NA,NA
S3_223642032,3,223642032,NA,NA,NA,NA
S3_223748019,3,223748019,NA,NA,NA,NA
S3_223748034,3,223748034,NA,NA,NA,NA
S3_22375767,3,22375767,NA,NA,NA,NA
S3_22375782,3,22375782,NA,NA,NA,NA
S3_22375786,3,22375786,NA,NA,NA,NA
S3_223764039,3,223764039,NA,NA,NA,NA
S3_22382193,3,22382193,NA,NA,NA,NA
S3_223961623,3,223961623,NA,NA,NA,NA
S3_223961624,3,223961624,NA,NA,NA,NA
S3_223961679,3,223961679,NA,NA,NA,NA
S3_223961680,3,223961680,NA,NA,NA,NA
S3_223961682,3,223961682,NA,NA,NA,NA
S3_223961683,3,223961683,NA,NA,NA,NA
S3_223961691,3,223961691,NA,NA,NA,NA
S3_223961692,3,223961692,NA,NA,NA,NA
S3_223961693,3,223961693,NA,NA,NA,NA
S3_223961695,3,223961695,NA,NA,NA,NA
S3_224001544,3,224001544,NA,NA,NA,NA
S3_224675787,3,224675787,NA,NA,NA,NA
S3_224924732,3,224924732,NA,NA,NA,NA
S3_224924736,3,224924736,NA,NA,NA,NA
S3_224924748,3,224924748,NA,NA,NA,NA
S3_225119933,3,225119933,NA,NA,NA,NA
S3_22563256,3,22563256,NA,NA,NA,NA
S3_225898385,3,225898385,NA,NA,NA,NA
S3_226763987,3,226763987,NA,NA,NA,NA
S3_226764926,3,226764926,NA,NA,NA,NA
S3_226807868,3,226807868,NA,NA,NA,NA
S3_226822476,3,226822476,NA,NA,NA,NA
S3_226873184,3,226873184,NA,NA,NA,NA
S3_226971405,3,226971405,NA,NA,NA,NA
S3_227046842,3,227046842,NA,NA,NA,NA
S3_227273474,3,227273474,NA,NA,NA,NA
S3_227279385,3,227279385,NA,NA,NA,NA
S3_227396732,3,227396732,NA,NA,NA,NA
S3_227396792,3,227396792,NA,NA,NA,NA
S3_227426253,3,227426253,NA,NA,NA,NA
S3_227426263,3,227426263,NA,NA,NA,NA
S3_227426264,3,227426264,NA,NA,NA,NA
S3_227586202,3,227586202,NA,NA,NA,NA
S3_227586233,3,227586233,NA,NA,NA,NA
S3_227586234,3,227586234,NA,NA,NA,NA
S3_227586235,3,227586235,NA,NA,NA,NA
S3_227824603,3,227824603,NA,NA,NA,NA
S3_227824614,3,227824614,NA,NA,NA,NA
S3_227937781,3,227937781,NA,NA,NA,NA
S3_22888794,3,22888794,NA,NA,NA,NA
S3_22888800,3,22888800,NA,NA,NA,NA
S3_228998162,3,228998162,NA,NA,NA,NA
S3_228998540,3,228998540,NA,NA,NA,NA
S3_228998542,3,228998542,NA,NA,NA,NA
S3_229035837,3,229035837,NA,NA,NA,NA
S3_229035855,3,229035855,NA,NA,NA,NA
S3_229035910,3,229035910,NA,NA,NA,NA
S3_229035915,3,229035915,NA,NA,NA,NA
S3_229036058,3,229036058,NA,NA,NA,NA
S3_229036088,3,229036088,NA,NA,NA,NA
S3_229036095,3,229036095,NA,NA,NA,NA
S3_229036100,3,229036100,NA,NA,NA,NA
S3_229036105,3,229036105,NA,NA,NA,NA
S3_22958630,3,22958630,NA,NA,NA,NA
S3_229865961,3,229865961,NA,NA,NA,NA
S3_23012344,3,23012344,NA,NA,NA,NA
S3_230158386,3,230158386,NA,NA,NA,NA
S3_230158388,3,230158388,NA,NA,NA,NA
S3_230255870,3,230255870,NA,NA,NA,NA
S3_230527723,3,230527723,NA,NA,NA,NA
S3_230659060,3,230659060,NA,NA,NA,NA
S3_230659061,3,230659061,NA,NA,NA,NA
S3_231823977,3,231823977,NA,NA,NA,NA
S3_231993718,3,231993718,NA,NA,NA,NA
S3_231993749,3,231993749,NA,NA,NA,NA
S3_23493493,3,23493493,NA,NA,NA,NA
S3_23493494,3,23493494,NA,NA,NA,NA
S3_23683912,3,23683912,NA,NA,NA,NA
S3_23684161,3,23684161,NA,NA,NA,NA
S3_24354497,3,24354497,NA,NA,NA,NA
S3_24475254,3,24475254,NA,NA,NA,NA
S3_24475258,3,24475258,NA,NA,NA,NA
S3_24475264,3,24475264,NA,NA,NA,NA
S3_2458473,3,2458473,NA,NA,NA,NA
S3_2458485,3,2458485,NA,NA,NA,NA
S3_25220842,3,25220842,NA,NA,NA,NA
S3_2583127,3,2583127,NA,NA,NA,NA
S3_2583149,3,2583149,NA,NA,NA,NA
S3_25921600,3,25921600,NA,NA,NA,NA
S3_25921602,3,25921602,NA,NA,NA,NA
S3_2594265,3,2594265,NA,NA,NA,NA
S3_26006828,3,26006828,NA,NA,NA,NA
S3_26022938,3,26022938,NA,NA,NA,NA
S3_26100806,3,26100806,NA,NA,NA,NA
S3_2624199,3,2624199,NA,NA,NA,NA
S3_2624202,3,2624202,NA,NA,NA,NA
S3_2624203,3,2624203,NA,NA,NA,NA
S3_2624206,3,2624206,NA,NA,NA,NA
S3_26308888,3,26308888,NA,NA,NA,NA
S3_26308891,3,26308891,NA,NA,NA,NA
S3_2744601,3,2744601,NA,NA,NA,NA
S3_28610598,3,28610598,NA,NA,NA,NA
S3_28638020,3,28638020,NA,NA,NA,NA
S3_28639258,3,28639258,NA,NA,NA,NA
S3_28918287,3,28918287,NA,NA,NA,NA
S3_29012934,3,29012934,NA,NA,NA,NA
S3_2920285,3,2920285,NA,NA,NA,NA
S3_2920296,3,2920296,NA,NA,NA,NA
S3_2920297,3,2920297,NA,NA,NA,NA
S3_2957415,3,2957415,NA,NA,NA,NA
S3_2957424,3,2957424,NA,NA,NA,NA
S3_29576073,3,29576073,NA,NA,NA,NA
S3_29979078,3,29979078,NA,NA,NA,NA
S3_30010305,3,30010305,NA,NA,NA,NA
S3_30213200,3,30213200,NA,NA,NA,NA
S3_30923187,3,30923187,NA,NA,NA,NA
S3_3110350,3,3110350,NA,NA,NA,NA
S3_3110361,3,3110361,NA,NA,NA,NA
S3_3123403,3,3123403,NA,NA,NA,NA
S3_31388718,3,31388718,NA,NA,NA,NA
S3_31449087,3,31449087,NA,NA,NA,NA
S3_31449094,3,31449094,NA,NA,NA,NA
S3_31449099,3,31449099,NA,NA,NA,NA
S3_32033758,3,32033758,NA,NA,NA,NA
S3_32033817,3,32033817,NA,NA,NA,NA
S3_32128419,3,32128419,NA,NA,NA,NA
S3_32128420,3,32128420,NA,NA,NA,NA
S3_32246059,3,32246059,NA,NA,NA,NA
S3_32246062,3,32246062,NA,NA,NA,NA
S3_32249869,3,32249869,NA,NA,NA,NA
S3_32249975,3,32249975,NA,NA,NA,NA
S3_32410717,3,32410717,NA,NA,NA,NA
S3_32410718,3,32410718,NA,NA,NA,NA
S3_32542526,3,32542526,NA,NA,NA,NA
S3_32544324,3,32544324,NA,NA,NA,NA
S3_33745542,3,33745542,NA,NA,NA,NA
S3_33764253,3,33764253,NA,NA,NA,NA
S3_33764266,3,33764266,NA,NA,NA,NA
S3_33971682,3,33971682,NA,NA,NA,NA
S3_33971813,3,33971813,NA,NA,NA,NA
S3_33971825,3,33971825,NA,NA,NA,NA
S3_34143428,3,34143428,NA,NA,NA,NA
S3_34143431,3,34143431,NA,NA,NA,NA
S3_3428913,3,3428913,NA,NA,NA,NA
S3_34671956,3,34671956,NA,NA,NA,NA
S3_34681473,3,34681473,NA,NA,NA,NA
S3_3478922,3,3478922,NA,NA,NA,NA
S3_34949704,3,34949704,NA,NA,NA,NA
S3_3500706,3,3500706,NA,NA,NA,NA
S3_3500708,3,3500708,NA,NA,NA,NA
S3_3525325,3,3525325,NA,NA,NA,NA
S3_3525331,3,3525331,NA,NA,NA,NA
S3_3525332,3,3525332,NA,NA,NA,NA
S3_3525406,3,3525406,NA,NA,NA,NA
S3_3525416,3,3525416,NA,NA,NA,NA
S3_3555800,3,3555800,NA,NA,NA,NA
S3_35667425,3,35667425,NA,NA,NA,NA
S3_36217761,3,36217761,NA,NA,NA,NA
S3_36217770,3,36217770,NA,NA,NA,NA
S3_36217857,3,36217857,NA,NA,NA,NA
S3_36217921,3,36217921,NA,NA,NA,NA
S3_36218027,3,36218027,NA,NA,NA,NA
S3_36223640,3,36223640,NA,NA,NA,NA
S3_36223647,3,36223647,NA,NA,NA,NA
S3_36592858,3,36592858,NA,NA,NA,NA
S3_3698804,3,3698804,NA,NA,NA,NA
S3_3707633,3,3707633,NA,NA,NA,NA
S3_37161616,3,37161616,NA,NA,NA,NA
S3_3716169,3,3716169,NA,NA,NA,NA
S3_37828847,3,37828847,NA,NA,NA,NA
S3_38053712,3,38053712,NA,NA,NA,NA
S3_38638567,3,38638567,NA,NA,NA,NA
S3_3912907,3,3912907,NA,NA,NA,NA
S3_3913054,3,3913054,NA,NA,NA,NA
S3_39295350,3,39295350,NA,NA,NA,NA
S3_40065285,3,40065285,NA,NA,NA,NA
S3_40446894,3,40446894,NA,NA,NA,NA
S3_4065004,3,4065004,NA,NA,NA,NA
S3_41191712,3,41191712,NA,NA,NA,NA
S3_41191726,3,41191726,NA,NA,NA,NA
S3_41191732,3,41191732,NA,NA,NA,NA
S3_41242147,3,41242147,NA,NA,NA,NA
S3_41401503,3,41401503,NA,NA,NA,NA
S3_4203269,3,4203269,NA,NA,NA,NA
S3_43360664,3,43360664,NA,NA,NA,NA
S3_4339396,3,4339396,NA,NA,NA,NA
S3_4339869,3,4339869,NA,NA,NA,NA
S3_4339872,3,4339872,NA,NA,NA,NA
S3_4339884,3,4339884,NA,NA,NA,NA
S3_4339885,3,4339885,NA,NA,NA,NA
S3_4339886,3,4339886,NA,NA,NA,NA
S3_4340258,3,4340258,NA,NA,NA,NA
S3_4343581,3,4343581,NA,NA,NA,NA
S3_43645715,3,43645715,NA,NA,NA,NA
S3_43662099,3,43662099,NA,NA,NA,NA
S3_44412144,3,44412144,NA,NA,NA,NA
S3_45047385,3,45047385,NA,NA,NA,NA
S3_4540032,3,4540032,NA,NA,NA,NA
S3_4708549,3,4708549,NA,NA,NA,NA
S3_47337484,3,47337484,NA,NA,NA,NA
S3_47463783,3,47463783,NA,NA,NA,NA
S3_4752985,3,4752985,NA,NA,NA,NA
S3_4758111,3,4758111,NA,NA,NA,NA
S3_47592718,3,47592718,NA,NA,NA,NA
S3_47592720,3,47592720,NA,NA,NA,NA
S3_47831879,3,47831879,NA,NA,NA,NA
S3_48042661,3,48042661,NA,NA,NA,NA
S3_48042690,3,48042690,NA,NA,NA,NA
S3_48102022,3,48102022,NA,NA,NA,NA
S3_4835255,3,4835255,NA,NA,NA,NA
S3_48493977,3,48493977,NA,NA,NA,NA
S3_48494074,3,48494074,NA,NA,NA,NA
S3_48807819,3,48807819,NA,NA,NA,NA
S3_50096392,3,50096392,NA,NA,NA,NA
S3_52309234,3,52309234,NA,NA,NA,NA
S3_54115599,3,54115599,NA,NA,NA,NA
S3_54115601,3,54115601,NA,NA,NA,NA
S3_54118228,3,54118228,NA,NA,NA,NA
S3_54119654,3,54119654,NA,NA,NA,NA
S3_54119663,3,54119663,NA,NA,NA,NA
S3_54119676,3,54119676,NA,NA,NA,NA
S3_54469325,3,54469325,NA,NA,NA,NA
S3_54469327,3,54469327,NA,NA,NA,NA
S3_54472637,3,54472637,NA,NA,NA,NA
S3_55374003,3,55374003,NA,NA,NA,NA
S3_55374004,3,55374004,NA,NA,NA,NA
S3_55445717,3,55445717,NA,NA,NA,NA
S3_55445718,3,55445718,NA,NA,NA,NA
S3_5566799,3,5566799,NA,NA,NA,NA
S3_5587851,3,5587851,NA,NA,NA,NA
S3_56014304,3,56014304,NA,NA,NA,NA
S3_56042882,3,56042882,NA,NA,NA,NA
S3_56042898,3,56042898,NA,NA,NA,NA
S3_56282941,3,56282941,NA,NA,NA,NA
S3_56287115,3,56287115,NA,NA,NA,NA
S3_56324775,3,56324775,NA,NA,NA,NA
S3_56468605,3,56468605,NA,NA,NA,NA
S3_56477070,3,56477070,NA,NA,NA,NA
S3_56477180,3,56477180,NA,NA,NA,NA
S3_56477190,3,56477190,NA,NA,NA,NA
S3_5669217,3,5669217,NA,NA,NA,NA
S3_5669534,3,5669534,NA,NA,NA,NA
S3_56812549,3,56812549,NA,NA,NA,NA
S3_56900398,3,56900398,NA,NA,NA,NA
S3_56990280,3,56990280,NA,NA,NA,NA
S3_57145659,3,57145659,NA,NA,NA,NA
S3_57372303,3,57372303,NA,NA,NA,NA
S3_5791629,3,5791629,NA,NA,NA,NA
S3_57990488,3,57990488,NA,NA,NA,NA
S3_57990848,3,57990848,NA,NA,NA,NA
S3_58305008,3,58305008,NA,NA,NA,NA
S3_58714091,3,58714091,NA,NA,NA,NA
S3_58714597,3,58714597,NA,NA,NA,NA
S3_58714600,3,58714600,NA,NA,NA,NA
S3_5885309,3,5885309,NA,NA,NA,NA
S3_5957818,3,5957818,NA,NA,NA,NA
S3_5957843,3,5957843,NA,NA,NA,NA
S3_5957850,3,5957850,NA,NA,NA,NA
S3_5987974,3,5987974,NA,NA,NA,NA
S3_5995759,3,5995759,NA,NA,NA,NA
S3_6001844,3,6001844,NA,NA,NA,NA
S3_6002104,3,6002104,NA,NA,NA,NA
S3_6002106,3,6002106,NA,NA,NA,NA
S3_60251589,3,60251589,NA,NA,NA,NA
S3_60251769,3,60251769,NA,NA,NA,NA
S3_60251771,3,60251771,NA,NA,NA,NA
S3_60645411,3,60645411,NA,NA,NA,NA
S3_60645513,3,60645513,NA,NA,NA,NA
S3_60645521,3,60645521,NA,NA,NA,NA
S3_6088649,3,6088649,NA,NA,NA,NA
S3_63178016,3,63178016,NA,NA,NA,NA
S3_64203777,3,64203777,NA,NA,NA,NA
S3_64279839,3,64279839,NA,NA,NA,NA
S3_64661569,3,64661569,NA,NA,NA,NA
S3_66109657,3,66109657,NA,NA,NA,NA
S3_66730471,3,66730471,NA,NA,NA,NA
S3_6682054,3,6682054,NA,NA,NA,NA
S3_6685035,3,6685035,NA,NA,NA,NA
S3_6685038,3,6685038,NA,NA,NA,NA
S3_66949324,3,66949324,NA,NA,NA,NA
S3_67169907,3,67169907,NA,NA,NA,NA
S3_67169914,3,67169914,NA,NA,NA,NA
S3_67690971,3,67690971,NA,NA,NA,NA
S3_6938645,3,6938645,NA,NA,NA,NA
S3_6969224,3,6969224,NA,NA,NA,NA
S3_69767003,3,69767003,NA,NA,NA,NA
S3_69954241,3,69954241,NA,NA,NA,NA
S3_7606197,3,7606197,NA,NA,NA,NA
S3_76139757,3,76139757,NA,NA,NA,NA
S3_7684726,3,7684726,NA,NA,NA,NA
S3_7747796,3,7747796,NA,NA,NA,NA
S3_8124638,3,8124638,NA,NA,NA,NA
S3_8216117,3,8216117,NA,NA,NA,NA
S3_8216129,3,8216129,NA,NA,NA,NA
S3_8218957,3,8218957,NA,NA,NA,NA
S3_8270635,3,8270635,NA,NA,NA,NA
S3_8300745,3,8300745,NA,NA,NA,NA
S3_83690496,3,83690496,NA,NA,NA,NA
S3_83690497,3,83690497,NA,NA,NA,NA
S3_84007165,3,84007165,NA,NA,NA,NA
S3_8592866,3,8592866,NA,NA,NA,NA
S3_8617685,3,8617685,NA,NA,NA,NA
S3_8617688,3,8617688,NA,NA,NA,NA
S3_86320930,3,86320930,NA,NA,NA,NA
S3_86356023,3,86356023,NA,NA,NA,NA
S3_86840567,3,86840567,NA,NA,NA,NA
S3_87781482,3,87781482,NA,NA,NA,NA
S3_87781483,3,87781483,NA,NA,NA,NA
S3_88011704,3,88011704,NA,NA,NA,NA
S3_9039064,3,9039064,NA,NA,NA,NA
S3_9070378,3,9070378,NA,NA,NA,NA
S3_9115119,3,9115119,NA,NA,NA,NA
S3_91485417,3,91485417,NA,NA,NA,NA
S3_92264228,3,92264228,NA,NA,NA,NA
S3_9234622,3,9234622,NA,NA,NA,NA
S3_93083985,3,93083985,NA,NA,NA,NA
S3_93088944,3,93088944,NA,NA,NA,NA
S3_93986219,3,93986219,NA,NA,NA,NA
S3_94136969,3,94136969,NA,NA,NA,NA
S3_94577443,3,94577443,NA,NA,NA,NA
S3_9707709,3,9707709,NA,NA,NA,NA
S3_9707715,3,9707715,NA,NA,NA,NA
S3_9707716,3,9707716,NA,NA,NA,NA
S3_9707717,3,9707717,NA,NA,NA,NA
S3_9802912,3,9802912,NA,NA,NA,NA
S3_98455673,3,98455673,NA,NA,NA,NA
S3_98455674,3,98455674,NA,NA,NA,NA
S3_9863324,3,9863324,NA,NA,NA,NA
S3_9863355,3,9863355,NA,NA,NA,NA
S3_9948462,3,9948462,NA,NA,NA,NA
S3_9949721,3,9949721,NA,NA,NA,NA
S3_9949722,3,9949722,NA,NA,NA,NA
S3_99502543,3,99502543,NA,NA,NA,NA
S4_10216369,4,10216369,NA,NA,NA,NA
S4_10217782,4,10217782,NA,NA,NA,NA
S4_10218140,4,10218140,NA,NA,NA,NA
S4_1046610,4,1046610,NA,NA,NA,NA
S4_10484036,4,10484036,NA,NA,NA,NA
S4_10651614,4,10651614,NA,NA,NA,NA
S4_10772510,4,10772510,NA,NA,NA,NA
S4_10796121,4,10796121,NA,NA,NA,NA
S4_11266687,4,11266687,NA,NA,NA,NA
S4_114276437,4,114276437,NA,NA,NA,NA
S4_1150197,4,1150197,NA,NA,NA,NA
S4_1150203,4,1150203,NA,NA,NA,NA
S4_11647015,4,11647015,NA,NA,NA,NA
S4_118900055,4,118900055,NA,NA,NA,NA
S4_121563375,4,121563375,NA,NA,NA,NA
S4_123977701,4,123977701,NA,NA,NA,NA
S4_123978259,4,123978259,NA,NA,NA,NA
S4_124927095,4,124927095,NA,NA,NA,NA
S4_125771350,4,125771350,NA,NA,NA,NA
S4_126083776,4,126083776,NA,NA,NA,NA
S4_126341881,4,126341881,NA,NA,NA,NA
S4_126341890,4,126341890,NA,NA,NA,NA
S4_126341923,4,126341923,NA,NA,NA,NA
S4_126342569,4,126342569,NA,NA,NA,NA
S4_126537577,4,126537577,NA,NA,NA,NA
S4_127852276,4,127852276,NA,NA,NA,NA
S4_127852284,4,127852284,NA,NA,NA,NA
S4_12822939,4,12822939,NA,NA,NA,NA
S4_128986678,4,128986678,NA,NA,NA,NA
S4_129535322,4,129535322,NA,NA,NA,NA
S4_129535324,4,129535324,NA,NA,NA,NA
S4_130433668,4,130433668,NA,NA,NA,NA
S4_131701492,4,131701492,NA,NA,NA,NA
S4_131765995,4,131765995,NA,NA,NA,NA
S4_131766503,4,131766503,NA,NA,NA,NA
S4_132762411,4,132762411,NA,NA,NA,NA
S4_132762439,4,132762439,NA,NA,NA,NA
S4_132762450,4,132762450,NA,NA,NA,NA
S4_133820555,4,133820555,NA,NA,NA,NA
S4_133820558,4,133820558,NA,NA,NA,NA
S4_133820562,4,133820562,NA,NA,NA,NA
S4_136042359,4,136042359,NA,NA,NA,NA
S4_136957721,4,136957721,NA,NA,NA,NA
S4_140349938,4,140349938,NA,NA,NA,NA
S4_140878254,4,140878254,NA,NA,NA,NA
S4_141089661,4,141089661,NA,NA,NA,NA
S4_141602752,4,141602752,NA,NA,NA,NA
S4_141884947,4,141884947,NA,NA,NA,NA
S4_142250744,4,142250744,NA,NA,NA,NA
S4_142494821,4,142494821,NA,NA,NA,NA
S4_143292846,4,143292846,NA,NA,NA,NA
S4_143379638,4,143379638,NA,NA,NA,NA
S4_143379743,4,143379743,NA,NA,NA,NA
S4_145180226,4,145180226,NA,NA,NA,NA
S4_145319458,4,145319458,NA,NA,NA,NA
S4_145732303,4,145732303,NA,NA,NA,NA
S4_146291490,4,146291490,NA,NA,NA,NA
S4_146979566,4,146979566,NA,NA,NA,NA
S4_14722372,4,14722372,NA,NA,NA,NA
S4_14722398,4,14722398,NA,NA,NA,NA
S4_14724764,4,14724764,NA,NA,NA,NA
S4_14728857,4,14728857,NA,NA,NA,NA
S4_14813835,4,14813835,NA,NA,NA,NA
S4_14819681,4,14819681,NA,NA,NA,NA
S4_149745215,4,149745215,NA,NA,NA,NA
S4_149898543,4,149898543,NA,NA,NA,NA
S4_15041185,4,15041185,NA,NA,NA,NA
S4_15041350,4,15041350,NA,NA,NA,NA
S4_152413163,4,152413163,NA,NA,NA,NA
S4_152413317,4,152413317,NA,NA,NA,NA
S4_152413319,4,152413319,NA,NA,NA,NA
S4_152413320,4,152413320,NA,NA,NA,NA
S4_153318619,4,153318619,NA,NA,NA,NA
S4_153406801,4,153406801,NA,NA,NA,NA
S4_153474293,4,153474293,NA,NA,NA,NA
S4_153520897,4,153520897,NA,NA,NA,NA
S4_153535015,4,153535015,NA,NA,NA,NA
S4_153847657,4,153847657,NA,NA,NA,NA
S4_154381562,4,154381562,NA,NA,NA,NA
S4_155009009,4,155009009,NA,NA,NA,NA
S4_155009365,4,155009365,NA,NA,NA,NA
S4_155009366,4,155009366,NA,NA,NA,NA
S4_155009854,4,155009854,NA,NA,NA,NA
S4_155228403,4,155228403,NA,NA,NA,NA
S4_155767539,4,155767539,NA,NA,NA,NA
S4_15582889,4,15582889,NA,NA,NA,NA
S4_155837891,4,155837891,NA,NA,NA,NA
S4_156224447,4,156224447,NA,NA,NA,NA
S4_156224448,4,156224448,NA,NA,NA,NA
S4_15690334,4,15690334,NA,NA,NA,NA
S4_156998533,4,156998533,NA,NA,NA,NA
S4_156998537,4,156998537,NA,NA,NA,NA
S4_157107733,4,157107733,NA,NA,NA,NA
S4_157119217,4,157119217,NA,NA,NA,NA
S4_157119223,4,157119223,NA,NA,NA,NA
S4_157119337,4,157119337,NA,NA,NA,NA
S4_157504748,4,157504748,NA,NA,NA,NA
S4_157767149,4,157767149,NA,NA,NA,NA
S4_157767250,4,157767250,NA,NA,NA,NA
S4_157767259,4,157767259,NA,NA,NA,NA
S4_157767345,4,157767345,NA,NA,NA,NA
S4_158142768,4,158142768,NA,NA,NA,NA
S4_158560270,4,158560270,NA,NA,NA,NA
S4_158560271,4,158560271,NA,NA,NA,NA
S4_158564107,4,158564107,NA,NA,NA,NA
S4_158705481,4,158705481,NA,NA,NA,NA
S4_158862960,4,158862960,NA,NA,NA,NA
S4_159176618,4,159176618,NA,NA,NA,NA
S4_159176639,4,159176639,NA,NA,NA,NA
S4_159193642,4,159193642,NA,NA,NA,NA
S4_159570397,4,159570397,NA,NA,NA,NA
S4_159570398,4,159570398,NA,NA,NA,NA
S4_159657988,4,159657988,NA,NA,NA,NA
S4_159830106,4,159830106,NA,NA,NA,NA
S4_159909473,4,159909473,NA,NA,NA,NA
S4_159978522,4,159978522,NA,NA,NA,NA
S4_159978525,4,159978525,NA,NA,NA,NA
S4_160127015,4,160127015,NA,NA,NA,NA
S4_160251712,4,160251712,NA,NA,NA,NA
S4_161308237,4,161308237,NA,NA,NA,NA
S4_161500328,4,161500328,NA,NA,NA,NA
S4_161549832,4,161549832,NA,NA,NA,NA
S4_161549845,4,161549845,NA,NA,NA,NA
S4_161908688,4,161908688,NA,NA,NA,NA
S4_161909213,4,161909213,NA,NA,NA,NA
S4_16211977,4,16211977,NA,NA,NA,NA
S4_16213212,4,16213212,NA,NA,NA,NA
S4_16213224,4,16213224,NA,NA,NA,NA
S4_162255436,4,162255436,NA,NA,NA,NA
S4_162263431,4,162263431,NA,NA,NA,NA
S4_162263436,4,162263436,NA,NA,NA,NA
S4_162263441,4,162263441,NA,NA,NA,NA
S4_162263443,4,162263443,NA,NA,NA,NA
S4_162263445,4,162263445,NA,NA,NA,NA
S4_162263446,4,162263446,NA,NA,NA,NA
S4_162263447,4,162263447,NA,NA,NA,NA
S4_162762882,4,162762882,NA,NA,NA,NA
S4_162762885,4,162762885,NA,NA,NA,NA
S4_162909649,4,162909649,NA,NA,NA,NA
S4_163198308,4,163198308,NA,NA,NA,NA
S4_163395654,4,163395654,NA,NA,NA,NA
S4_163399458,4,163399458,NA,NA,NA,NA
S4_163644563,4,163644563,NA,NA,NA,NA
S4_163779398,4,163779398,NA,NA,NA,NA
S4_163855057,4,163855057,NA,NA,NA,NA
S4_163899508,4,163899508,NA,NA,NA,NA
S4_163962619,4,163962619,NA,NA,NA,NA
S4_163995007,4,163995007,NA,NA,NA,NA
S4_165665316,4,165665316,NA,NA,NA,NA
S4_165665323,4,165665323,NA,NA,NA,NA
S4_165832081,4,165832081,NA,NA,NA,NA
S4_165993841,4,165993841,NA,NA,NA,NA
S4_166000969,4,166000969,NA,NA,NA,NA
S4_166008346,4,166008346,NA,NA,NA,NA
S4_16603452,4,16603452,NA,NA,NA,NA
S4_166907883,4,166907883,NA,NA,NA,NA
S4_166911318,4,166911318,NA,NA,NA,NA
S4_166924982,4,166924982,NA,NA,NA,NA
S4_166926293,4,166926293,NA,NA,NA,NA
S4_166926295,4,166926295,NA,NA,NA,NA
S4_166926296,4,166926296,NA,NA,NA,NA
S4_166928122,4,166928122,NA,NA,NA,NA
S4_167033583,4,167033583,NA,NA,NA,NA
S4_167039453,4,167039453,NA,NA,NA,NA
S4_167039471,4,167039471,NA,NA,NA,NA
S4_167039482,4,167039482,NA,NA,NA,NA
S4_167071576,4,167071576,NA,NA,NA,NA
S4_167184961,4,167184961,NA,NA,NA,NA
S4_167384712,4,167384712,NA,NA,NA,NA
S4_167384735,4,167384735,NA,NA,NA,NA
S4_168738602,4,168738602,NA,NA,NA,NA
S4_168738603,4,168738603,NA,NA,NA,NA
S4_168738607,4,168738607,NA,NA,NA,NA
S4_168738610,4,168738610,NA,NA,NA,NA
S4_169013544,4,169013544,NA,NA,NA,NA
S4_169150570,4,169150570,NA,NA,NA,NA
S4_169150576,4,169150576,NA,NA,NA,NA
S4_16979563,4,16979563,NA,NA,NA,NA
S4_169802169,4,169802169,NA,NA,NA,NA
S4_170410640,4,170410640,NA,NA,NA,NA
S4_170652253,4,170652253,NA,NA,NA,NA
S4_170793185,4,170793185,NA,NA,NA,NA
S4_170809137,4,170809137,NA,NA,NA,NA
S4_170809164,4,170809164,NA,NA,NA,NA
S4_170809248,4,170809248,NA,NA,NA,NA
S4_171215170,4,171215170,NA,NA,NA,NA
S4_171215171,4,171215171,NA,NA,NA,NA
S4_171215887,4,171215887,NA,NA,NA,NA
S4_171450667,4,171450667,NA,NA,NA,NA
S4_171552428,4,171552428,NA,NA,NA,NA
S4_171638963,4,171638963,NA,NA,NA,NA
S4_171665771,4,171665771,NA,NA,NA,NA
S4_171665780,4,171665780,NA,NA,NA,NA
S4_171731391,4,171731391,NA,NA,NA,NA
S4_171770247,4,171770247,NA,NA,NA,NA
S4_171919700,4,171919700,NA,NA,NA,NA
S4_172676811,4,172676811,NA,NA,NA,NA
S4_172761859,4,172761859,NA,NA,NA,NA
S4_172790325,4,172790325,NA,NA,NA,NA
S4_17288932,4,17288932,NA,NA,NA,NA
S4_172996746,4,172996746,NA,NA,NA,NA
S4_173181404,4,173181404,NA,NA,NA,NA
S4_17366994,4,17366994,NA,NA,NA,NA
S4_17366995,4,17366995,NA,NA,NA,NA
S4_17366997,4,17366997,NA,NA,NA,NA
S4_17366998,4,17366998,NA,NA,NA,NA
S4_17366999,4,17366999,NA,NA,NA,NA
S4_17375434,4,17375434,NA,NA,NA,NA
S4_173795662,4,173795662,NA,NA,NA,NA
S4_173800380,4,173800380,NA,NA,NA,NA
S4_173800774,4,173800774,NA,NA,NA,NA
S4_173800782,4,173800782,NA,NA,NA,NA
S4_173802342,4,173802342,NA,NA,NA,NA
S4_174011512,4,174011512,NA,NA,NA,NA
S4_174012474,4,174012474,NA,NA,NA,NA
S4_174721204,4,174721204,NA,NA,NA,NA
S4_174722375,4,174722375,NA,NA,NA,NA
S4_174722377,4,174722377,NA,NA,NA,NA
S4_174846152,4,174846152,NA,NA,NA,NA
S4_174908260,4,174908260,NA,NA,NA,NA
S4_174955006,4,174955006,NA,NA,NA,NA
S4_175275483,4,175275483,NA,NA,NA,NA
S4_175275547,4,175275547,NA,NA,NA,NA
S4_175275553,4,175275553,NA,NA,NA,NA
S4_175277953,4,175277953,NA,NA,NA,NA
S4_175277954,4,175277954,NA,NA,NA,NA
S4_175277958,4,175277958,NA,NA,NA,NA
S4_175331782,4,175331782,NA,NA,NA,NA
S4_175332116,4,175332116,NA,NA,NA,NA
S4_175380838,4,175380838,NA,NA,NA,NA
S4_175380841,4,175380841,NA,NA,NA,NA
S4_176349844,4,176349844,NA,NA,NA,NA
S4_176531317,4,176531317,NA,NA,NA,NA
S4_176870804,4,176870804,NA,NA,NA,NA
S4_177121458,4,177121458,NA,NA,NA,NA
S4_177122026,4,177122026,NA,NA,NA,NA
S4_17721967,4,17721967,NA,NA,NA,NA
S4_177328438,4,177328438,NA,NA,NA,NA
S4_177328719,4,177328719,NA,NA,NA,NA
S4_177328722,4,177328722,NA,NA,NA,NA
S4_177328727,4,177328727,NA,NA,NA,NA
S4_177328912,4,177328912,NA,NA,NA,NA
S4_177380575,4,177380575,NA,NA,NA,NA
S4_17742401,4,17742401,NA,NA,NA,NA
S4_17742407,4,17742407,NA,NA,NA,NA
S4_177440645,4,177440645,NA,NA,NA,NA
S4_177629041,4,177629041,NA,NA,NA,NA
S4_177636215,4,177636215,NA,NA,NA,NA
S4_177636230,4,177636230,NA,NA,NA,NA
S4_177643001,4,177643001,NA,NA,NA,NA
S4_178146722,4,178146722,NA,NA,NA,NA
S4_178146729,4,178146729,NA,NA,NA,NA
S4_178597753,4,178597753,NA,NA,NA,NA
S4_178598184,4,178598184,NA,NA,NA,NA
S4_178598195,4,178598195,NA,NA,NA,NA
S4_178670208,4,178670208,NA,NA,NA,NA
S4_178670407,4,178670407,NA,NA,NA,NA
S4_179078032,4,179078032,NA,NA,NA,NA
S4_17978514,4,17978514,NA,NA,NA,NA
S4_179793234,4,179793234,NA,NA,NA,NA
S4_180001143,4,180001143,NA,NA,NA,NA
S4_180198556,4,180198556,NA,NA,NA,NA
S4_180199355,4,180199355,NA,NA,NA,NA
S4_180199431,4,180199431,NA,NA,NA,NA
S4_181259253,4,181259253,NA,NA,NA,NA
S4_181431022,4,181431022,NA,NA,NA,NA
S4_181727485,4,181727485,NA,NA,NA,NA
S4_181890275,4,181890275,NA,NA,NA,NA
S4_181890278,4,181890278,NA,NA,NA,NA
S4_181890642,4,181890642,NA,NA,NA,NA
S4_181890663,4,181890663,NA,NA,NA,NA
S4_182008369,4,182008369,NA,NA,NA,NA
S4_182060163,4,182060163,NA,NA,NA,NA
S4_182060164,4,182060164,NA,NA,NA,NA
S4_182297938,4,182297938,NA,NA,NA,NA
S4_182298013,4,182298013,NA,NA,NA,NA
S4_182298016,4,182298016,NA,NA,NA,NA
S4_182298017,4,182298017,NA,NA,NA,NA
S4_182298018,4,182298018,NA,NA,NA,NA
S4_182298043,4,182298043,NA,NA,NA,NA
S4_182298047,4,182298047,NA,NA,NA,NA
S4_182566905,4,182566905,NA,NA,NA,NA
S4_182568767,4,182568767,NA,NA,NA,NA
S4_182736302,4,182736302,NA,NA,NA,NA
S4_182736303,4,182736303,NA,NA,NA,NA
S4_182736308,4,182736308,NA,NA,NA,NA
S4_183042078,4,183042078,NA,NA,NA,NA
S4_183597248,4,183597248,NA,NA,NA,NA
S4_183733487,4,183733487,NA,NA,NA,NA
S4_183909652,4,183909652,NA,NA,NA,NA
S4_183912882,4,183912882,NA,NA,NA,NA
S4_183976298,4,183976298,NA,NA,NA,NA
S4_184159939,4,184159939,NA,NA,NA,NA
S4_184395977,4,184395977,NA,NA,NA,NA
S4_184541754,4,184541754,NA,NA,NA,NA
S4_184848504,4,184848504,NA,NA,NA,NA
S4_184848522,4,184848522,NA,NA,NA,NA
S4_184936673,4,184936673,NA,NA,NA,NA
S4_184936767,4,184936767,NA,NA,NA,NA
S4_184937961,4,184937961,NA,NA,NA,NA
S4_184938890,4,184938890,NA,NA,NA,NA
S4_185036733,4,185036733,NA,NA,NA,NA
S4_185076844,4,185076844,NA,NA,NA,NA
S4_185181390,4,185181390,NA,NA,NA,NA
S4_185181392,4,185181392,NA,NA,NA,NA
S4_185181399,4,185181399,NA,NA,NA,NA
S4_185193875,4,185193875,NA,NA,NA,NA
S4_185309050,4,185309050,NA,NA,NA,NA
S4_185383640,4,185383640,NA,NA,NA,NA
S4_185469820,4,185469820,NA,NA,NA,NA
S4_185496121,4,185496121,NA,NA,NA,NA
S4_185718861,4,185718861,NA,NA,NA,NA
S4_18574328,4,18574328,NA,NA,NA,NA
S4_18574344,4,18574344,NA,NA,NA,NA
S4_185760880,4,185760880,NA,NA,NA,NA
S4_185760892,4,185760892,NA,NA,NA,NA
S4_18583701,4,18583701,NA,NA,NA,NA
S4_185870986,4,185870986,NA,NA,NA,NA
S4_185870987,4,185870987,NA,NA,NA,NA
S4_186279577,4,186279577,NA,NA,NA,NA
S4_186481113,4,186481113,NA,NA,NA,NA
S4_186483812,4,186483812,NA,NA,NA,NA
S4_186488631,4,186488631,NA,NA,NA,NA
S4_186836950,4,186836950,NA,NA,NA,NA
S4_186942512,4,186942512,NA,NA,NA,NA
S4_187277944,4,187277944,NA,NA,NA,NA
S4_187290470,4,187290470,NA,NA,NA,NA
S4_187296983,4,187296983,NA,NA,NA,NA
S4_187413637,4,187413637,NA,NA,NA,NA
S4_187428631,4,187428631,NA,NA,NA,NA
S4_187450606,4,187450606,NA,NA,NA,NA
S4_187450611,4,187450611,NA,NA,NA,NA
S4_187771355,4,187771355,NA,NA,NA,NA
S4_187992853,4,187992853,NA,NA,NA,NA
S4_188055828,4,188055828,NA,NA,NA,NA
S4_188055834,4,188055834,NA,NA,NA,NA
S4_188385404,4,188385404,NA,NA,NA,NA
S4_188412166,4,188412166,NA,NA,NA,NA
S4_188412264,4,188412264,NA,NA,NA,NA
S4_188874278,4,188874278,NA,NA,NA,NA
S4_188874658,4,188874658,NA,NA,NA,NA
S4_189033251,4,189033251,NA,NA,NA,NA
S4_189106540,4,189106540,NA,NA,NA,NA
S4_189154339,4,189154339,NA,NA,NA,NA
S4_18916874,4,18916874,NA,NA,NA,NA
S4_18916881,4,18916881,NA,NA,NA,NA
S4_189294836,4,189294836,NA,NA,NA,NA
S4_189294989,4,189294989,NA,NA,NA,NA
S4_189295521,4,189295521,NA,NA,NA,NA
S4_189295530,4,189295530,NA,NA,NA,NA
S4_189815485,4,189815485,NA,NA,NA,NA
S4_189815486,4,189815486,NA,NA,NA,NA
S4_189815491,4,189815491,NA,NA,NA,NA
S4_190376188,4,190376188,NA,NA,NA,NA
S4_190385611,4,190385611,NA,NA,NA,NA
S4_190830522,4,190830522,NA,NA,NA,NA
S4_190830532,4,190830532,NA,NA,NA,NA
S4_191045470,4,191045470,NA,NA,NA,NA
S4_191115207,4,191115207,NA,NA,NA,NA
S4_191115209,4,191115209,NA,NA,NA,NA
S4_191115211,4,191115211,NA,NA,NA,NA
S4_191115336,4,191115336,NA,NA,NA,NA
S4_191294910,4,191294910,NA,NA,NA,NA
S4_191538351,4,191538351,NA,NA,NA,NA
S4_191538363,4,191538363,NA,NA,NA,NA
S4_191579519,4,191579519,NA,NA,NA,NA
S4_191633402,4,191633402,NA,NA,NA,NA
S4_191633403,4,191633403,NA,NA,NA,NA
S4_191754299,4,191754299,NA,NA,NA,NA
S4_191754347,4,191754347,NA,NA,NA,NA
S4_192072602,4,192072602,NA,NA,NA,NA
S4_192103856,4,192103856,NA,NA,NA,NA
S4_192217274,4,192217274,NA,NA,NA,NA
S4_192217276,4,192217276,NA,NA,NA,NA
S4_192217300,4,192217300,NA,NA,NA,NA
S4_192217301,4,192217301,NA,NA,NA,NA
S4_19250395,4,19250395,NA,NA,NA,NA
S4_19250398,4,19250398,NA,NA,NA,NA
S4_19250401,4,19250401,NA,NA,NA,NA
S4_19250406,4,19250406,NA,NA,NA,NA
S4_192771842,4,192771842,NA,NA,NA,NA
S4_192771845,4,192771845,NA,NA,NA,NA
S4_192771847,4,192771847,NA,NA,NA,NA
S4_192771853,4,192771853,NA,NA,NA,NA
S4_193226229,4,193226229,NA,NA,NA,NA
S4_193226235,4,193226235,NA,NA,NA,NA
S4_193346115,4,193346115,NA,NA,NA,NA
S4_193350598,4,193350598,NA,NA,NA,NA
S4_193350599,4,193350599,NA,NA,NA,NA
S4_1937070,4,1937070,NA,NA,NA,NA
S4_194317090,4,194317090,NA,NA,NA,NA
S4_194410727,4,194410727,NA,NA,NA,NA
S4_194410732,4,194410732,NA,NA,NA,NA
S4_195004416,4,195004416,NA,NA,NA,NA
S4_195059041,4,195059041,NA,NA,NA,NA
S4_195061491,4,195061491,NA,NA,NA,NA
S4_195121766,4,195121766,NA,NA,NA,NA
S4_195121775,4,195121775,NA,NA,NA,NA
S4_195121783,4,195121783,NA,NA,NA,NA
S4_195216794,4,195216794,NA,NA,NA,NA
S4_195622536,4,195622536,NA,NA,NA,NA
S4_195622548,4,195622548,NA,NA,NA,NA
S4_195786071,4,195786071,NA,NA,NA,NA
S4_196244028,4,196244028,NA,NA,NA,NA
S4_196460624,4,196460624,NA,NA,NA,NA
S4_196469419,4,196469419,NA,NA,NA,NA
S4_196469476,4,196469476,NA,NA,NA,NA
S4_196808189,4,196808189,NA,NA,NA,NA
S4_196808647,4,196808647,NA,NA,NA,NA
S4_196812268,4,196812268,NA,NA,NA,NA
S4_196988208,4,196988208,NA,NA,NA,NA
S4_197675557,4,197675557,NA,NA,NA,NA
S4_197820178,4,197820178,NA,NA,NA,NA
S4_197820194,4,197820194,NA,NA,NA,NA
S4_198079415,4,198079415,NA,NA,NA,NA
S4_198079418,4,198079418,NA,NA,NA,NA
S4_198082028,4,198082028,NA,NA,NA,NA
S4_198130846,4,198130846,NA,NA,NA,NA
S4_19858443,4,19858443,NA,NA,NA,NA
S4_19858577,4,19858577,NA,NA,NA,NA
S4_198769730,4,198769730,NA,NA,NA,NA
S4_198783380,4,198783380,NA,NA,NA,NA
S4_198997008,4,198997008,NA,NA,NA,NA
S4_199598187,4,199598187,NA,NA,NA,NA
S4_199598235,4,199598235,NA,NA,NA,NA
S4_199711804,4,199711804,NA,NA,NA,NA
S4_199711819,4,199711819,NA,NA,NA,NA
S4_199711820,4,199711820,NA,NA,NA,NA
S4_199711821,4,199711821,NA,NA,NA,NA
S4_199711822,4,199711822,NA,NA,NA,NA
S4_199711883,4,199711883,NA,NA,NA,NA
S4_199785118,4,199785118,NA,NA,NA,NA
S4_200034104,4,200034104,NA,NA,NA,NA
S4_200057784,4,200057784,NA,NA,NA,NA
S4_200318902,4,200318902,NA,NA,NA,NA
S4_200535381,4,200535381,NA,NA,NA,NA
S4_200645759,4,200645759,NA,NA,NA,NA
S4_200842655,4,200842655,NA,NA,NA,NA
S4_200874044,4,200874044,NA,NA,NA,NA
S4_200964263,4,200964263,NA,NA,NA,NA
S4_201462829,4,201462829,NA,NA,NA,NA
S4_201732777,4,201732777,NA,NA,NA,NA
S4_201751479,4,201751479,NA,NA,NA,NA
S4_201751608,4,201751608,NA,NA,NA,NA
S4_201751614,4,201751614,NA,NA,NA,NA
S4_201751677,4,201751677,NA,NA,NA,NA
S4_201878625,4,201878625,NA,NA,NA,NA
S4_201878638,4,201878638,NA,NA,NA,NA
S4_201937643,4,201937643,NA,NA,NA,NA
S4_202224476,4,202224476,NA,NA,NA,NA
S4_202224479,4,202224479,NA,NA,NA,NA
S4_202224491,4,202224491,NA,NA,NA,NA
S4_202759867,4,202759867,NA,NA,NA,NA
S4_2027900,4,2027900,NA,NA,NA,NA
S4_2027987,4,2027987,NA,NA,NA,NA
S4_202887647,4,202887647,NA,NA,NA,NA
S4_202889675,4,202889675,NA,NA,NA,NA
S4_203098582,4,203098582,NA,NA,NA,NA
S4_203557175,4,203557175,NA,NA,NA,NA
S4_203834306,4,203834306,NA,NA,NA,NA
S4_203834327,4,203834327,NA,NA,NA,NA
S4_204208922,4,204208922,NA,NA,NA,NA
S4_204208929,4,204208929,NA,NA,NA,NA
S4_2047916,4,2047916,NA,NA,NA,NA
S4_204860119,4,204860119,NA,NA,NA,NA
S4_204960226,4,204960226,NA,NA,NA,NA
S4_205194471,4,205194471,NA,NA,NA,NA
S4_205780935,4,205780935,NA,NA,NA,NA
S4_205979719,4,205979719,NA,NA,NA,NA
S4_207978020,4,207978020,NA,NA,NA,NA
S4_207982720,4,207982720,NA,NA,NA,NA
S4_208245677,4,208245677,NA,NA,NA,NA
S4_208876825,4,208876825,NA,NA,NA,NA
S4_209568060,4,209568060,NA,NA,NA,NA
S4_209568064,4,209568064,NA,NA,NA,NA
S4_209806726,4,209806726,NA,NA,NA,NA
S4_209976681,4,209976681,NA,NA,NA,NA
S4_210132172,4,210132172,NA,NA,NA,NA
S4_210559386,4,210559386,NA,NA,NA,NA
S4_210562547,4,210562547,NA,NA,NA,NA
S4_211155601,4,211155601,NA,NA,NA,NA
S4_211155723,4,211155723,NA,NA,NA,NA
S4_2113951,4,2113951,NA,NA,NA,NA
S4_211481038,4,211481038,NA,NA,NA,NA
S4_211650462,4,211650462,NA,NA,NA,NA
S4_211996781,4,211996781,NA,NA,NA,NA
S4_212596661,4,212596661,NA,NA,NA,NA
S4_212596667,4,212596667,NA,NA,NA,NA
S4_213331939,4,213331939,NA,NA,NA,NA
S4_214034873,4,214034873,NA,NA,NA,NA
S4_215580912,4,215580912,NA,NA,NA,NA
S4_216242672,4,216242672,NA,NA,NA,NA
S4_216321655,4,216321655,NA,NA,NA,NA
S4_216321669,4,216321669,NA,NA,NA,NA
S4_216438609,4,216438609,NA,NA,NA,NA
S4_216608367,4,216608367,NA,NA,NA,NA
S4_217096535,4,217096535,NA,NA,NA,NA
S4_21734108,4,21734108,NA,NA,NA,NA
S4_218287106,4,218287106,NA,NA,NA,NA
S4_218331530,4,218331530,NA,NA,NA,NA
S4_218667012,4,218667012,NA,NA,NA,NA
S4_218799829,4,218799829,NA,NA,NA,NA
S4_218847954,4,218847954,NA,NA,NA,NA
S4_219275987,4,219275987,NA,NA,NA,NA
S4_219518728,4,219518728,NA,NA,NA,NA
S4_219994187,4,219994187,NA,NA,NA,NA
S4_220086654,4,220086654,NA,NA,NA,NA
S4_221071008,4,221071008,NA,NA,NA,NA
S4_221071009,4,221071009,NA,NA,NA,NA
S4_221071015,4,221071015,NA,NA,NA,NA
S4_223520541,4,223520541,NA,NA,NA,NA
S4_224049764,4,224049764,NA,NA,NA,NA
S4_224287780,4,224287780,NA,NA,NA,NA
S4_224308058,4,224308058,NA,NA,NA,NA
S4_224308059,4,224308059,NA,NA,NA,NA
S4_224624123,4,224624123,NA,NA,NA,NA
S4_224625755,4,224625755,NA,NA,NA,NA
S4_224625757,4,224625757,NA,NA,NA,NA
S4_224625762,4,224625762,NA,NA,NA,NA
S4_224625763,4,224625763,NA,NA,NA,NA
S4_224912104,4,224912104,NA,NA,NA,NA
S4_225019539,4,225019539,NA,NA,NA,NA
S4_225687567,4,225687567,NA,NA,NA,NA
S4_225872168,4,225872168,NA,NA,NA,NA
S4_226067583,4,226067583,NA,NA,NA,NA
S4_226457851,4,226457851,NA,NA,NA,NA
S4_226457870,4,226457870,NA,NA,NA,NA
S4_226616697,4,226616697,NA,NA,NA,NA
S4_226618088,4,226618088,NA,NA,NA,NA
S4_226718892,4,226718892,NA,NA,NA,NA
S4_226945948,4,226945948,NA,NA,NA,NA
S4_226945970,4,226945970,NA,NA,NA,NA
S4_227280310,4,227280310,NA,NA,NA,NA
S4_227280343,4,227280343,NA,NA,NA,NA
S4_229030211,4,229030211,NA,NA,NA,NA
S4_229316508,4,229316508,NA,NA,NA,NA
S4_229316509,4,229316509,NA,NA,NA,NA
S4_229316518,4,229316518,NA,NA,NA,NA
S4_229316522,4,229316522,NA,NA,NA,NA
S4_229316524,4,229316524,NA,NA,NA,NA
S4_229316528,4,229316528,NA,NA,NA,NA
S4_229376637,4,229376637,NA,NA,NA,NA
S4_22981175,4,22981175,NA,NA,NA,NA
S4_22981182,4,22981182,NA,NA,NA,NA
S4_230347421,4,230347421,NA,NA,NA,NA
S4_230398602,4,230398602,NA,NA,NA,NA
S4_230398610,4,230398610,NA,NA,NA,NA
S4_231235140,4,231235140,NA,NA,NA,NA
S4_231406733,4,231406733,NA,NA,NA,NA
S4_231613007,4,231613007,NA,NA,NA,NA
S4_23166593,4,23166593,NA,NA,NA,NA
S4_231729418,4,231729418,NA,NA,NA,NA
S4_231729720,4,231729720,NA,NA,NA,NA
S4_231902965,4,231902965,NA,NA,NA,NA
S4_232606014,4,232606014,NA,NA,NA,NA
S4_232850839,4,232850839,NA,NA,NA,NA
S4_232850842,4,232850842,NA,NA,NA,NA
S4_232930052,4,232930052,NA,NA,NA,NA
S4_232930217,4,232930217,NA,NA,NA,NA
S4_232932646,4,232932646,NA,NA,NA,NA
S4_233070837,4,233070837,NA,NA,NA,NA
S4_233089784,4,233089784,NA,NA,NA,NA
S4_233125600,4,233125600,NA,NA,NA,NA
S4_233209600,4,233209600,NA,NA,NA,NA
S4_233532760,4,233532760,NA,NA,NA,NA
S4_233625854,4,233625854,NA,NA,NA,NA
S4_233625855,4,233625855,NA,NA,NA,NA
S4_233629568,4,233629568,NA,NA,NA,NA
S4_233762316,4,233762316,NA,NA,NA,NA
S4_233762327,4,233762327,NA,NA,NA,NA
S4_233992625,4,233992625,NA,NA,NA,NA
S4_233993424,4,233993424,NA,NA,NA,NA
S4_234329058,4,234329058,NA,NA,NA,NA
S4_234351155,4,234351155,NA,NA,NA,NA
S4_234353905,4,234353905,NA,NA,NA,NA
S4_234353966,4,234353966,NA,NA,NA,NA
S4_234358083,4,234358083,NA,NA,NA,NA
S4_234403246,4,234403246,NA,NA,NA,NA
S4_234403254,4,234403254,NA,NA,NA,NA
S4_234447770,4,234447770,NA,NA,NA,NA
S4_234447772,4,234447772,NA,NA,NA,NA
S4_234572427,4,234572427,NA,NA,NA,NA
S4_234606221,4,234606221,NA,NA,NA,NA
S4_234687766,4,234687766,NA,NA,NA,NA
S4_234687768,4,234687768,NA,NA,NA,NA
S4_234826331,4,234826331,NA,NA,NA,NA
S4_234873496,4,234873496,NA,NA,NA,NA
S4_234911749,4,234911749,NA,NA,NA,NA
S4_234913959,4,234913959,NA,NA,NA,NA
S4_234916015,4,234916015,NA,NA,NA,NA
S4_235075392,4,235075392,NA,NA,NA,NA
S4_235200168,4,235200168,NA,NA,NA,NA
S4_235200171,4,235200171,NA,NA,NA,NA
S4_235200172,4,235200172,NA,NA,NA,NA
S4_235200173,4,235200173,NA,NA,NA,NA
S4_235200175,4,235200175,NA,NA,NA,NA
S4_235200176,4,235200176,NA,NA,NA,NA
S4_235380668,4,235380668,NA,NA,NA,NA
S4_235380670,4,235380670,NA,NA,NA,NA
S4_235380672,4,235380672,NA,NA,NA,NA
S4_235380673,4,235380673,NA,NA,NA,NA
S4_235380675,4,235380675,NA,NA,NA,NA
S4_235380676,4,235380676,NA,NA,NA,NA
S4_235723905,4,235723905,NA,NA,NA,NA
S4_235723925,4,235723925,NA,NA,NA,NA
S4_235739029,4,235739029,NA,NA,NA,NA
S4_235761858,4,235761858,NA,NA,NA,NA
S4_236082418,4,236082418,NA,NA,NA,NA
S4_236082419,4,236082419,NA,NA,NA,NA
S4_236091036,4,236091036,NA,NA,NA,NA
S4_236102896,4,236102896,NA,NA,NA,NA
S4_236395211,4,236395211,NA,NA,NA,NA
S4_236476225,4,236476225,NA,NA,NA,NA
S4_236479062,4,236479062,NA,NA,NA,NA
S4_236560628,4,236560628,NA,NA,NA,NA
S4_236560631,4,236560631,NA,NA,NA,NA
S4_236574581,4,236574581,NA,NA,NA,NA
S4_236701130,4,236701130,NA,NA,NA,NA
S4_236727809,4,236727809,NA,NA,NA,NA
S4_236860646,4,236860646,NA,NA,NA,NA
S4_236908853,4,236908853,NA,NA,NA,NA
S4_236952511,4,236952511,NA,NA,NA,NA
S4_236952518,4,236952518,NA,NA,NA,NA
S4_237029974,4,237029974,NA,NA,NA,NA
S4_237142627,4,237142627,NA,NA,NA,NA
S4_237146102,4,237146102,NA,NA,NA,NA
S4_237146991,4,237146991,NA,NA,NA,NA
S4_237149414,4,237149414,NA,NA,NA,NA
S4_237268504,4,237268504,NA,NA,NA,NA
S4_237315747,4,237315747,NA,NA,NA,NA
S4_237317946,4,237317946,NA,NA,NA,NA
S4_237317948,4,237317948,NA,NA,NA,NA
S4_237317952,4,237317952,NA,NA,NA,NA
S4_237318175,4,237318175,NA,NA,NA,NA
S4_237322519,4,237322519,NA,NA,NA,NA
S4_237390758,4,237390758,NA,NA,NA,NA
S4_237457915,4,237457915,NA,NA,NA,NA
S4_237457917,4,237457917,NA,NA,NA,NA
S4_237486421,4,237486421,NA,NA,NA,NA
S4_237503060,4,237503060,NA,NA,NA,NA
S4_237503700,4,237503700,NA,NA,NA,NA
S4_237503702,4,237503702,NA,NA,NA,NA
S4_237601384,4,237601384,NA,NA,NA,NA
S4_237601387,4,237601387,NA,NA,NA,NA
S4_237601388,4,237601388,NA,NA,NA,NA
S4_237601390,4,237601390,NA,NA,NA,NA
S4_237601391,4,237601391,NA,NA,NA,NA
S4_237601393,4,237601393,NA,NA,NA,NA
S4_237601394,4,237601394,NA,NA,NA,NA
S4_237618792,4,237618792,NA,NA,NA,NA
S4_237777536,4,237777536,NA,NA,NA,NA
S4_23790828,4,23790828,NA,NA,NA,NA
S4_238041026,4,238041026,NA,NA,NA,NA
S4_238115667,4,238115667,NA,NA,NA,NA
S4_238123025,4,238123025,NA,NA,NA,NA
S4_238123098,4,238123098,NA,NA,NA,NA
S4_238168361,4,238168361,NA,NA,NA,NA
S4_238218224,4,238218224,NA,NA,NA,NA
S4_238219066,4,238219066,NA,NA,NA,NA
S4_238219824,4,238219824,NA,NA,NA,NA
S4_2382769,4,2382769,NA,NA,NA,NA
S4_238298877,4,238298877,NA,NA,NA,NA
S4_238316630,4,238316630,NA,NA,NA,NA
S4_238316667,4,238316667,NA,NA,NA,NA
S4_238356859,4,238356859,NA,NA,NA,NA
S4_238356972,4,238356972,NA,NA,NA,NA
S4_238356976,4,238356976,NA,NA,NA,NA
S4_238357035,4,238357035,NA,NA,NA,NA
S4_238359882,4,238359882,NA,NA,NA,NA
S4_238435996,4,238435996,NA,NA,NA,NA
S4_238738255,4,238738255,NA,NA,NA,NA
S4_238759342,4,238759342,NA,NA,NA,NA
S4_238767703,4,238767703,NA,NA,NA,NA
S4_238994580,4,238994580,NA,NA,NA,NA
S4_239001389,4,239001389,NA,NA,NA,NA
S4_239001390,4,239001390,NA,NA,NA,NA
S4_239093426,4,239093426,NA,NA,NA,NA
S4_239093429,4,239093429,NA,NA,NA,NA
S4_239140366,4,239140366,NA,NA,NA,NA
S4_239225689,4,239225689,NA,NA,NA,NA
S4_239423924,4,239423924,NA,NA,NA,NA
S4_239521821,4,239521821,NA,NA,NA,NA
S4_239641114,4,239641114,NA,NA,NA,NA
S4_239641115,4,239641115,NA,NA,NA,NA
S4_239641119,4,239641119,NA,NA,NA,NA
S4_239641120,4,239641120,NA,NA,NA,NA
S4_239641121,4,239641121,NA,NA,NA,NA
S4_239641122,4,239641122,NA,NA,NA,NA
S4_239641124,4,239641124,NA,NA,NA,NA
S4_239641126,4,239641126,NA,NA,NA,NA
S4_239641127,4,239641127,NA,NA,NA,NA
S4_239641128,4,239641128,NA,NA,NA,NA
S4_239702669,4,239702669,NA,NA,NA,NA
S4_239703724,4,239703724,NA,NA,NA,NA
S4_239933755,4,239933755,NA,NA,NA,NA
S4_239933758,4,239933758,NA,NA,NA,NA
S4_239934809,4,239934809,NA,NA,NA,NA
S4_240106489,4,240106489,NA,NA,NA,NA
S4_240106495,4,240106495,NA,NA,NA,NA
S4_240188165,4,240188165,NA,NA,NA,NA
S4_240225771,4,240225771,NA,NA,NA,NA
S4_240253960,4,240253960,NA,NA,NA,NA
S4_240253963,4,240253963,NA,NA,NA,NA
S4_240254055,4,240254055,NA,NA,NA,NA
S4_240254058,4,240254058,NA,NA,NA,NA
S4_240413557,4,240413557,NA,NA,NA,NA
S4_240446827,4,240446827,NA,NA,NA,NA
S4_240446853,4,240446853,NA,NA,NA,NA
S4_240446888,4,240446888,NA,NA,NA,NA
S4_240446923,4,240446923,NA,NA,NA,NA
S4_240458829,4,240458829,NA,NA,NA,NA
S4_240523061,4,240523061,NA,NA,NA,NA
S4_240523150,4,240523150,NA,NA,NA,NA
S4_2409561,4,2409561,NA,NA,NA,NA
S4_241029826,4,241029826,NA,NA,NA,NA
S4_24113535,4,24113535,NA,NA,NA,NA
S4_24113537,4,24113537,NA,NA,NA,NA
S4_2424842,4,2424842,NA,NA,NA,NA
S4_2435426,4,2435426,NA,NA,NA,NA
S4_2481551,4,2481551,NA,NA,NA,NA
S4_2483418,4,2483418,NA,NA,NA,NA
S4_24978851,4,24978851,NA,NA,NA,NA
S4_24978856,4,24978856,NA,NA,NA,NA
S4_25071512,4,25071512,NA,NA,NA,NA
S4_2512836,4,2512836,NA,NA,NA,NA
S4_2512877,4,2512877,NA,NA,NA,NA
S4_2512944,4,2512944,NA,NA,NA,NA
S4_2516681,4,2516681,NA,NA,NA,NA
S4_25743187,4,25743187,NA,NA,NA,NA
S4_25743191,4,25743191,NA,NA,NA,NA
S4_25743192,4,25743192,NA,NA,NA,NA
S4_25743194,4,25743194,NA,NA,NA,NA
S4_25743221,4,25743221,NA,NA,NA,NA
S4_25743223,4,25743223,NA,NA,NA,NA
S4_25743555,4,25743555,NA,NA,NA,NA
S4_25980763,4,25980763,NA,NA,NA,NA
S4_26377853,4,26377853,NA,NA,NA,NA
S4_26424347,4,26424347,NA,NA,NA,NA
S4_26502957,4,26502957,NA,NA,NA,NA
S4_26821593,4,26821593,NA,NA,NA,NA
S4_2693764,4,2693764,NA,NA,NA,NA
S4_2763856,4,2763856,NA,NA,NA,NA
S4_27980693,4,27980693,NA,NA,NA,NA
S4_27980697,4,27980697,NA,NA,NA,NA
S4_27980783,4,27980783,NA,NA,NA,NA
S4_28116903,4,28116903,NA,NA,NA,NA
S4_29117368,4,29117368,NA,NA,NA,NA
S4_29561969,4,29561969,NA,NA,NA,NA
S4_30633366,4,30633366,NA,NA,NA,NA
S4_30769158,4,30769158,NA,NA,NA,NA
S4_31069607,4,31069607,NA,NA,NA,NA
S4_31069610,4,31069610,NA,NA,NA,NA
S4_31101998,4,31101998,NA,NA,NA,NA
S4_31246715,4,31246715,NA,NA,NA,NA
S4_31309567,4,31309567,NA,NA,NA,NA
S4_31674480,4,31674480,NA,NA,NA,NA
S4_31674576,4,31674576,NA,NA,NA,NA
S4_31713004,4,31713004,NA,NA,NA,NA
S4_32143196,4,32143196,NA,NA,NA,NA
S4_3267430,4,3267430,NA,NA,NA,NA
S4_33885257,4,33885257,NA,NA,NA,NA
S4_34013290,4,34013290,NA,NA,NA,NA
S4_34054603,4,34054603,NA,NA,NA,NA
S4_34932355,4,34932355,NA,NA,NA,NA
S4_34932390,4,34932390,NA,NA,NA,NA
S4_35005165,4,35005165,NA,NA,NA,NA
S4_35170948,4,35170948,NA,NA,NA,NA
S4_35209150,4,35209150,NA,NA,NA,NA
S4_35347621,4,35347621,NA,NA,NA,NA
S4_35548885,4,35548885,NA,NA,NA,NA
S4_35548886,4,35548886,NA,NA,NA,NA
S4_35548887,4,35548887,NA,NA,NA,NA
S4_35548888,4,35548888,NA,NA,NA,NA
S4_35918463,4,35918463,NA,NA,NA,NA
S4_36027145,4,36027145,NA,NA,NA,NA
S4_36306194,4,36306194,NA,NA,NA,NA
S4_36314067,4,36314067,NA,NA,NA,NA
S4_36316884,4,36316884,NA,NA,NA,NA
S4_36414560,4,36414560,NA,NA,NA,NA
S4_36415463,4,36415463,NA,NA,NA,NA
S4_37012538,4,37012538,NA,NA,NA,NA
S4_37324699,4,37324699,NA,NA,NA,NA
S4_37732143,4,37732143,NA,NA,NA,NA
S4_37732144,4,37732144,NA,NA,NA,NA
S4_37732150,4,37732150,NA,NA,NA,NA
S4_38287687,4,38287687,NA,NA,NA,NA
S4_38287759,4,38287759,NA,NA,NA,NA
S4_38289169,4,38289169,NA,NA,NA,NA
S4_38544382,4,38544382,NA,NA,NA,NA
S4_38544383,4,38544383,NA,NA,NA,NA
S4_38571191,4,38571191,NA,NA,NA,NA
S4_38571195,4,38571195,NA,NA,NA,NA
S4_38724120,4,38724120,NA,NA,NA,NA
S4_38760058,4,38760058,NA,NA,NA,NA
S4_3889723,4,3889723,NA,NA,NA,NA
S4_3889741,4,3889741,NA,NA,NA,NA
S4_39599913,4,39599913,NA,NA,NA,NA
S4_39796064,4,39796064,NA,NA,NA,NA
S4_39979666,4,39979666,NA,NA,NA,NA
S4_4060899,4,4060899,NA,NA,NA,NA
S4_4060908,4,4060908,NA,NA,NA,NA
S4_40690915,4,40690915,NA,NA,NA,NA
S4_40690917,4,40690917,NA,NA,NA,NA
S4_40690921,4,40690921,NA,NA,NA,NA
S4_40690922,4,40690922,NA,NA,NA,NA
S4_40690926,4,40690926,NA,NA,NA,NA
S4_40690927,4,40690927,NA,NA,NA,NA
S4_40690929,4,40690929,NA,NA,NA,NA
S4_40690930,4,40690930,NA,NA,NA,NA
S4_41192934,4,41192934,NA,NA,NA,NA
S4_41356568,4,41356568,NA,NA,NA,NA
S4_41837254,4,41837254,NA,NA,NA,NA
S4_42103051,4,42103051,NA,NA,NA,NA
S4_4213131,4,4213131,NA,NA,NA,NA
S4_4213146,4,4213146,NA,NA,NA,NA
S4_4213180,4,4213180,NA,NA,NA,NA
S4_4213790,4,4213790,NA,NA,NA,NA
S4_42150411,4,42150411,NA,NA,NA,NA
S4_42830282,4,42830282,NA,NA,NA,NA
S4_43589693,4,43589693,NA,NA,NA,NA
S4_43593140,4,43593140,NA,NA,NA,NA
S4_44509228,4,44509228,NA,NA,NA,NA
S4_44512405,4,44512405,NA,NA,NA,NA
S4_45263706,4,45263706,NA,NA,NA,NA
S4_47001622,4,47001622,NA,NA,NA,NA
S4_4749871,4,4749871,NA,NA,NA,NA
S4_4749882,4,4749882,NA,NA,NA,NA
S4_4749900,4,4749900,NA,NA,NA,NA
S4_47535652,4,47535652,NA,NA,NA,NA
S4_48458638,4,48458638,NA,NA,NA,NA
S4_48459866,4,48459866,NA,NA,NA,NA
S4_4908242,4,4908242,NA,NA,NA,NA
S4_4908245,4,4908245,NA,NA,NA,NA
S4_4908265,4,4908265,NA,NA,NA,NA
S4_5012494,4,5012494,NA,NA,NA,NA
S4_5012500,4,5012500,NA,NA,NA,NA
S4_5012828,4,5012828,NA,NA,NA,NA
S4_50160333,4,50160333,NA,NA,NA,NA
S4_5041209,4,5041209,NA,NA,NA,NA
S4_5041215,4,5041215,NA,NA,NA,NA
S4_514612,4,514612,NA,NA,NA,NA
S4_52396975,4,52396975,NA,NA,NA,NA
S4_5247188,4,5247188,NA,NA,NA,NA
S4_53677780,4,53677780,NA,NA,NA,NA
S4_53677782,4,53677782,NA,NA,NA,NA
S4_53677786,4,53677786,NA,NA,NA,NA
S4_5390418,4,5390418,NA,NA,NA,NA
S4_5406582,4,5406582,NA,NA,NA,NA
S4_5465207,4,5465207,NA,NA,NA,NA
S4_55392957,4,55392957,NA,NA,NA,NA
S4_56311686,4,56311686,NA,NA,NA,NA
S4_5886240,4,5886240,NA,NA,NA,NA
S4_5969223,4,5969223,NA,NA,NA,NA
S4_60360208,4,60360208,NA,NA,NA,NA
S4_6110017,4,6110017,NA,NA,NA,NA
S4_6165533,4,6165533,NA,NA,NA,NA
S4_62338105,4,62338105,NA,NA,NA,NA
S4_62353279,4,62353279,NA,NA,NA,NA
S4_62353294,4,62353294,NA,NA,NA,NA
S4_6243642,4,6243642,NA,NA,NA,NA
S4_62695364,4,62695364,NA,NA,NA,NA
S4_63093038,4,63093038,NA,NA,NA,NA
S4_63093046,4,63093046,NA,NA,NA,NA
S4_63093047,4,63093047,NA,NA,NA,NA
S4_6387512,4,6387512,NA,NA,NA,NA
S4_6600122,4,6600122,NA,NA,NA,NA
S4_6601171,4,6601171,NA,NA,NA,NA
S4_6601172,4,6601172,NA,NA,NA,NA
S4_6601175,4,6601175,NA,NA,NA,NA
S4_6601176,4,6601176,NA,NA,NA,NA
S4_6601177,4,6601177,NA,NA,NA,NA
S4_6601218,4,6601218,NA,NA,NA,NA
S4_66855683,4,66855683,NA,NA,NA,NA
S4_67071852,4,67071852,NA,NA,NA,NA
S4_67071853,4,67071853,NA,NA,NA,NA
S4_67071863,4,67071863,NA,NA,NA,NA
S4_67144511,4,67144511,NA,NA,NA,NA
S4_67144522,4,67144522,NA,NA,NA,NA
S4_67144530,4,67144530,NA,NA,NA,NA
S4_67148561,4,67148561,NA,NA,NA,NA
S4_67652232,4,67652232,NA,NA,NA,NA
S4_67652409,4,67652409,NA,NA,NA,NA
S4_68649415,4,68649415,NA,NA,NA,NA
S4_68797555,4,68797555,NA,NA,NA,NA
S4_68797564,4,68797564,NA,NA,NA,NA
S4_68797589,4,68797589,NA,NA,NA,NA
S4_689385,4,689385,NA,NA,NA,NA
S4_69998593,4,69998593,NA,NA,NA,NA
S4_7016419,4,7016419,NA,NA,NA,NA
S4_7165835,4,7165835,NA,NA,NA,NA
S4_72243395,4,72243395,NA,NA,NA,NA
S4_72853211,4,72853211,NA,NA,NA,NA
S4_73364228,4,73364228,NA,NA,NA,NA
S4_73366233,4,73366233,NA,NA,NA,NA
S4_73422053,4,73422053,NA,NA,NA,NA
S4_73422080,4,73422080,NA,NA,NA,NA
S4_74411155,4,74411155,NA,NA,NA,NA
S4_74411156,4,74411156,NA,NA,NA,NA
S4_74639339,4,74639339,NA,NA,NA,NA
S4_76384744,4,76384744,NA,NA,NA,NA
S4_76384756,4,76384756,NA,NA,NA,NA
S4_764539,4,764539,NA,NA,NA,NA
S4_765788,4,765788,NA,NA,NA,NA
S4_768277,4,768277,NA,NA,NA,NA
S4_768508,4,768508,NA,NA,NA,NA
S4_77013267,4,77013267,NA,NA,NA,NA
S4_77362664,4,77362664,NA,NA,NA,NA
S4_77454220,4,77454220,NA,NA,NA,NA
S4_77454221,4,77454221,NA,NA,NA,NA
S4_80246169,4,80246169,NA,NA,NA,NA
S4_82642446,4,82642446,NA,NA,NA,NA
S4_828259,4,828259,NA,NA,NA,NA
S4_83326439,4,83326439,NA,NA,NA,NA
S4_834505,4,834505,NA,NA,NA,NA
S4_83572601,4,83572601,NA,NA,NA,NA
S4_83861069,4,83861069,NA,NA,NA,NA
S4_83861071,4,83861071,NA,NA,NA,NA
S4_86502502,4,86502502,NA,NA,NA,NA
S4_87855879,4,87855879,NA,NA,NA,NA
S4_911860,4,911860,NA,NA,NA,NA
S4_9485686,4,9485686,NA,NA,NA,NA
S4_96312333,4,96312333,NA,NA,NA,NA
S4_96312407,4,96312407,NA,NA,NA,NA
S4_9658411,4,9658411,NA,NA,NA,NA
S4_9741914,4,9741914,NA,NA,NA,NA
S4_9741916,4,9741916,NA,NA,NA,NA
S4_9742021,4,9742021,NA,NA,NA,NA
S5_100013904,5,100013904,NA,NA,NA,NA
S5_10089056,5,10089056,NA,NA,NA,NA
S5_10173651,5,10173651,NA,NA,NA,NA
S5_10173687,5,10173687,NA,NA,NA,NA
S5_10173904,5,10173904,NA,NA,NA,NA
S5_10276502,5,10276502,NA,NA,NA,NA
S5_103236996,5,103236996,NA,NA,NA,NA
S5_10412398,5,10412398,NA,NA,NA,NA
S5_10418184,5,10418184,NA,NA,NA,NA
S5_10542648,5,10542648,NA,NA,NA,NA
S5_10687042,5,10687042,NA,NA,NA,NA
S5_108762123,5,108762123,NA,NA,NA,NA
S5_108762124,5,108762124,NA,NA,NA,NA
S5_108762125,5,108762125,NA,NA,NA,NA
S5_108762126,5,108762126,NA,NA,NA,NA
S5_108762127,5,108762127,NA,NA,NA,NA
S5_108762128,5,108762128,NA,NA,NA,NA
S5_108762131,5,108762131,NA,NA,NA,NA
S5_108762149,5,108762149,NA,NA,NA,NA
S5_1100370,5,1100370,NA,NA,NA,NA
S5_110178341,5,110178341,NA,NA,NA,NA
S5_111307116,5,111307116,NA,NA,NA,NA
S5_11363645,5,11363645,NA,NA,NA,NA
S5_115729423,5,115729423,NA,NA,NA,NA
S5_11594195,5,11594195,NA,NA,NA,NA
S5_11594197,5,11594197,NA,NA,NA,NA
S5_11594198,5,11594198,NA,NA,NA,NA
S5_11594209,5,11594209,NA,NA,NA,NA
S5_11594212,5,11594212,NA,NA,NA,NA
S5_11597162,5,11597162,NA,NA,NA,NA
S5_11784140,5,11784140,NA,NA,NA,NA
S5_11882046,5,11882046,NA,NA,NA,NA
S5_11886767,5,11886767,NA,NA,NA,NA
S5_11886774,5,11886774,NA,NA,NA,NA
S5_11886780,5,11886780,NA,NA,NA,NA
S5_11904587,5,11904587,NA,NA,NA,NA
S5_12151671,5,12151671,NA,NA,NA,NA
S5_1229587,5,1229587,NA,NA,NA,NA
S5_125493868,5,125493868,NA,NA,NA,NA
S5_12551342,5,12551342,NA,NA,NA,NA
S5_12551416,5,12551416,NA,NA,NA,NA
S5_12551418,5,12551418,NA,NA,NA,NA
S5_12551421,5,12551421,NA,NA,NA,NA
S5_12551426,5,12551426,NA,NA,NA,NA
S5_130499924,5,130499924,NA,NA,NA,NA
S5_13080968,5,13080968,NA,NA,NA,NA
S5_13136976,5,13136976,NA,NA,NA,NA
S5_13177637,5,13177637,NA,NA,NA,NA
S5_13275561,5,13275561,NA,NA,NA,NA
S5_13284332,5,13284332,NA,NA,NA,NA
S5_1340738,5,1340738,NA,NA,NA,NA
S5_13798501,5,13798501,NA,NA,NA,NA
S5_138505880,5,138505880,NA,NA,NA,NA
S5_138809467,5,138809467,NA,NA,NA,NA
S5_13947708,5,13947708,NA,NA,NA,NA
S5_13970359,5,13970359,NA,NA,NA,NA
S5_14058188,5,14058188,NA,NA,NA,NA
S5_140936278,5,140936278,NA,NA,NA,NA
S5_140936458,5,140936458,NA,NA,NA,NA
S5_140936541,5,140936541,NA,NA,NA,NA
S5_140936544,5,140936544,NA,NA,NA,NA
S5_140936547,5,140936547,NA,NA,NA,NA
S5_140984857,5,140984857,NA,NA,NA,NA
S5_140984859,5,140984859,NA,NA,NA,NA
S5_140984880,5,140984880,NA,NA,NA,NA
S5_141166350,5,141166350,NA,NA,NA,NA
S5_141166387,5,141166387,NA,NA,NA,NA
S5_14150446,5,14150446,NA,NA,NA,NA
S5_14150449,5,14150449,NA,NA,NA,NA
S5_142723210,5,142723210,NA,NA,NA,NA
S5_143163948,5,143163948,NA,NA,NA,NA
S5_143972822,5,143972822,NA,NA,NA,NA
S5_143972825,5,143972825,NA,NA,NA,NA
S5_143973181,5,143973181,NA,NA,NA,NA
S5_144116635,5,144116635,NA,NA,NA,NA
S5_14471659,5,14471659,NA,NA,NA,NA
S5_14471673,5,14471673,NA,NA,NA,NA
S5_145105306,5,145105306,NA,NA,NA,NA
S5_145496788,5,145496788,NA,NA,NA,NA
S5_145864221,5,145864221,NA,NA,NA,NA
S5_146259293,5,146259293,NA,NA,NA,NA
S5_146259296,5,146259296,NA,NA,NA,NA
S5_146414073,5,146414073,NA,NA,NA,NA
S5_14653847,5,14653847,NA,NA,NA,NA
S5_14653932,5,14653932,NA,NA,NA,NA
S5_14653933,5,14653933,NA,NA,NA,NA
S5_146846173,5,146846173,NA,NA,NA,NA
S5_146885192,5,146885192,NA,NA,NA,NA
S5_14803047,5,14803047,NA,NA,NA,NA
S5_150275345,5,150275345,NA,NA,NA,NA
S5_150625279,5,150625279,NA,NA,NA,NA
S5_150625285,5,150625285,NA,NA,NA,NA
S5_151708932,5,151708932,NA,NA,NA,NA
S5_151708933,5,151708933,NA,NA,NA,NA
S5_151708938,5,151708938,NA,NA,NA,NA
S5_15187354,5,15187354,NA,NA,NA,NA
S5_151886994,5,151886994,NA,NA,NA,NA
S5_151990658,5,151990658,NA,NA,NA,NA
S5_152567539,5,152567539,NA,NA,NA,NA
S5_152567542,5,152567542,NA,NA,NA,NA
S5_152744112,5,152744112,NA,NA,NA,NA
S5_152744113,5,152744113,NA,NA,NA,NA
S5_1531720,5,1531720,NA,NA,NA,NA
S5_15323509,5,15323509,NA,NA,NA,NA
S5_1533210,5,1533210,NA,NA,NA,NA
S5_1533487,5,1533487,NA,NA,NA,NA
S5_153378206,5,153378206,NA,NA,NA,NA
S5_1536391,5,1536391,NA,NA,NA,NA
S5_1543332,5,1543332,NA,NA,NA,NA
S5_1545967,5,1545967,NA,NA,NA,NA
S5_154600469,5,154600469,NA,NA,NA,NA
S5_154600470,5,154600470,NA,NA,NA,NA
S5_154994925,5,154994925,NA,NA,NA,NA
S5_154995465,5,154995465,NA,NA,NA,NA
S5_155021624,5,155021624,NA,NA,NA,NA
S5_155021625,5,155021625,NA,NA,NA,NA
S5_155021632,5,155021632,NA,NA,NA,NA
S5_155021634,5,155021634,NA,NA,NA,NA
S5_155030532,5,155030532,NA,NA,NA,NA
S5_155527001,5,155527001,NA,NA,NA,NA
S5_156260447,5,156260447,NA,NA,NA,NA
S5_156351470,5,156351470,NA,NA,NA,NA
S5_156754020,5,156754020,NA,NA,NA,NA
S5_1568110,5,1568110,NA,NA,NA,NA
S5_1568127,5,1568127,NA,NA,NA,NA
S5_15734724,5,15734724,NA,NA,NA,NA
S5_15734726,5,15734726,NA,NA,NA,NA
S5_157444503,5,157444503,NA,NA,NA,NA
S5_158821395,5,158821395,NA,NA,NA,NA
S5_158893625,5,158893625,NA,NA,NA,NA
S5_158893740,5,158893740,NA,NA,NA,NA
S5_158893741,5,158893741,NA,NA,NA,NA
S5_158894481,5,158894481,NA,NA,NA,NA
S5_159091205,5,159091205,NA,NA,NA,NA
S5_159330016,5,159330016,NA,NA,NA,NA
S5_159331099,5,159331099,NA,NA,NA,NA
S5_159331283,5,159331283,NA,NA,NA,NA
S5_159803165,5,159803165,NA,NA,NA,NA
S5_159803669,5,159803669,NA,NA,NA,NA
S5_159803674,5,159803674,NA,NA,NA,NA
S5_159804175,5,159804175,NA,NA,NA,NA
S5_159804179,5,159804179,NA,NA,NA,NA
S5_159912914,5,159912914,NA,NA,NA,NA
S5_159945455,5,159945455,NA,NA,NA,NA
S5_159962315,5,159962315,NA,NA,NA,NA
S5_160164847,5,160164847,NA,NA,NA,NA
S5_160721252,5,160721252,NA,NA,NA,NA
S5_160721290,5,160721290,NA,NA,NA,NA
S5_16092582,5,16092582,NA,NA,NA,NA
S5_1623904,5,1623904,NA,NA,NA,NA
S5_162848881,5,162848881,NA,NA,NA,NA
S5_162848884,5,162848884,NA,NA,NA,NA
S5_16303706,5,16303706,NA,NA,NA,NA
S5_163214259,5,163214259,NA,NA,NA,NA
S5_163740437,5,163740437,NA,NA,NA,NA
S5_163740443,5,163740443,NA,NA,NA,NA
S5_163740530,5,163740530,NA,NA,NA,NA
S5_163860607,5,163860607,NA,NA,NA,NA
S5_16416338,5,16416338,NA,NA,NA,NA
S5_16416795,5,16416795,NA,NA,NA,NA
S5_16428152,5,16428152,NA,NA,NA,NA
S5_16428794,5,16428794,NA,NA,NA,NA
S5_164339714,5,164339714,NA,NA,NA,NA
S5_164360971,5,164360971,NA,NA,NA,NA
S5_164360981,5,164360981,NA,NA,NA,NA
S5_164365418,5,164365418,NA,NA,NA,NA
S5_16464646,5,16464646,NA,NA,NA,NA
S5_164655363,5,164655363,NA,NA,NA,NA
S5_164655544,5,164655544,NA,NA,NA,NA
S5_164655571,5,164655571,NA,NA,NA,NA
S5_164842276,5,164842276,NA,NA,NA,NA
S5_164842293,5,164842293,NA,NA,NA,NA
S5_164856260,5,164856260,NA,NA,NA,NA
S5_164856261,5,164856261,NA,NA,NA,NA
S5_164996197,5,164996197,NA,NA,NA,NA
S5_165158582,5,165158582,NA,NA,NA,NA
S5_165158583,5,165158583,NA,NA,NA,NA
S5_166218205,5,166218205,NA,NA,NA,NA
S5_166218251,5,166218251,NA,NA,NA,NA
S5_166515127,5,166515127,NA,NA,NA,NA
S5_167068335,5,167068335,NA,NA,NA,NA
S5_167249937,5,167249937,NA,NA,NA,NA
S5_167276704,5,167276704,NA,NA,NA,NA
S5_167585725,5,167585725,NA,NA,NA,NA
S5_167585729,5,167585729,NA,NA,NA,NA
S5_167586905,5,167586905,NA,NA,NA,NA
S5_167598512,5,167598512,NA,NA,NA,NA
S5_167784588,5,167784588,NA,NA,NA,NA
S5_167947601,5,167947601,NA,NA,NA,NA
S5_167947602,5,167947602,NA,NA,NA,NA
S5_167947606,5,167947606,NA,NA,NA,NA
S5_1680221,5,1680221,NA,NA,NA,NA
S5_1680229,5,1680229,NA,NA,NA,NA
S5_168037174,5,168037174,NA,NA,NA,NA
S5_168086967,5,168086967,NA,NA,NA,NA
S5_168086976,5,168086976,NA,NA,NA,NA
S5_1683503,5,1683503,NA,NA,NA,NA
S5_1683514,5,1683514,NA,NA,NA,NA
S5_168428422,5,168428422,NA,NA,NA,NA
S5_168429418,5,168429418,NA,NA,NA,NA
S5_168446747,5,168446747,NA,NA,NA,NA
S5_168446816,5,168446816,NA,NA,NA,NA
S5_168447631,5,168447631,NA,NA,NA,NA
S5_168667082,5,168667082,NA,NA,NA,NA
S5_168858498,5,168858498,NA,NA,NA,NA
S5_168863936,5,168863936,NA,NA,NA,NA
S5_169238807,5,169238807,NA,NA,NA,NA
S5_169456915,5,169456915,NA,NA,NA,NA
S5_169680701,5,169680701,NA,NA,NA,NA
S5_170023977,5,170023977,NA,NA,NA,NA
S5_170024149,5,170024149,NA,NA,NA,NA
S5_170245884,5,170245884,NA,NA,NA,NA
S5_170411981,5,170411981,NA,NA,NA,NA
S5_170411991,5,170411991,NA,NA,NA,NA
S5_170501366,5,170501366,NA,NA,NA,NA
S5_170814765,5,170814765,NA,NA,NA,NA
S5_170814767,5,170814767,NA,NA,NA,NA
S5_170826668,5,170826668,NA,NA,NA,NA
S5_171050728,5,171050728,NA,NA,NA,NA
S5_171050729,5,171050729,NA,NA,NA,NA
S5_171050749,5,171050749,NA,NA,NA,NA
S5_171050752,5,171050752,NA,NA,NA,NA
S5_171050753,5,171050753,NA,NA,NA,NA
S5_171050754,5,171050754,NA,NA,NA,NA
S5_171050848,5,171050848,NA,NA,NA,NA
S5_171051095,5,171051095,NA,NA,NA,NA
S5_171706688,5,171706688,NA,NA,NA,NA
S5_171706714,5,171706714,NA,NA,NA,NA
S5_171881229,5,171881229,NA,NA,NA,NA
S5_171881230,5,171881230,NA,NA,NA,NA
S5_172017239,5,172017239,NA,NA,NA,NA
S5_172024870,5,172024870,NA,NA,NA,NA
S5_172024871,5,172024871,NA,NA,NA,NA
S5_172025705,5,172025705,NA,NA,NA,NA
S5_1727216,5,1727216,NA,NA,NA,NA
S5_172920541,5,172920541,NA,NA,NA,NA
S5_173165358,5,173165358,NA,NA,NA,NA
S5_17321703,5,17321703,NA,NA,NA,NA
S5_17340637,5,17340637,NA,NA,NA,NA
S5_17350130,5,17350130,NA,NA,NA,NA
S5_173615316,5,173615316,NA,NA,NA,NA
S5_173619445,5,173619445,NA,NA,NA,NA
S5_17379819,5,17379819,NA,NA,NA,NA
S5_17379823,5,17379823,NA,NA,NA,NA
S5_173805523,5,173805523,NA,NA,NA,NA
S5_173810254,5,173810254,NA,NA,NA,NA
S5_173810269,5,173810269,NA,NA,NA,NA
S5_174114772,5,174114772,NA,NA,NA,NA
S5_174284687,5,174284687,NA,NA,NA,NA
S5_174284694,5,174284694,NA,NA,NA,NA
S5_174285699,5,174285699,NA,NA,NA,NA
S5_174351520,5,174351520,NA,NA,NA,NA
S5_174351687,5,174351687,NA,NA,NA,NA
S5_174408574,5,174408574,NA,NA,NA,NA
S5_174619788,5,174619788,NA,NA,NA,NA
S5_174620756,5,174620756,NA,NA,NA,NA
S5_17477538,5,17477538,NA,NA,NA,NA
S5_17498418,5,17498418,NA,NA,NA,NA
S5_17498420,5,17498420,NA,NA,NA,NA
S5_17498432,5,17498432,NA,NA,NA,NA
S5_17498448,5,17498448,NA,NA,NA,NA
S5_17498449,5,17498449,NA,NA,NA,NA
S5_17498450,5,17498450,NA,NA,NA,NA
S5_17498452,5,17498452,NA,NA,NA,NA
S5_17498516,5,17498516,NA,NA,NA,NA
S5_175181268,5,175181268,NA,NA,NA,NA
S5_175181297,5,175181297,NA,NA,NA,NA
S5_175181311,5,175181311,NA,NA,NA,NA
S5_175592606,5,175592606,NA,NA,NA,NA
S5_175615761,5,175615761,NA,NA,NA,NA
S5_175624453,5,175624453,NA,NA,NA,NA
S5_175659423,5,175659423,NA,NA,NA,NA
S5_175688972,5,175688972,NA,NA,NA,NA
S5_175731033,5,175731033,NA,NA,NA,NA
S5_176029740,5,176029740,NA,NA,NA,NA
S5_176038837,5,176038837,NA,NA,NA,NA
S5_176329952,5,176329952,NA,NA,NA,NA
S5_176489480,5,176489480,NA,NA,NA,NA
S5_176992091,5,176992091,NA,NA,NA,NA
S5_177842702,5,177842702,NA,NA,NA,NA
S5_178323636,5,178323636,NA,NA,NA,NA
S5_178323640,5,178323640,NA,NA,NA,NA
S5_178323644,5,178323644,NA,NA,NA,NA
S5_178476415,5,178476415,NA,NA,NA,NA
S5_178476421,5,178476421,NA,NA,NA,NA
S5_178525239,5,178525239,NA,NA,NA,NA
S5_178800172,5,178800172,NA,NA,NA,NA
S5_178825815,5,178825815,NA,NA,NA,NA
S5_17891089,5,17891089,NA,NA,NA,NA
S5_179010906,5,179010906,NA,NA,NA,NA
S5_17966953,5,17966953,NA,NA,NA,NA
S5_17966959,5,17966959,NA,NA,NA,NA
S5_179837114,5,179837114,NA,NA,NA,NA
S5_179926880,5,179926880,NA,NA,NA,NA
S5_179926886,5,179926886,NA,NA,NA,NA
S5_179926896,5,179926896,NA,NA,NA,NA
S5_179928953,5,179928953,NA,NA,NA,NA
S5_179933337,5,179933337,NA,NA,NA,NA
S5_180406012,5,180406012,NA,NA,NA,NA
S5_180406013,5,180406013,NA,NA,NA,NA
S5_180406016,5,180406016,NA,NA,NA,NA
S5_180732984,5,180732984,NA,NA,NA,NA
S5_180739122,5,180739122,NA,NA,NA,NA
S5_180739127,5,180739127,NA,NA,NA,NA
S5_180739137,5,180739137,NA,NA,NA,NA
S5_18156758,5,18156758,NA,NA,NA,NA
S5_18156761,5,18156761,NA,NA,NA,NA
S5_181588656,5,181588656,NA,NA,NA,NA
S5_181588848,5,181588848,NA,NA,NA,NA
S5_18171494,5,18171494,NA,NA,NA,NA
S5_18171496,5,18171496,NA,NA,NA,NA
S5_182137959,5,182137959,NA,NA,NA,NA
S5_182193358,5,182193358,NA,NA,NA,NA
S5_182193360,5,182193360,NA,NA,NA,NA
S5_18276215,5,18276215,NA,NA,NA,NA
S5_18276217,5,18276217,NA,NA,NA,NA
S5_18276339,5,18276339,NA,NA,NA,NA
S5_18276342,5,18276342,NA,NA,NA,NA
S5_18276894,5,18276894,NA,NA,NA,NA
S5_183206617,5,183206617,NA,NA,NA,NA
S5_183321037,5,183321037,NA,NA,NA,NA
S5_183368494,5,183368494,NA,NA,NA,NA
S5_183368503,5,183368503,NA,NA,NA,NA
S5_183368504,5,183368504,NA,NA,NA,NA
S5_183368510,5,183368510,NA,NA,NA,NA
S5_183368511,5,183368511,NA,NA,NA,NA
S5_183484274,5,183484274,NA,NA,NA,NA
S5_184066704,5,184066704,NA,NA,NA,NA
S5_184171780,5,184171780,NA,NA,NA,NA
S5_184496380,5,184496380,NA,NA,NA,NA
S5_184496494,5,184496494,NA,NA,NA,NA
S5_18521616,5,18521616,NA,NA,NA,NA
S5_18540422,5,18540422,NA,NA,NA,NA
S5_185537049,5,185537049,NA,NA,NA,NA
S5_185537057,5,185537057,NA,NA,NA,NA
S5_185537059,5,185537059,NA,NA,NA,NA
S5_18571994,5,18571994,NA,NA,NA,NA
S5_186281885,5,186281885,NA,NA,NA,NA
S5_186281886,5,186281886,NA,NA,NA,NA
S5_186795332,5,186795332,NA,NA,NA,NA
S5_186795626,5,186795626,NA,NA,NA,NA
S5_186840918,5,186840918,NA,NA,NA,NA
S5_186875929,5,186875929,NA,NA,NA,NA
S5_186945389,5,186945389,NA,NA,NA,NA
S5_186961466,5,186961466,NA,NA,NA,NA
S5_18698641,5,18698641,NA,NA,NA,NA
S5_18698649,5,18698649,NA,NA,NA,NA
S5_18698650,5,18698650,NA,NA,NA,NA
S5_18699200,5,18699200,NA,NA,NA,NA
S5_18699679,5,18699679,NA,NA,NA,NA
S5_187003305,5,187003305,NA,NA,NA,NA
S5_187003308,5,187003308,NA,NA,NA,NA
S5_187003309,5,187003309,NA,NA,NA,NA
S5_187003310,5,187003310,NA,NA,NA,NA
S5_187017553,5,187017553,NA,NA,NA,NA
S5_187657151,5,187657151,NA,NA,NA,NA
S5_187809033,5,187809033,NA,NA,NA,NA
S5_1881931,5,1881931,NA,NA,NA,NA
S5_188477315,5,188477315,NA,NA,NA,NA
S5_188477316,5,188477316,NA,NA,NA,NA
S5_188479429,5,188479429,NA,NA,NA,NA
S5_188660810,5,188660810,NA,NA,NA,NA
S5_188667256,5,188667256,NA,NA,NA,NA
S5_188824531,5,188824531,NA,NA,NA,NA
S5_188825536,5,188825536,NA,NA,NA,NA
S5_188837046,5,188837046,NA,NA,NA,NA
S5_188920035,5,188920035,NA,NA,NA,NA
S5_189039722,5,189039722,NA,NA,NA,NA
S5_189323279,5,189323279,NA,NA,NA,NA
S5_189389717,5,189389717,NA,NA,NA,NA
S5_189401935,5,189401935,NA,NA,NA,NA
S5_189401965,5,189401965,NA,NA,NA,NA
S5_189621839,5,189621839,NA,NA,NA,NA
S5_189621840,5,189621840,NA,NA,NA,NA
S5_189621841,5,189621841,NA,NA,NA,NA
S5_189621843,5,189621843,NA,NA,NA,NA
S5_189621845,5,189621845,NA,NA,NA,NA
S5_189621846,5,189621846,NA,NA,NA,NA
S5_189621848,5,189621848,NA,NA,NA,NA
S5_189621904,5,189621904,NA,NA,NA,NA
S5_1896852,5,1896852,NA,NA,NA,NA
S5_189866099,5,189866099,NA,NA,NA,NA
S5_189885402,5,189885402,NA,NA,NA,NA
S5_189906083,5,189906083,NA,NA,NA,NA
S5_18990777,5,18990777,NA,NA,NA,NA
S5_190234072,5,190234072,NA,NA,NA,NA
S5_190242272,5,190242272,NA,NA,NA,NA
S5_190675983,5,190675983,NA,NA,NA,NA
S5_190677275,5,190677275,NA,NA,NA,NA
S5_190677560,5,190677560,NA,NA,NA,NA
S5_190677580,5,190677580,NA,NA,NA,NA
S5_190677631,5,190677631,NA,NA,NA,NA
S5_190959826,5,190959826,NA,NA,NA,NA
S5_191086307,5,191086307,NA,NA,NA,NA
S5_191086309,5,191086309,NA,NA,NA,NA
S5_191086312,5,191086312,NA,NA,NA,NA
S5_191128539,5,191128539,NA,NA,NA,NA
S5_19134100,5,19134100,NA,NA,NA,NA
S5_191370890,5,191370890,NA,NA,NA,NA
S5_191370899,5,191370899,NA,NA,NA,NA
S5_191370901,5,191370901,NA,NA,NA,NA
S5_191376070,5,191376070,NA,NA,NA,NA
S5_191588487,5,191588487,NA,NA,NA,NA
S5_191681776,5,191681776,NA,NA,NA,NA
S5_19188839,5,19188839,NA,NA,NA,NA
S5_192061932,5,192061932,NA,NA,NA,NA
S5_192134899,5,192134899,NA,NA,NA,NA
S5_192152400,5,192152400,NA,NA,NA,NA
S5_192152414,5,192152414,NA,NA,NA,NA
S5_192166385,5,192166385,NA,NA,NA,NA
S5_192168662,5,192168662,NA,NA,NA,NA
S5_192168677,5,192168677,NA,NA,NA,NA
S5_192222174,5,192222174,NA,NA,NA,NA
S5_192309381,5,192309381,NA,NA,NA,NA
S5_192404282,5,192404282,NA,NA,NA,NA
S5_192404799,5,192404799,NA,NA,NA,NA
S5_19248794,5,19248794,NA,NA,NA,NA
S5_192846704,5,192846704,NA,NA,NA,NA
S5_19299130,5,19299130,NA,NA,NA,NA
S5_193453138,5,193453138,NA,NA,NA,NA
S5_193534695,5,193534695,NA,NA,NA,NA
S5_193537584,5,193537584,NA,NA,NA,NA
S5_193538664,5,193538664,NA,NA,NA,NA
S5_193539832,5,193539832,NA,NA,NA,NA
S5_193554917,5,193554917,NA,NA,NA,NA
S5_193555369,5,193555369,NA,NA,NA,NA
S5_193734969,5,193734969,NA,NA,NA,NA
S5_193734978,5,193734978,NA,NA,NA,NA
S5_193734979,5,193734979,NA,NA,NA,NA
S5_193734980,5,193734980,NA,NA,NA,NA
S5_193734981,5,193734981,NA,NA,NA,NA
S5_193967762,5,193967762,NA,NA,NA,NA
S5_193967767,5,193967767,NA,NA,NA,NA
S5_193967783,5,193967783,NA,NA,NA,NA
S5_194166596,5,194166596,NA,NA,NA,NA
S5_194166598,5,194166598,NA,NA,NA,NA
S5_194340128,5,194340128,NA,NA,NA,NA
S5_194404554,5,194404554,NA,NA,NA,NA
S5_194560514,5,194560514,NA,NA,NA,NA
S5_19462141,5,19462141,NA,NA,NA,NA
S5_19462156,5,19462156,NA,NA,NA,NA
S5_19462168,5,19462168,NA,NA,NA,NA
S5_19462171,5,19462171,NA,NA,NA,NA
S5_19462172,5,19462172,NA,NA,NA,NA
S5_194831954,5,194831954,NA,NA,NA,NA
S5_194831957,5,194831957,NA,NA,NA,NA
S5_194831959,5,194831959,NA,NA,NA,NA
S5_194976902,5,194976902,NA,NA,NA,NA
S5_194976967,5,194976967,NA,NA,NA,NA
S5_194976970,5,194976970,NA,NA,NA,NA
S5_195132860,5,195132860,NA,NA,NA,NA
S5_195185895,5,195185895,NA,NA,NA,NA
S5_19528360,5,19528360,NA,NA,NA,NA
S5_195307829,5,195307829,NA,NA,NA,NA
S5_195307846,5,195307846,NA,NA,NA,NA
S5_195307855,5,195307855,NA,NA,NA,NA
S5_195307861,5,195307861,NA,NA,NA,NA
S5_195419440,5,195419440,NA,NA,NA,NA
S5_195543103,5,195543103,NA,NA,NA,NA
S5_195676871,5,195676871,NA,NA,NA,NA
S5_19590480,5,19590480,NA,NA,NA,NA
S5_19590561,5,19590561,NA,NA,NA,NA
S5_19590567,5,19590567,NA,NA,NA,NA
S5_196035673,5,196035673,NA,NA,NA,NA
S5_196678579,5,196678579,NA,NA,NA,NA
S5_196678582,5,196678582,NA,NA,NA,NA
S5_196678583,5,196678583,NA,NA,NA,NA
S5_196726050,5,196726050,NA,NA,NA,NA
S5_196726055,5,196726055,NA,NA,NA,NA
S5_196935201,5,196935201,NA,NA,NA,NA
S5_19709921,5,19709921,NA,NA,NA,NA
S5_19735082,5,19735082,NA,NA,NA,NA
S5_197591336,5,197591336,NA,NA,NA,NA
S5_197591338,5,197591338,NA,NA,NA,NA
S5_197591362,5,197591362,NA,NA,NA,NA
S5_197603242,5,197603242,NA,NA,NA,NA
S5_197606529,5,197606529,NA,NA,NA,NA
S5_197606537,5,197606537,NA,NA,NA,NA
S5_197606538,5,197606538,NA,NA,NA,NA
S5_197707095,5,197707095,NA,NA,NA,NA
S5_197707098,5,197707098,NA,NA,NA,NA
S5_197707105,5,197707105,NA,NA,NA,NA
S5_197707108,5,197707108,NA,NA,NA,NA
S5_197707198,5,197707198,NA,NA,NA,NA
S5_197785790,5,197785790,NA,NA,NA,NA
S5_197955503,5,197955503,NA,NA,NA,NA
S5_198063331,5,198063331,NA,NA,NA,NA
S5_198318034,5,198318034,NA,NA,NA,NA
S5_198789253,5,198789253,NA,NA,NA,NA
S5_198789260,5,198789260,NA,NA,NA,NA
S5_198789461,5,198789461,NA,NA,NA,NA
S5_19918852,5,19918852,NA,NA,NA,NA
S5_199207034,5,199207034,NA,NA,NA,NA
S5_199389302,5,199389302,NA,NA,NA,NA
S5_199649599,5,199649599,NA,NA,NA,NA
S5_199708288,5,199708288,NA,NA,NA,NA
S5_199708296,5,199708296,NA,NA,NA,NA
S5_199708298,5,199708298,NA,NA,NA,NA
S5_199721983,5,199721983,NA,NA,NA,NA
S5_199739789,5,199739789,NA,NA,NA,NA
S5_199980987,5,199980987,NA,NA,NA,NA
S5_199984800,5,199984800,NA,NA,NA,NA
S5_200108479,5,200108479,NA,NA,NA,NA
S5_200110092,5,200110092,NA,NA,NA,NA
S5_200110228,5,200110228,NA,NA,NA,NA
S5_200119613,5,200119613,NA,NA,NA,NA
S5_200119623,5,200119623,NA,NA,NA,NA
S5_200293771,5,200293771,NA,NA,NA,NA
S5_200299629,5,200299629,NA,NA,NA,NA
S5_200299633,5,200299633,NA,NA,NA,NA
S5_200300131,5,200300131,NA,NA,NA,NA
S5_200435117,5,200435117,NA,NA,NA,NA
S5_200597085,5,200597085,NA,NA,NA,NA
S5_200597092,5,200597092,NA,NA,NA,NA
S5_200597093,5,200597093,NA,NA,NA,NA
S5_200597094,5,200597094,NA,NA,NA,NA
S5_200597095,5,200597095,NA,NA,NA,NA
S5_200597096,5,200597096,NA,NA,NA,NA
S5_200597098,5,200597098,NA,NA,NA,NA
S5_200597099,5,200597099,NA,NA,NA,NA
S5_200597100,5,200597100,NA,NA,NA,NA
S5_200597102,5,200597102,NA,NA,NA,NA
S5_200597105,5,200597105,NA,NA,NA,NA
S5_200597107,5,200597107,NA,NA,NA,NA
S5_200597108,5,200597108,NA,NA,NA,NA
S5_200597110,5,200597110,NA,NA,NA,NA
S5_200597363,5,200597363,NA,NA,NA,NA
S5_200778783,5,200778783,NA,NA,NA,NA
S5_200876482,5,200876482,NA,NA,NA,NA
S5_200907638,5,200907638,NA,NA,NA,NA
S5_200939354,5,200939354,NA,NA,NA,NA
S5_200939355,5,200939355,NA,NA,NA,NA
S5_200939445,5,200939445,NA,NA,NA,NA
S5_201392512,5,201392512,NA,NA,NA,NA
S5_201393445,5,201393445,NA,NA,NA,NA
S5_201393448,5,201393448,NA,NA,NA,NA
S5_201580291,5,201580291,NA,NA,NA,NA
S5_201580348,5,201580348,NA,NA,NA,NA
S5_201580349,5,201580349,NA,NA,NA,NA
S5_201613635,5,201613635,NA,NA,NA,NA
S5_201866168,5,201866168,NA,NA,NA,NA
S5_201866173,5,201866173,NA,NA,NA,NA
S5_20188248,5,20188248,NA,NA,NA,NA
S5_20199266,5,20199266,NA,NA,NA,NA
S5_202291112,5,202291112,NA,NA,NA,NA
S5_202291117,5,202291117,NA,NA,NA,NA
S5_202291118,5,202291118,NA,NA,NA,NA
S5_202291132,5,202291132,NA,NA,NA,NA
S5_202305104,5,202305104,NA,NA,NA,NA
S5_202305110,5,202305110,NA,NA,NA,NA
S5_202305224,5,202305224,NA,NA,NA,NA
S5_202394870,5,202394870,NA,NA,NA,NA
S5_202420151,5,202420151,NA,NA,NA,NA
S5_202517338,5,202517338,NA,NA,NA,NA
S5_203402700,5,203402700,NA,NA,NA,NA
S5_203614776,5,203614776,NA,NA,NA,NA
S5_203783664,5,203783664,NA,NA,NA,NA
S5_203783675,5,203783675,NA,NA,NA,NA
S5_203783686,5,203783686,NA,NA,NA,NA
S5_204020414,5,204020414,NA,NA,NA,NA
S5_204229456,5,204229456,NA,NA,NA,NA
S5_204266216,5,204266216,NA,NA,NA,NA
S5_204317940,5,204317940,NA,NA,NA,NA
S5_204333591,5,204333591,NA,NA,NA,NA
S5_204493396,5,204493396,NA,NA,NA,NA
S5_204493402,5,204493402,NA,NA,NA,NA
S5_204593663,5,204593663,NA,NA,NA,NA
S5_204605650,5,204605650,NA,NA,NA,NA
S5_204625103,5,204625103,NA,NA,NA,NA
S5_204628914,5,204628914,NA,NA,NA,NA
S5_204813211,5,204813211,NA,NA,NA,NA
S5_204813642,5,204813642,NA,NA,NA,NA
S5_204813658,5,204813658,NA,NA,NA,NA
S5_204826668,5,204826668,NA,NA,NA,NA
S5_204865984,5,204865984,NA,NA,NA,NA
S5_204865996,5,204865996,NA,NA,NA,NA
S5_204867401,5,204867401,NA,NA,NA,NA
S5_204896498,5,204896498,NA,NA,NA,NA
S5_204903162,5,204903162,NA,NA,NA,NA
S5_20491228,5,20491228,NA,NA,NA,NA
S5_205148000,5,205148000,NA,NA,NA,NA
S5_205149822,5,205149822,NA,NA,NA,NA
S5_205339605,5,205339605,NA,NA,NA,NA
S5_205339607,5,205339607,NA,NA,NA,NA
S5_205339608,5,205339608,NA,NA,NA,NA
S5_205339609,5,205339609,NA,NA,NA,NA
S5_205339611,5,205339611,NA,NA,NA,NA
S5_205339612,5,205339612,NA,NA,NA,NA
S5_205339613,5,205339613,NA,NA,NA,NA
S5_205339615,5,205339615,NA,NA,NA,NA
S5_205339622,5,205339622,NA,NA,NA,NA
S5_205339624,5,205339624,NA,NA,NA,NA
S5_205388990,5,205388990,NA,NA,NA,NA
S5_205544335,5,205544335,NA,NA,NA,NA
S5_205562538,5,205562538,NA,NA,NA,NA
S5_205562539,5,205562539,NA,NA,NA,NA
S5_205745712,5,205745712,NA,NA,NA,NA
S5_206018360,5,206018360,NA,NA,NA,NA
S5_206019160,5,206019160,NA,NA,NA,NA
S5_206019269,5,206019269,NA,NA,NA,NA
S5_206019271,5,206019271,NA,NA,NA,NA
S5_206019282,5,206019282,NA,NA,NA,NA
S5_206019283,5,206019283,NA,NA,NA,NA
S5_206035209,5,206035209,NA,NA,NA,NA
S5_206035295,5,206035295,NA,NA,NA,NA
S5_206035915,5,206035915,NA,NA,NA,NA
S5_206036455,5,206036455,NA,NA,NA,NA
S5_20605008,5,20605008,NA,NA,NA,NA
S5_206306115,5,206306115,NA,NA,NA,NA
S5_206306125,5,206306125,NA,NA,NA,NA
S5_206723276,5,206723276,NA,NA,NA,NA
S5_206742809,5,206742809,NA,NA,NA,NA
S5_206742818,5,206742818,NA,NA,NA,NA
S5_206855145,5,206855145,NA,NA,NA,NA
S5_206855151,5,206855151,NA,NA,NA,NA
S5_206855280,5,206855280,NA,NA,NA,NA
S5_206890892,5,206890892,NA,NA,NA,NA
S5_206918719,5,206918719,NA,NA,NA,NA
S5_207120693,5,207120693,NA,NA,NA,NA
S5_207135952,5,207135952,NA,NA,NA,NA
S5_207136646,5,207136646,NA,NA,NA,NA
S5_207708155,5,207708155,NA,NA,NA,NA
S5_207994257,5,207994257,NA,NA,NA,NA
S5_208061104,5,208061104,NA,NA,NA,NA
S5_208066401,5,208066401,NA,NA,NA,NA
S5_208069452,5,208069452,NA,NA,NA,NA
S5_208084548,5,208084548,NA,NA,NA,NA
S5_208094330,5,208094330,NA,NA,NA,NA
S5_208102504,5,208102504,NA,NA,NA,NA
S5_208159259,5,208159259,NA,NA,NA,NA
S5_208159260,5,208159260,NA,NA,NA,NA
S5_208159262,5,208159262,NA,NA,NA,NA
S5_208159263,5,208159263,NA,NA,NA,NA
S5_208159266,5,208159266,NA,NA,NA,NA
S5_208172394,5,208172394,NA,NA,NA,NA
S5_208172477,5,208172477,NA,NA,NA,NA
S5_208172492,5,208172492,NA,NA,NA,NA
S5_20834415,5,20834415,NA,NA,NA,NA
S5_208365554,5,208365554,NA,NA,NA,NA
S5_208568616,5,208568616,NA,NA,NA,NA
S5_208641525,5,208641525,NA,NA,NA,NA
S5_208675642,5,208675642,NA,NA,NA,NA
S5_208675719,5,208675719,NA,NA,NA,NA
S5_208742337,5,208742337,NA,NA,NA,NA
S5_208743267,5,208743267,NA,NA,NA,NA
S5_208743279,5,208743279,NA,NA,NA,NA
S5_208888815,5,208888815,NA,NA,NA,NA
S5_208900997,5,208900997,NA,NA,NA,NA
S5_208988347,5,208988347,NA,NA,NA,NA
S5_209569020,5,209569020,NA,NA,NA,NA
S5_209733109,5,209733109,NA,NA,NA,NA
S5_209896874,5,209896874,NA,NA,NA,NA
S5_210057724,5,210057724,NA,NA,NA,NA
S5_210058624,5,210058624,NA,NA,NA,NA
S5_210058636,5,210058636,NA,NA,NA,NA
S5_210058836,5,210058836,NA,NA,NA,NA
S5_210261626,5,210261626,NA,NA,NA,NA
S5_210274453,5,210274453,NA,NA,NA,NA
S5_210303017,5,210303017,NA,NA,NA,NA
S5_210303024,5,210303024,NA,NA,NA,NA
S5_210303033,5,210303033,NA,NA,NA,NA
S5_210303188,5,210303188,NA,NA,NA,NA
S5_210632006,5,210632006,NA,NA,NA,NA
S5_210632104,5,210632104,NA,NA,NA,NA
S5_210741070,5,210741070,NA,NA,NA,NA
S5_210766751,5,210766751,NA,NA,NA,NA
S5_210868197,5,210868197,NA,NA,NA,NA
S5_210869357,5,210869357,NA,NA,NA,NA
S5_210869358,5,210869358,NA,NA,NA,NA
S5_211160637,5,211160637,NA,NA,NA,NA
S5_211160658,5,211160658,NA,NA,NA,NA
S5_211179419,5,211179419,NA,NA,NA,NA
S5_211179785,5,211179785,NA,NA,NA,NA
S5_211200008,5,211200008,NA,NA,NA,NA
S5_211200023,5,211200023,NA,NA,NA,NA
S5_211283295,5,211283295,NA,NA,NA,NA
S5_211301566,5,211301566,NA,NA,NA,NA
S5_211301573,5,211301573,NA,NA,NA,NA
S5_211301574,5,211301574,NA,NA,NA,NA
S5_211323063,5,211323063,NA,NA,NA,NA
S5_211384173,5,211384173,NA,NA,NA,NA
S5_211549979,5,211549979,NA,NA,NA,NA
S5_211549980,5,211549980,NA,NA,NA,NA
S5_211711349,5,211711349,NA,NA,NA,NA
S5_211726285,5,211726285,NA,NA,NA,NA
S5_211726301,5,211726301,NA,NA,NA,NA
S5_211749440,5,211749440,NA,NA,NA,NA
S5_211763116,5,211763116,NA,NA,NA,NA
S5_211763120,5,211763120,NA,NA,NA,NA
S5_211767832,5,211767832,NA,NA,NA,NA
S5_211767847,5,211767847,NA,NA,NA,NA
S5_211769551,5,211769551,NA,NA,NA,NA
S5_211990726,5,211990726,NA,NA,NA,NA
S5_211990765,5,211990765,NA,NA,NA,NA
S5_211992169,5,211992169,NA,NA,NA,NA
S5_2120221,5,2120221,NA,NA,NA,NA
S5_212029849,5,212029849,NA,NA,NA,NA
S5_212160278,5,212160278,NA,NA,NA,NA
S5_212160279,5,212160279,NA,NA,NA,NA
S5_212160281,5,212160281,NA,NA,NA,NA
S5_212160283,5,212160283,NA,NA,NA,NA
S5_212160285,5,212160285,NA,NA,NA,NA
S5_212178380,5,212178380,NA,NA,NA,NA
S5_212203293,5,212203293,NA,NA,NA,NA
S5_212203294,5,212203294,NA,NA,NA,NA
S5_212203297,5,212203297,NA,NA,NA,NA
S5_212245028,5,212245028,NA,NA,NA,NA
S5_212613292,5,212613292,NA,NA,NA,NA
S5_212619269,5,212619269,NA,NA,NA,NA
S5_212619282,5,212619282,NA,NA,NA,NA
S5_212647483,5,212647483,NA,NA,NA,NA
S5_212687926,5,212687926,NA,NA,NA,NA
S5_212818437,5,212818437,NA,NA,NA,NA
S5_212818620,5,212818620,NA,NA,NA,NA
S5_212818621,5,212818621,NA,NA,NA,NA
S5_212819661,5,212819661,NA,NA,NA,NA
S5_212819670,5,212819670,NA,NA,NA,NA
S5_212819688,5,212819688,NA,NA,NA,NA
S5_212819990,5,212819990,NA,NA,NA,NA
S5_213038415,5,213038415,NA,NA,NA,NA
S5_213082426,5,213082426,NA,NA,NA,NA
S5_213107042,5,213107042,NA,NA,NA,NA
S5_213268531,5,213268531,NA,NA,NA,NA
S5_213342020,5,213342020,NA,NA,NA,NA
S5_213342026,5,213342026,NA,NA,NA,NA
S5_21342408,5,21342408,NA,NA,NA,NA
S5_21351319,5,21351319,NA,NA,NA,NA
S5_213539012,5,213539012,NA,NA,NA,NA
S5_213734392,5,213734392,NA,NA,NA,NA
S5_213913898,5,213913898,NA,NA,NA,NA
S5_213913899,5,213913899,NA,NA,NA,NA
S5_213913900,5,213913900,NA,NA,NA,NA
S5_213913902,5,213913902,NA,NA,NA,NA
S5_213913904,5,213913904,NA,NA,NA,NA
S5_214078240,5,214078240,NA,NA,NA,NA
S5_214078296,5,214078296,NA,NA,NA,NA
S5_214115943,5,214115943,NA,NA,NA,NA
S5_214163694,5,214163694,NA,NA,NA,NA
S5_214166620,5,214166620,NA,NA,NA,NA
S5_214168047,5,214168047,NA,NA,NA,NA
S5_214337477,5,214337477,NA,NA,NA,NA
S5_214385952,5,214385952,NA,NA,NA,NA
S5_214389989,5,214389989,NA,NA,NA,NA
S5_214389994,5,214389994,NA,NA,NA,NA
S5_214390012,5,214390012,NA,NA,NA,NA
S5_2144016,5,2144016,NA,NA,NA,NA
S5_214412343,5,214412343,NA,NA,NA,NA
S5_214412344,5,214412344,NA,NA,NA,NA
S5_214412347,5,214412347,NA,NA,NA,NA
S5_214530335,5,214530335,NA,NA,NA,NA
S5_214612854,5,214612854,NA,NA,NA,NA
S5_214849372,5,214849372,NA,NA,NA,NA
S5_214952635,5,214952635,NA,NA,NA,NA
S5_214952647,5,214952647,NA,NA,NA,NA
S5_215024229,5,215024229,NA,NA,NA,NA
S5_215028518,5,215028518,NA,NA,NA,NA
S5_215300636,5,215300636,NA,NA,NA,NA
S5_215471464,5,215471464,NA,NA,NA,NA
S5_215471810,5,215471810,NA,NA,NA,NA
S5_215471878,5,215471878,NA,NA,NA,NA
S5_215471879,5,215471879,NA,NA,NA,NA
S5_215483387,5,215483387,NA,NA,NA,NA
S5_215483394,5,215483394,NA,NA,NA,NA
S5_215487161,5,215487161,NA,NA,NA,NA
S5_215518275,5,215518275,NA,NA,NA,NA
S5_215518292,5,215518292,NA,NA,NA,NA
S5_215560938,5,215560938,NA,NA,NA,NA
S5_215566890,5,215566890,NA,NA,NA,NA
S5_215566893,5,215566893,NA,NA,NA,NA
S5_215618564,5,215618564,NA,NA,NA,NA
S5_215618577,5,215618577,NA,NA,NA,NA
S5_215618578,5,215618578,NA,NA,NA,NA
S5_215618579,5,215618579,NA,NA,NA,NA
S5_215618584,5,215618584,NA,NA,NA,NA
S5_215650810,5,215650810,NA,NA,NA,NA
S5_215811775,5,215811775,NA,NA,NA,NA
S5_215928225,5,215928225,NA,NA,NA,NA
S5_215991184,5,215991184,NA,NA,NA,NA
S5_216088648,5,216088648,NA,NA,NA,NA
S5_216179117,5,216179117,NA,NA,NA,NA
S5_216179119,5,216179119,NA,NA,NA,NA
S5_216179130,5,216179130,NA,NA,NA,NA
S5_216179137,5,216179137,NA,NA,NA,NA
S5_216204654,5,216204654,NA,NA,NA,NA
S5_216204662,5,216204662,NA,NA,NA,NA
S5_216204664,5,216204664,NA,NA,NA,NA
S5_216206233,5,216206233,NA,NA,NA,NA
S5_216206240,5,216206240,NA,NA,NA,NA
S5_216206630,5,216206630,NA,NA,NA,NA
S5_216538430,5,216538430,NA,NA,NA,NA
S5_216539605,5,216539605,NA,NA,NA,NA
S5_216541163,5,216541163,NA,NA,NA,NA
S5_216619755,5,216619755,NA,NA,NA,NA
S5_216619778,5,216619778,NA,NA,NA,NA
S5_216950849,5,216950849,NA,NA,NA,NA
S5_21702606,5,21702606,NA,NA,NA,NA
S5_217416666,5,217416666,NA,NA,NA,NA
S5_21933432,5,21933432,NA,NA,NA,NA
S5_22100304,5,22100304,NA,NA,NA,NA
S5_22355372,5,22355372,NA,NA,NA,NA
S5_2251282,5,2251282,NA,NA,NA,NA
S5_2263150,5,2263150,NA,NA,NA,NA
S5_22635724,5,22635724,NA,NA,NA,NA
S5_2269907,5,2269907,NA,NA,NA,NA
S5_22757035,5,22757035,NA,NA,NA,NA
S5_22798643,5,22798643,NA,NA,NA,NA
S5_2289833,5,2289833,NA,NA,NA,NA
S5_22998699,5,22998699,NA,NA,NA,NA
S5_2322687,5,2322687,NA,NA,NA,NA
S5_2323696,5,2323696,NA,NA,NA,NA
S5_2336298,5,2336298,NA,NA,NA,NA
S5_2336306,5,2336306,NA,NA,NA,NA
S5_2336315,5,2336315,NA,NA,NA,NA
S5_23573589,5,23573589,NA,NA,NA,NA
S5_23573878,5,23573878,NA,NA,NA,NA
S5_2363467,5,2363467,NA,NA,NA,NA
S5_2363504,5,2363504,NA,NA,NA,NA
S5_2365034,5,2365034,NA,NA,NA,NA
S5_2366183,5,2366183,NA,NA,NA,NA
S5_23690917,5,23690917,NA,NA,NA,NA
S5_23690921,5,23690921,NA,NA,NA,NA
S5_23724126,5,23724126,NA,NA,NA,NA
S5_23724131,5,23724131,NA,NA,NA,NA
S5_23877586,5,23877586,NA,NA,NA,NA
S5_23877589,5,23877589,NA,NA,NA,NA
S5_23877593,5,23877593,NA,NA,NA,NA
S5_24437927,5,24437927,NA,NA,NA,NA
S5_24609559,5,24609559,NA,NA,NA,NA
S5_24618055,5,24618055,NA,NA,NA,NA
S5_25028924,5,25028924,NA,NA,NA,NA
S5_25483743,5,25483743,NA,NA,NA,NA
S5_25548909,5,25548909,NA,NA,NA,NA
S5_25549335,5,25549335,NA,NA,NA,NA
S5_25549341,5,25549341,NA,NA,NA,NA
S5_25549343,5,25549343,NA,NA,NA,NA
S5_2582885,5,2582885,NA,NA,NA,NA
S5_2582889,5,2582889,NA,NA,NA,NA
S5_25990972,5,25990972,NA,NA,NA,NA
S5_2601163,5,2601163,NA,NA,NA,NA
S5_26443896,5,26443896,NA,NA,NA,NA
S5_2704570,5,2704570,NA,NA,NA,NA
S5_27767127,5,27767127,NA,NA,NA,NA
S5_2784550,5,2784550,NA,NA,NA,NA
S5_2784557,5,2784557,NA,NA,NA,NA
S5_2792546,5,2792546,NA,NA,NA,NA
S5_28109875,5,28109875,NA,NA,NA,NA
S5_28211319,5,28211319,NA,NA,NA,NA
S5_29622022,5,29622022,NA,NA,NA,NA
S5_29898910,5,29898910,NA,NA,NA,NA
S5_30218507,5,30218507,NA,NA,NA,NA
S5_30218632,5,30218632,NA,NA,NA,NA
S5_3052688,5,3052688,NA,NA,NA,NA
S5_3057360,5,3057360,NA,NA,NA,NA
S5_30601234,5,30601234,NA,NA,NA,NA
S5_30601456,5,30601456,NA,NA,NA,NA
S5_30740827,5,30740827,NA,NA,NA,NA
S5_30744706,5,30744706,NA,NA,NA,NA
S5_30744716,5,30744716,NA,NA,NA,NA
S5_30772285,5,30772285,NA,NA,NA,NA
S5_30772288,5,30772288,NA,NA,NA,NA
S5_30777218,5,30777218,NA,NA,NA,NA
S5_30839042,5,30839042,NA,NA,NA,NA
S5_31422664,5,31422664,NA,NA,NA,NA
S5_31422672,5,31422672,NA,NA,NA,NA
S5_31444693,5,31444693,NA,NA,NA,NA
S5_32012050,5,32012050,NA,NA,NA,NA
S5_32012225,5,32012225,NA,NA,NA,NA
S5_32012229,5,32012229,NA,NA,NA,NA
S5_32012232,5,32012232,NA,NA,NA,NA
S5_32090496,5,32090496,NA,NA,NA,NA
S5_32094547,5,32094547,NA,NA,NA,NA
S5_32460137,5,32460137,NA,NA,NA,NA
S5_32460265,5,32460265,NA,NA,NA,NA
S5_3258461,5,3258461,NA,NA,NA,NA
S5_3289285,5,3289285,NA,NA,NA,NA
S5_3329307,5,3329307,NA,NA,NA,NA
S5_3396728,5,3396728,NA,NA,NA,NA
S5_34044419,5,34044419,NA,NA,NA,NA
S5_34078904,5,34078904,NA,NA,NA,NA
S5_34078907,5,34078907,NA,NA,NA,NA
S5_34135549,5,34135549,NA,NA,NA,NA
S5_34135571,5,34135571,NA,NA,NA,NA
S5_3428369,5,3428369,NA,NA,NA,NA
S5_34612804,5,34612804,NA,NA,NA,NA
S5_34752611,5,34752611,NA,NA,NA,NA
S5_34752629,5,34752629,NA,NA,NA,NA
S5_34786614,5,34786614,NA,NA,NA,NA
S5_3539890,5,3539890,NA,NA,NA,NA
S5_3544621,5,3544621,NA,NA,NA,NA
S5_35782548,5,35782548,NA,NA,NA,NA
S5_35782566,5,35782566,NA,NA,NA,NA
S5_35782572,5,35782572,NA,NA,NA,NA
S5_36954325,5,36954325,NA,NA,NA,NA
S5_36954559,5,36954559,NA,NA,NA,NA
S5_36954592,5,36954592,NA,NA,NA,NA
S5_36954606,5,36954606,NA,NA,NA,NA
S5_37256242,5,37256242,NA,NA,NA,NA
S5_37256448,5,37256448,NA,NA,NA,NA
S5_3727345,5,3727345,NA,NA,NA,NA
S5_3761543,5,3761543,NA,NA,NA,NA
S5_38202517,5,38202517,NA,NA,NA,NA
S5_3829563,5,3829563,NA,NA,NA,NA
S5_38858158,5,38858158,NA,NA,NA,NA
S5_38978982,5,38978982,NA,NA,NA,NA
S5_39340472,5,39340472,NA,NA,NA,NA
S5_39411827,5,39411827,NA,NA,NA,NA
S5_39411847,5,39411847,NA,NA,NA,NA
S5_39416844,5,39416844,NA,NA,NA,NA
S5_39671048,5,39671048,NA,NA,NA,NA
S5_40099924,5,40099924,NA,NA,NA,NA
S5_4019834,5,4019834,NA,NA,NA,NA
S5_4039369,5,4039369,NA,NA,NA,NA
S5_4039377,5,4039377,NA,NA,NA,NA
S5_4154084,5,4154084,NA,NA,NA,NA
S5_4154095,5,4154095,NA,NA,NA,NA
S5_4156511,5,4156511,NA,NA,NA,NA
S5_4156526,5,4156526,NA,NA,NA,NA
S5_4160392,5,4160392,NA,NA,NA,NA
S5_41687629,5,41687629,NA,NA,NA,NA
S5_4221812,5,4221812,NA,NA,NA,NA
S5_42301787,5,42301787,NA,NA,NA,NA
S5_42456699,5,42456699,NA,NA,NA,NA
S5_42456701,5,42456701,NA,NA,NA,NA
S5_4322684,5,4322684,NA,NA,NA,NA
S5_4336201,5,4336201,NA,NA,NA,NA
S5_4336202,5,4336202,NA,NA,NA,NA
S5_4361117,5,4361117,NA,NA,NA,NA
S5_4361120,5,4361120,NA,NA,NA,NA
S5_4426149,5,4426149,NA,NA,NA,NA
S5_4430196,5,4430196,NA,NA,NA,NA
S5_4430206,5,4430206,NA,NA,NA,NA
S5_4430462,5,4430462,NA,NA,NA,NA
S5_4516322,5,4516322,NA,NA,NA,NA
S5_4589575,5,4589575,NA,NA,NA,NA
S5_4620342,5,4620342,NA,NA,NA,NA
S5_46262035,5,46262035,NA,NA,NA,NA
S5_4668442,5,4668442,NA,NA,NA,NA
S5_4672857,5,4672857,NA,NA,NA,NA
S5_46947464,5,46947464,NA,NA,NA,NA
S5_46947466,5,46947466,NA,NA,NA,NA
S5_46947468,5,46947468,NA,NA,NA,NA
S5_46947470,5,46947470,NA,NA,NA,NA
S5_46947471,5,46947471,NA,NA,NA,NA
S5_47073555,5,47073555,NA,NA,NA,NA
S5_47579546,5,47579546,NA,NA,NA,NA
S5_4768454,5,4768454,NA,NA,NA,NA
S5_48144991,5,48144991,NA,NA,NA,NA
S5_48501480,5,48501480,NA,NA,NA,NA
S5_48501481,5,48501481,NA,NA,NA,NA
S5_48501972,5,48501972,NA,NA,NA,NA
S5_48584827,5,48584827,NA,NA,NA,NA
S5_48678892,5,48678892,NA,NA,NA,NA
S5_48680969,5,48680969,NA,NA,NA,NA
S5_48680975,5,48680975,NA,NA,NA,NA
S5_48803434,5,48803434,NA,NA,NA,NA
S5_48803447,5,48803447,NA,NA,NA,NA
S5_4909907,5,4909907,NA,NA,NA,NA
S5_4923330,5,4923330,NA,NA,NA,NA
S5_4923333,5,4923333,NA,NA,NA,NA
S5_4923337,5,4923337,NA,NA,NA,NA
S5_49254801,5,49254801,NA,NA,NA,NA
S5_4945515,5,4945515,NA,NA,NA,NA
S5_4946453,5,4946453,NA,NA,NA,NA
S5_49802410,5,49802410,NA,NA,NA,NA
S5_49827105,5,49827105,NA,NA,NA,NA
S5_49827106,5,49827106,NA,NA,NA,NA
S5_50036839,5,50036839,NA,NA,NA,NA
S5_50552593,5,50552593,NA,NA,NA,NA
S5_51355401,5,51355401,NA,NA,NA,NA
S5_51427608,5,51427608,NA,NA,NA,NA
S5_51427635,5,51427635,NA,NA,NA,NA
S5_51427644,5,51427644,NA,NA,NA,NA
S5_51427753,5,51427753,NA,NA,NA,NA
S5_51429537,5,51429537,NA,NA,NA,NA
S5_51429585,5,51429585,NA,NA,NA,NA
S5_51429894,5,51429894,NA,NA,NA,NA
S5_51667851,5,51667851,NA,NA,NA,NA
S5_51692544,5,51692544,NA,NA,NA,NA
S5_5199137,5,5199137,NA,NA,NA,NA
S5_52506127,5,52506127,NA,NA,NA,NA
S5_53448981,5,53448981,NA,NA,NA,NA
S5_53533758,5,53533758,NA,NA,NA,NA
S5_53905467,5,53905467,NA,NA,NA,NA
S5_54172368,5,54172368,NA,NA,NA,NA
S5_54186555,5,54186555,NA,NA,NA,NA
S5_54186559,5,54186559,NA,NA,NA,NA
S5_54415369,5,54415369,NA,NA,NA,NA
S5_54415955,5,54415955,NA,NA,NA,NA
S5_55785269,5,55785269,NA,NA,NA,NA
S5_5632288,5,5632288,NA,NA,NA,NA
S5_5632290,5,5632290,NA,NA,NA,NA
S5_5632291,5,5632291,NA,NA,NA,NA
S5_5632292,5,5632292,NA,NA,NA,NA
S5_56369874,5,56369874,NA,NA,NA,NA
S5_56369881,5,56369881,NA,NA,NA,NA
S5_56376196,5,56376196,NA,NA,NA,NA
S5_56423575,5,56423575,NA,NA,NA,NA
S5_56424264,5,56424264,NA,NA,NA,NA
S5_56424620,5,56424620,NA,NA,NA,NA
S5_56425139,5,56425139,NA,NA,NA,NA
S5_56425144,5,56425144,NA,NA,NA,NA
S5_56425146,5,56425146,NA,NA,NA,NA
S5_56429318,5,56429318,NA,NA,NA,NA
S5_56429325,5,56429325,NA,NA,NA,NA
S5_56746661,5,56746661,NA,NA,NA,NA
S5_56747067,5,56747067,NA,NA,NA,NA
S5_56902060,5,56902060,NA,NA,NA,NA
S5_56902062,5,56902062,NA,NA,NA,NA
S5_56902078,5,56902078,NA,NA,NA,NA
S5_56903574,5,56903574,NA,NA,NA,NA
S5_57428552,5,57428552,NA,NA,NA,NA
S5_57428553,5,57428553,NA,NA,NA,NA
S5_57428554,5,57428554,NA,NA,NA,NA
S5_57428556,5,57428556,NA,NA,NA,NA
S5_57428562,5,57428562,NA,NA,NA,NA
S5_57428563,5,57428563,NA,NA,NA,NA
S5_57432767,5,57432767,NA,NA,NA,NA
S5_57432890,5,57432890,NA,NA,NA,NA
S5_5792367,5,5792367,NA,NA,NA,NA
S5_5792427,5,5792427,NA,NA,NA,NA
S5_5792479,5,5792479,NA,NA,NA,NA
S5_5794265,5,5794265,NA,NA,NA,NA
S5_58060182,5,58060182,NA,NA,NA,NA
S5_58138788,5,58138788,NA,NA,NA,NA
S5_58751998,5,58751998,NA,NA,NA,NA
S5_5892515,5,5892515,NA,NA,NA,NA
S5_59309953,5,59309953,NA,NA,NA,NA
S5_59310756,5,59310756,NA,NA,NA,NA
S5_59430034,5,59430034,NA,NA,NA,NA
S5_59430051,5,59430051,NA,NA,NA,NA
S5_59431884,5,59431884,NA,NA,NA,NA
S5_59600187,5,59600187,NA,NA,NA,NA
S5_59726191,5,59726191,NA,NA,NA,NA
S5_59979075,5,59979075,NA,NA,NA,NA
S5_60453532,5,60453532,NA,NA,NA,NA
S5_60453535,5,60453535,NA,NA,NA,NA
S5_60521232,5,60521232,NA,NA,NA,NA
S5_61003453,5,61003453,NA,NA,NA,NA
S5_6139633,5,6139633,NA,NA,NA,NA
S5_6141276,5,6141276,NA,NA,NA,NA
S5_61524576,5,61524576,NA,NA,NA,NA
S5_61524580,5,61524580,NA,NA,NA,NA
S5_61524592,5,61524592,NA,NA,NA,NA
S5_6157315,5,6157315,NA,NA,NA,NA
S5_62026658,5,62026658,NA,NA,NA,NA
S5_62109988,5,62109988,NA,NA,NA,NA
S5_62109999,5,62109999,NA,NA,NA,NA
S5_62596992,5,62596992,NA,NA,NA,NA
S5_6315443,5,6315443,NA,NA,NA,NA
S5_6328091,5,6328091,NA,NA,NA,NA
S5_6334004,5,6334004,NA,NA,NA,NA
S5_6334007,5,6334007,NA,NA,NA,NA
S5_6371248,5,6371248,NA,NA,NA,NA
S5_6371266,5,6371266,NA,NA,NA,NA
S5_6373770,5,6373770,NA,NA,NA,NA
S5_6376176,5,6376176,NA,NA,NA,NA
S5_64251060,5,64251060,NA,NA,NA,NA
S5_6434214,5,6434214,NA,NA,NA,NA
S5_6434389,5,6434389,NA,NA,NA,NA
S5_6434453,5,6434453,NA,NA,NA,NA
S5_6444293,5,6444293,NA,NA,NA,NA
S5_6444304,5,6444304,NA,NA,NA,NA
S5_6444307,5,6444307,NA,NA,NA,NA
S5_6444308,5,6444308,NA,NA,NA,NA
S5_65110963,5,65110963,NA,NA,NA,NA
S5_651650,5,651650,NA,NA,NA,NA
S5_651651,5,651651,NA,NA,NA,NA
S5_651656,5,651656,NA,NA,NA,NA
S5_651657,5,651657,NA,NA,NA,NA
S5_65450442,5,65450442,NA,NA,NA,NA
S5_6570087,5,6570087,NA,NA,NA,NA
S5_6571256,5,6571256,NA,NA,NA,NA
S5_657192,5,657192,NA,NA,NA,NA
S5_659796,5,659796,NA,NA,NA,NA
S5_66110170,5,66110170,NA,NA,NA,NA
S5_66394517,5,66394517,NA,NA,NA,NA
S5_66423968,5,66423968,NA,NA,NA,NA
S5_6688429,5,6688429,NA,NA,NA,NA
S5_67046694,5,67046694,NA,NA,NA,NA
S5_67668626,5,67668626,NA,NA,NA,NA
S5_6802784,5,6802784,NA,NA,NA,NA
S5_6802829,5,6802829,NA,NA,NA,NA
S5_6805362,5,6805362,NA,NA,NA,NA
S5_6805384,5,6805384,NA,NA,NA,NA
S5_682373,5,682373,NA,NA,NA,NA
S5_6831224,5,6831224,NA,NA,NA,NA
S5_6831234,5,6831234,NA,NA,NA,NA
S5_68398118,5,68398118,NA,NA,NA,NA
S5_68398130,5,68398130,NA,NA,NA,NA
S5_68401983,5,68401983,NA,NA,NA,NA
S5_6857193,5,6857193,NA,NA,NA,NA
S5_6857196,5,6857196,NA,NA,NA,NA
S5_6857198,5,6857198,NA,NA,NA,NA
S5_6857200,5,6857200,NA,NA,NA,NA
S5_6857201,5,6857201,NA,NA,NA,NA
S5_6857719,5,6857719,NA,NA,NA,NA
S5_68646963,5,68646963,NA,NA,NA,NA
S5_68646971,5,68646971,NA,NA,NA,NA
S5_68646973,5,68646973,NA,NA,NA,NA
S5_68646976,5,68646976,NA,NA,NA,NA
S5_68646977,5,68646977,NA,NA,NA,NA
S5_68646980,5,68646980,NA,NA,NA,NA
S5_68647055,5,68647055,NA,NA,NA,NA
S5_68652889,5,68652889,NA,NA,NA,NA
S5_6874452,5,6874452,NA,NA,NA,NA
S5_6874454,5,6874454,NA,NA,NA,NA
S5_6906618,5,6906618,NA,NA,NA,NA
S5_69302961,5,69302961,NA,NA,NA,NA
S5_69308339,5,69308339,NA,NA,NA,NA
S5_69456052,5,69456052,NA,NA,NA,NA
S5_69456062,5,69456062,NA,NA,NA,NA
S5_69456221,5,69456221,NA,NA,NA,NA
S5_69458255,5,69458255,NA,NA,NA,NA
S5_70624745,5,70624745,NA,NA,NA,NA
S5_70624752,5,70624752,NA,NA,NA,NA
S5_70870604,5,70870604,NA,NA,NA,NA
S5_7134162,5,7134162,NA,NA,NA,NA
S5_7152905,5,7152905,NA,NA,NA,NA
S5_71853018,5,71853018,NA,NA,NA,NA
S5_7243054,5,7243054,NA,NA,NA,NA
S5_72594885,5,72594885,NA,NA,NA,NA
S5_7261101,5,7261101,NA,NA,NA,NA
S5_7261348,5,7261348,NA,NA,NA,NA
S5_7261352,5,7261352,NA,NA,NA,NA
S5_72698989,5,72698989,NA,NA,NA,NA
S5_7357492,5,7357492,NA,NA,NA,NA
S5_741728,5,741728,NA,NA,NA,NA
S5_74501452,5,74501452,NA,NA,NA,NA
S5_74507799,5,74507799,NA,NA,NA,NA
S5_7454114,5,7454114,NA,NA,NA,NA
S5_7457197,5,7457197,NA,NA,NA,NA
S5_7458122,5,7458122,NA,NA,NA,NA
S5_74615082,5,74615082,NA,NA,NA,NA
S5_74617127,5,74617127,NA,NA,NA,NA
S5_74617128,5,74617128,NA,NA,NA,NA
S5_74617129,5,74617129,NA,NA,NA,NA
S5_74660974,5,74660974,NA,NA,NA,NA
S5_74660980,5,74660980,NA,NA,NA,NA
S5_7587727,5,7587727,NA,NA,NA,NA
S5_75886672,5,75886672,NA,NA,NA,NA
S5_7598810,5,7598810,NA,NA,NA,NA
S5_7603665,5,7603665,NA,NA,NA,NA
S5_7603679,5,7603679,NA,NA,NA,NA
S5_76116538,5,76116538,NA,NA,NA,NA
S5_76381770,5,76381770,NA,NA,NA,NA
S5_76381779,5,76381779,NA,NA,NA,NA
S5_76635621,5,76635621,NA,NA,NA,NA
S5_76635626,5,76635626,NA,NA,NA,NA
S5_76635629,5,76635629,NA,NA,NA,NA
S5_7688527,5,7688527,NA,NA,NA,NA
S5_7702493,5,7702493,NA,NA,NA,NA
S5_77435052,5,77435052,NA,NA,NA,NA
S5_77435059,5,77435059,NA,NA,NA,NA
S5_77435301,5,77435301,NA,NA,NA,NA
S5_77526821,5,77526821,NA,NA,NA,NA
S5_77526825,5,77526825,NA,NA,NA,NA
S5_77526830,5,77526830,NA,NA,NA,NA
S5_7767798,5,7767798,NA,NA,NA,NA
S5_78307722,5,78307722,NA,NA,NA,NA
S5_78389179,5,78389179,NA,NA,NA,NA
S5_78389186,5,78389186,NA,NA,NA,NA
S5_78389194,5,78389194,NA,NA,NA,NA
S5_78639347,5,78639347,NA,NA,NA,NA
S5_78822707,5,78822707,NA,NA,NA,NA
S5_78823223,5,78823223,NA,NA,NA,NA
S5_79858865,5,79858865,NA,NA,NA,NA
S5_7999904,5,7999904,NA,NA,NA,NA
S5_7999912,5,7999912,NA,NA,NA,NA
S5_80491966,5,80491966,NA,NA,NA,NA
S5_80492566,5,80492566,NA,NA,NA,NA
S5_80971601,5,80971601,NA,NA,NA,NA
S5_812682,5,812682,NA,NA,NA,NA
S5_812689,5,812689,NA,NA,NA,NA
S5_81860707,5,81860707,NA,NA,NA,NA
S5_81954511,5,81954511,NA,NA,NA,NA
S5_81954523,5,81954523,NA,NA,NA,NA
S5_81954535,5,81954535,NA,NA,NA,NA
S5_82325945,5,82325945,NA,NA,NA,NA
S5_82609792,5,82609792,NA,NA,NA,NA
S5_82953239,5,82953239,NA,NA,NA,NA
S5_82953467,5,82953467,NA,NA,NA,NA
S5_8334623,5,8334623,NA,NA,NA,NA
S5_8336164,5,8336164,NA,NA,NA,NA
S5_83405363,5,83405363,NA,NA,NA,NA
S5_8350091,5,8350091,NA,NA,NA,NA
S5_83865189,5,83865189,NA,NA,NA,NA
S5_8409613,5,8409613,NA,NA,NA,NA
S5_8456702,5,8456702,NA,NA,NA,NA
S5_8509287,5,8509287,NA,NA,NA,NA
S5_8522417,5,8522417,NA,NA,NA,NA
S5_86013472,5,86013472,NA,NA,NA,NA
S5_86151631,5,86151631,NA,NA,NA,NA
S5_86190567,5,86190567,NA,NA,NA,NA
S5_86261311,5,86261311,NA,NA,NA,NA
S5_8709788,5,8709788,NA,NA,NA,NA
S5_8709790,5,8709790,NA,NA,NA,NA
S5_8709791,5,8709791,NA,NA,NA,NA
S5_8709793,5,8709793,NA,NA,NA,NA
S5_8709798,5,8709798,NA,NA,NA,NA
S5_8709799,5,8709799,NA,NA,NA,NA
S5_87114074,5,87114074,NA,NA,NA,NA
S5_87114079,5,87114079,NA,NA,NA,NA
S5_87114080,5,87114080,NA,NA,NA,NA
S5_88047468,5,88047468,NA,NA,NA,NA
S5_88664354,5,88664354,NA,NA,NA,NA
S5_88792060,5,88792060,NA,NA,NA,NA
S5_89007288,5,89007288,NA,NA,NA,NA
S5_89156154,5,89156154,NA,NA,NA,NA
S5_89320081,5,89320081,NA,NA,NA,NA
S5_89409780,5,89409780,NA,NA,NA,NA
S5_89410029,5,89410029,NA,NA,NA,NA
S5_89410031,5,89410031,NA,NA,NA,NA
S5_89410032,5,89410032,NA,NA,NA,NA
S5_89410052,5,89410052,NA,NA,NA,NA
S5_89715986,5,89715986,NA,NA,NA,NA
S5_89716001,5,89716001,NA,NA,NA,NA
S5_89860124,5,89860124,NA,NA,NA,NA
S5_90340961,5,90340961,NA,NA,NA,NA
S5_9090576,5,9090576,NA,NA,NA,NA
S5_91600626,5,91600626,NA,NA,NA,NA
S5_917138,5,917138,NA,NA,NA,NA
S5_95001614,5,95001614,NA,NA,NA,NA
S5_95001617,5,95001617,NA,NA,NA,NA
S5_95001624,5,95001624,NA,NA,NA,NA
S5_95912384,5,95912384,NA,NA,NA,NA
S5_95912408,5,95912408,NA,NA,NA,NA
S5_96602588,5,96602588,NA,NA,NA,NA
S5_9736394,5,9736394,NA,NA,NA,NA
S5_9736441,5,9736441,NA,NA,NA,NA
S5_9812883,5,9812883,NA,NA,NA,NA
S5_9908761,5,9908761,NA,NA,NA,NA
S5_9911195,5,9911195,NA,NA,NA,NA
S5_9923872,5,9923872,NA,NA,NA,NA
S5_9952000,5,9952000,NA,NA,NA,NA
S6_100126245,6,100126245,NA,NA,NA,NA
S6_102548176,6,102548176,NA,NA,NA,NA
S6_102678079,6,102678079,NA,NA,NA,NA
S6_102755181,6,102755181,NA,NA,NA,NA
S6_102755192,6,102755192,NA,NA,NA,NA
S6_102755193,6,102755193,NA,NA,NA,NA
S6_103140116,6,103140116,NA,NA,NA,NA
S6_103140118,6,103140118,NA,NA,NA,NA
S6_103140123,6,103140123,NA,NA,NA,NA
S6_103360644,6,103360644,NA,NA,NA,NA
S6_103360673,6,103360673,NA,NA,NA,NA
S6_103360681,6,103360681,NA,NA,NA,NA
S6_104267667,6,104267667,NA,NA,NA,NA
S6_104672486,6,104672486,NA,NA,NA,NA
S6_104674349,6,104674349,NA,NA,NA,NA
S6_104713429,6,104713429,NA,NA,NA,NA
S6_104756131,6,104756131,NA,NA,NA,NA
S6_104756165,6,104756165,NA,NA,NA,NA
S6_104756175,6,104756175,NA,NA,NA,NA
S6_104849582,6,104849582,NA,NA,NA,NA
S6_105071270,6,105071270,NA,NA,NA,NA
S6_105752001,6,105752001,NA,NA,NA,NA
S6_105752892,6,105752892,NA,NA,NA,NA
S6_106068553,6,106068553,NA,NA,NA,NA
S6_106345620,6,106345620,NA,NA,NA,NA
S6_106352194,6,106352194,NA,NA,NA,NA
S6_106804662,6,106804662,NA,NA,NA,NA
S6_106980467,6,106980467,NA,NA,NA,NA
S6_107178735,6,107178735,NA,NA,NA,NA
S6_107810887,6,107810887,NA,NA,NA,NA
S6_107810969,6,107810969,NA,NA,NA,NA
S6_107810970,6,107810970,NA,NA,NA,NA
S6_107881989,6,107881989,NA,NA,NA,NA
S6_108121061,6,108121061,NA,NA,NA,NA
S6_108121295,6,108121295,NA,NA,NA,NA
S6_108197682,6,108197682,NA,NA,NA,NA
S6_108264478,6,108264478,NA,NA,NA,NA
S6_108306707,6,108306707,NA,NA,NA,NA
S6_108505265,6,108505265,NA,NA,NA,NA
S6_109281715,6,109281715,NA,NA,NA,NA
S6_109281716,6,109281716,NA,NA,NA,NA
S6_109283153,6,109283153,NA,NA,NA,NA
S6_109900346,6,109900346,NA,NA,NA,NA
S6_110007867,6,110007867,NA,NA,NA,NA
S6_110436755,6,110436755,NA,NA,NA,NA
S6_110707674,6,110707674,NA,NA,NA,NA
S6_111022501,6,111022501,NA,NA,NA,NA
S6_111056357,6,111056357,NA,NA,NA,NA
S6_111237471,6,111237471,NA,NA,NA,NA
S6_111249007,6,111249007,NA,NA,NA,NA
S6_111368391,6,111368391,NA,NA,NA,NA
S6_111970938,6,111970938,NA,NA,NA,NA
S6_111972380,6,111972380,NA,NA,NA,NA
S6_112003982,6,112003982,NA,NA,NA,NA
S6_112124102,6,112124102,NA,NA,NA,NA
S6_112434573,6,112434573,NA,NA,NA,NA
S6_112590471,6,112590471,NA,NA,NA,NA
S6_112600810,6,112600810,NA,NA,NA,NA
S6_112600815,6,112600815,NA,NA,NA,NA
S6_112601012,6,112601012,NA,NA,NA,NA
S6_112602357,6,112602357,NA,NA,NA,NA
S6_112802721,6,112802721,NA,NA,NA,NA
S6_112802726,6,112802726,NA,NA,NA,NA
S6_113109720,6,113109720,NA,NA,NA,NA
S6_113109729,6,113109729,NA,NA,NA,NA
S6_113883014,6,113883014,NA,NA,NA,NA
S6_114178913,6,114178913,NA,NA,NA,NA
S6_114380169,6,114380169,NA,NA,NA,NA
S6_115078186,6,115078186,NA,NA,NA,NA
S6_115078204,6,115078204,NA,NA,NA,NA
S6_115952606,6,115952606,NA,NA,NA,NA
S6_116025904,6,116025904,NA,NA,NA,NA
S6_116025906,6,116025906,NA,NA,NA,NA
S6_116334713,6,116334713,NA,NA,NA,NA
S6_116796938,6,116796938,NA,NA,NA,NA
S6_117073459,6,117073459,NA,NA,NA,NA
S6_117529007,6,117529007,NA,NA,NA,NA
S6_117703565,6,117703565,NA,NA,NA,NA
S6_117703568,6,117703568,NA,NA,NA,NA
S6_117703570,6,117703570,NA,NA,NA,NA
S6_117703572,6,117703572,NA,NA,NA,NA
S6_117703582,6,117703582,NA,NA,NA,NA
S6_117955993,6,117955993,NA,NA,NA,NA
S6_118074960,6,118074960,NA,NA,NA,NA
S6_118084567,6,118084567,NA,NA,NA,NA
S6_118318153,6,118318153,NA,NA,NA,NA
S6_118696983,6,118696983,NA,NA,NA,NA
S6_118697026,6,118697026,NA,NA,NA,NA
S6_118752778,6,118752778,NA,NA,NA,NA
S6_118752786,6,118752786,NA,NA,NA,NA
S6_119200393,6,119200393,NA,NA,NA,NA
S6_119863840,6,119863840,NA,NA,NA,NA
S6_119863844,6,119863844,NA,NA,NA,NA
S6_120019753,6,120019753,NA,NA,NA,NA
S6_120274656,6,120274656,NA,NA,NA,NA
S6_120274657,6,120274657,NA,NA,NA,NA
S6_120274670,6,120274670,NA,NA,NA,NA
S6_120275982,6,120275982,NA,NA,NA,NA
S6_120452793,6,120452793,NA,NA,NA,NA
S6_120608851,6,120608851,NA,NA,NA,NA
S6_120813553,6,120813553,NA,NA,NA,NA
S6_121373751,6,121373751,NA,NA,NA,NA
S6_122405207,6,122405207,NA,NA,NA,NA
S6_122405208,6,122405208,NA,NA,NA,NA
S6_122728071,6,122728071,NA,NA,NA,NA
S6_122728078,6,122728078,NA,NA,NA,NA
S6_122730206,6,122730206,NA,NA,NA,NA
S6_122892498,6,122892498,NA,NA,NA,NA
S6_122892499,6,122892499,NA,NA,NA,NA
S6_122892500,6,122892500,NA,NA,NA,NA
S6_123156378,6,123156378,NA,NA,NA,NA
S6_123371707,6,123371707,NA,NA,NA,NA
S6_123371752,6,123371752,NA,NA,NA,NA
S6_123852802,6,123852802,NA,NA,NA,NA
S6_123852806,6,123852806,NA,NA,NA,NA
S6_1239953,6,1239953,NA,NA,NA,NA
S6_124879989,6,124879989,NA,NA,NA,NA
S6_125190094,6,125190094,NA,NA,NA,NA
S6_125370528,6,125370528,NA,NA,NA,NA
S6_125370534,6,125370534,NA,NA,NA,NA
S6_125370553,6,125370553,NA,NA,NA,NA
S6_126060031,6,126060031,NA,NA,NA,NA
S6_127374046,6,127374046,NA,NA,NA,NA
S6_127446216,6,127446216,NA,NA,NA,NA
S6_127446241,6,127446241,NA,NA,NA,NA
S6_127446985,6,127446985,NA,NA,NA,NA
S6_127447015,6,127447015,NA,NA,NA,NA
S6_127634563,6,127634563,NA,NA,NA,NA
S6_127688005,6,127688005,NA,NA,NA,NA
S6_127767345,6,127767345,NA,NA,NA,NA
S6_128053424,6,128053424,NA,NA,NA,NA
S6_128053592,6,128053592,NA,NA,NA,NA
S6_1287243,6,1287243,NA,NA,NA,NA
S6_1287244,6,1287244,NA,NA,NA,NA
S6_128798946,6,128798946,NA,NA,NA,NA
S6_129436487,6,129436487,NA,NA,NA,NA
S6_129516449,6,129516449,NA,NA,NA,NA
S6_129661479,6,129661479,NA,NA,NA,NA
S6_129663883,6,129663883,NA,NA,NA,NA
S6_129979906,6,129979906,NA,NA,NA,NA
S6_130008165,6,130008165,NA,NA,NA,NA
S6_130232936,6,130232936,NA,NA,NA,NA
S6_130409920,6,130409920,NA,NA,NA,NA
S6_130410048,6,130410048,NA,NA,NA,NA
S6_131544321,6,131544321,NA,NA,NA,NA
S6_131990788,6,131990788,NA,NA,NA,NA
S6_132075773,6,132075773,NA,NA,NA,NA
S6_132075793,6,132075793,NA,NA,NA,NA
S6_132075811,6,132075811,NA,NA,NA,NA
S6_132189578,6,132189578,NA,NA,NA,NA
S6_132189587,6,132189587,NA,NA,NA,NA
S6_132195292,6,132195292,NA,NA,NA,NA
S6_132226466,6,132226466,NA,NA,NA,NA
S6_132495104,6,132495104,NA,NA,NA,NA
S6_132495112,6,132495112,NA,NA,NA,NA
S6_132495117,6,132495117,NA,NA,NA,NA
S6_132796974,6,132796974,NA,NA,NA,NA
S6_132888558,6,132888558,NA,NA,NA,NA
S6_132889367,6,132889367,NA,NA,NA,NA
S6_133287931,6,133287931,NA,NA,NA,NA
S6_133287948,6,133287948,NA,NA,NA,NA
S6_133287986,6,133287986,NA,NA,NA,NA
S6_133288023,6,133288023,NA,NA,NA,NA
S6_133355163,6,133355163,NA,NA,NA,NA
S6_133355168,6,133355168,NA,NA,NA,NA
S6_133643405,6,133643405,NA,NA,NA,NA
S6_133833199,6,133833199,NA,NA,NA,NA
S6_1340916,6,1340916,NA,NA,NA,NA
S6_134461937,6,134461937,NA,NA,NA,NA
S6_134993023,6,134993023,NA,NA,NA,NA
S6_134993028,6,134993028,NA,NA,NA,NA
S6_134993029,6,134993029,NA,NA,NA,NA
S6_135080770,6,135080770,NA,NA,NA,NA
S6_135213042,6,135213042,NA,NA,NA,NA
S6_135512506,6,135512506,NA,NA,NA,NA
S6_135536212,6,135536212,NA,NA,NA,NA
S6_135702686,6,135702686,NA,NA,NA,NA
S6_135705099,6,135705099,NA,NA,NA,NA
S6_135705116,6,135705116,NA,NA,NA,NA
S6_136839471,6,136839471,NA,NA,NA,NA
S6_137078777,6,137078777,NA,NA,NA,NA
S6_137143798,6,137143798,NA,NA,NA,NA
S6_137265693,6,137265693,NA,NA,NA,NA
S6_137398184,6,137398184,NA,NA,NA,NA
S6_137414750,6,137414750,NA,NA,NA,NA
S6_137514929,6,137514929,NA,NA,NA,NA
S6_137514939,6,137514939,NA,NA,NA,NA
S6_137641267,6,137641267,NA,NA,NA,NA
S6_137641279,6,137641279,NA,NA,NA,NA
S6_137641280,6,137641280,NA,NA,NA,NA
S6_137891372,6,137891372,NA,NA,NA,NA
S6_137891561,6,137891561,NA,NA,NA,NA
S6_137891608,6,137891608,NA,NA,NA,NA
S6_138073030,6,138073030,NA,NA,NA,NA
S6_138073032,6,138073032,NA,NA,NA,NA
S6_138073042,6,138073042,NA,NA,NA,NA
S6_138131008,6,138131008,NA,NA,NA,NA
S6_138355897,6,138355897,NA,NA,NA,NA
S6_138355898,6,138355898,NA,NA,NA,NA
S6_138585921,6,138585921,NA,NA,NA,NA
S6_138799925,6,138799925,NA,NA,NA,NA
S6_138964948,6,138964948,NA,NA,NA,NA
S6_139166414,6,139166414,NA,NA,NA,NA
S6_139199485,6,139199485,NA,NA,NA,NA
S6_139199497,6,139199497,NA,NA,NA,NA
S6_139199498,6,139199498,NA,NA,NA,NA
S6_139199499,6,139199499,NA,NA,NA,NA
S6_139199504,6,139199504,NA,NA,NA,NA
S6_139686665,6,139686665,NA,NA,NA,NA
S6_139686666,6,139686666,NA,NA,NA,NA
S6_140347807,6,140347807,NA,NA,NA,NA
S6_140523319,6,140523319,NA,NA,NA,NA
S6_140523339,6,140523339,NA,NA,NA,NA
S6_140547389,6,140547389,NA,NA,NA,NA
S6_140780922,6,140780922,NA,NA,NA,NA
S6_141278258,6,141278258,NA,NA,NA,NA
S6_141414049,6,141414049,NA,NA,NA,NA
S6_141414399,6,141414399,NA,NA,NA,NA
S6_141511189,6,141511189,NA,NA,NA,NA
S6_141907955,6,141907955,NA,NA,NA,NA
S6_142099039,6,142099039,NA,NA,NA,NA
S6_142476270,6,142476270,NA,NA,NA,NA
S6_142522824,6,142522824,NA,NA,NA,NA
S6_142522883,6,142522883,NA,NA,NA,NA
S6_142569154,6,142569154,NA,NA,NA,NA
S6_142591852,6,142591852,NA,NA,NA,NA
S6_142752887,6,142752887,NA,NA,NA,NA
S6_142760979,6,142760979,NA,NA,NA,NA
S6_142760985,6,142760985,NA,NA,NA,NA
S6_142760992,6,142760992,NA,NA,NA,NA
S6_142828345,6,142828345,NA,NA,NA,NA
S6_143129074,6,143129074,NA,NA,NA,NA
S6_143755455,6,143755455,NA,NA,NA,NA
S6_143755461,6,143755461,NA,NA,NA,NA
S6_143956174,6,143956174,NA,NA,NA,NA
S6_143956179,6,143956179,NA,NA,NA,NA
S6_143956184,6,143956184,NA,NA,NA,NA
S6_143977016,6,143977016,NA,NA,NA,NA
S6_143981293,6,143981293,NA,NA,NA,NA
S6_143981294,6,143981294,NA,NA,NA,NA
S6_144280141,6,144280141,NA,NA,NA,NA
S6_144280144,6,144280144,NA,NA,NA,NA
S6_144280146,6,144280146,NA,NA,NA,NA
S6_144414143,6,144414143,NA,NA,NA,NA
S6_144414278,6,144414278,NA,NA,NA,NA
S6_144414281,6,144414281,NA,NA,NA,NA
S6_144414287,6,144414287,NA,NA,NA,NA
S6_144681168,6,144681168,NA,NA,NA,NA
S6_144705704,6,144705704,NA,NA,NA,NA
S6_144705806,6,144705806,NA,NA,NA,NA
S6_145076006,6,145076006,NA,NA,NA,NA
S6_145187902,6,145187902,NA,NA,NA,NA
S6_145187909,6,145187909,NA,NA,NA,NA
S6_145318409,6,145318409,NA,NA,NA,NA
S6_145492271,6,145492271,NA,NA,NA,NA
S6_145492273,6,145492273,NA,NA,NA,NA
S6_145492275,6,145492275,NA,NA,NA,NA
S6_145492276,6,145492276,NA,NA,NA,NA
S6_145529355,6,145529355,NA,NA,NA,NA
S6_146217718,6,146217718,NA,NA,NA,NA
S6_146217722,6,146217722,NA,NA,NA,NA
S6_146217724,6,146217724,NA,NA,NA,NA
S6_146217730,6,146217730,NA,NA,NA,NA
S6_146217731,6,146217731,NA,NA,NA,NA
S6_146379076,6,146379076,NA,NA,NA,NA
S6_146411390,6,146411390,NA,NA,NA,NA
S6_146411509,6,146411509,NA,NA,NA,NA
S6_146411510,6,146411510,NA,NA,NA,NA
S6_146411514,6,146411514,NA,NA,NA,NA
S6_146563506,6,146563506,NA,NA,NA,NA
S6_146665632,6,146665632,NA,NA,NA,NA
S6_147053917,6,147053917,NA,NA,NA,NA
S6_147222085,6,147222085,NA,NA,NA,NA
S6_147222120,6,147222120,NA,NA,NA,NA
S6_147393409,6,147393409,NA,NA,NA,NA
S6_147429857,6,147429857,NA,NA,NA,NA
S6_147429859,6,147429859,NA,NA,NA,NA
S6_147717977,6,147717977,NA,NA,NA,NA
S6_147717995,6,147717995,NA,NA,NA,NA
S6_147727358,6,147727358,NA,NA,NA,NA
S6_147727359,6,147727359,NA,NA,NA,NA
S6_147727382,6,147727382,NA,NA,NA,NA
S6_147727383,6,147727383,NA,NA,NA,NA
S6_147868518,6,147868518,NA,NA,NA,NA
S6_147880398,6,147880398,NA,NA,NA,NA
S6_147972748,6,147972748,NA,NA,NA,NA
S6_147972751,6,147972751,NA,NA,NA,NA
S6_147972760,6,147972760,NA,NA,NA,NA
S6_148591461,6,148591461,NA,NA,NA,NA
S6_148705979,6,148705979,NA,NA,NA,NA
S6_148777113,6,148777113,NA,NA,NA,NA
S6_148777116,6,148777116,NA,NA,NA,NA
S6_148777119,6,148777119,NA,NA,NA,NA
S6_148779838,6,148779838,NA,NA,NA,NA
S6_148779845,6,148779845,NA,NA,NA,NA
S6_148779846,6,148779846,NA,NA,NA,NA
S6_148784161,6,148784161,NA,NA,NA,NA
S6_148784163,6,148784163,NA,NA,NA,NA
S6_148784164,6,148784164,NA,NA,NA,NA
S6_148784190,6,148784190,NA,NA,NA,NA
S6_148794766,6,148794766,NA,NA,NA,NA
S6_148828165,6,148828165,NA,NA,NA,NA
S6_148959855,6,148959855,NA,NA,NA,NA
S6_148960220,6,148960220,NA,NA,NA,NA
S6_148960226,6,148960226,NA,NA,NA,NA
S6_148960227,6,148960227,NA,NA,NA,NA
S6_148960229,6,148960229,NA,NA,NA,NA
S6_148960230,6,148960230,NA,NA,NA,NA
S6_149124816,6,149124816,NA,NA,NA,NA
S6_149125028,6,149125028,NA,NA,NA,NA
S6_149125029,6,149125029,NA,NA,NA,NA
S6_149567545,6,149567545,NA,NA,NA,NA
S6_149796587,6,149796587,NA,NA,NA,NA
S6_149821655,6,149821655,NA,NA,NA,NA
S6_149834541,6,149834541,NA,NA,NA,NA
S6_150024392,6,150024392,NA,NA,NA,NA
S6_150024404,6,150024404,NA,NA,NA,NA
S6_150294787,6,150294787,NA,NA,NA,NA
S6_150294796,6,150294796,NA,NA,NA,NA
S6_150294804,6,150294804,NA,NA,NA,NA
S6_150466085,6,150466085,NA,NA,NA,NA
S6_150512702,6,150512702,NA,NA,NA,NA
S6_150658655,6,150658655,NA,NA,NA,NA
S6_150691003,6,150691003,NA,NA,NA,NA
S6_150691407,6,150691407,NA,NA,NA,NA
S6_150695217,6,150695217,NA,NA,NA,NA
S6_150695223,6,150695223,NA,NA,NA,NA
S6_150695237,6,150695237,NA,NA,NA,NA
S6_150736348,6,150736348,NA,NA,NA,NA
S6_150804432,6,150804432,NA,NA,NA,NA
S6_150804434,6,150804434,NA,NA,NA,NA
S6_150804951,6,150804951,NA,NA,NA,NA
S6_150840690,6,150840690,NA,NA,NA,NA
S6_150939812,6,150939812,NA,NA,NA,NA
S6_150939844,6,150939844,NA,NA,NA,NA
S6_150939848,6,150939848,NA,NA,NA,NA
S6_150939850,6,150939850,NA,NA,NA,NA
S6_150939858,6,150939858,NA,NA,NA,NA
S6_150939862,6,150939862,NA,NA,NA,NA
S6_150939865,6,150939865,NA,NA,NA,NA
S6_151202578,6,151202578,NA,NA,NA,NA
S6_151202579,6,151202579,NA,NA,NA,NA
S6_151570573,6,151570573,NA,NA,NA,NA
S6_151793582,6,151793582,NA,NA,NA,NA
S6_151793583,6,151793583,NA,NA,NA,NA
S6_151975128,6,151975128,NA,NA,NA,NA
S6_152072400,6,152072400,NA,NA,NA,NA
S6_152073870,6,152073870,NA,NA,NA,NA
S6_152141746,6,152141746,NA,NA,NA,NA
S6_152141753,6,152141753,NA,NA,NA,NA
S6_152431735,6,152431735,NA,NA,NA,NA
S6_152488920,6,152488920,NA,NA,NA,NA
S6_152509426,6,152509426,NA,NA,NA,NA
S6_152509429,6,152509429,NA,NA,NA,NA
S6_152775534,6,152775534,NA,NA,NA,NA
S6_153128483,6,153128483,NA,NA,NA,NA
S6_153202308,6,153202308,NA,NA,NA,NA
S6_153228305,6,153228305,NA,NA,NA,NA
S6_153235498,6,153235498,NA,NA,NA,NA
S6_153240048,6,153240048,NA,NA,NA,NA
S6_153240089,6,153240089,NA,NA,NA,NA
S6_153252635,6,153252635,NA,NA,NA,NA
S6_153262481,6,153262481,NA,NA,NA,NA
S6_153264947,6,153264947,NA,NA,NA,NA
S6_153786111,6,153786111,NA,NA,NA,NA
S6_153786910,6,153786910,NA,NA,NA,NA
S6_153786911,6,153786911,NA,NA,NA,NA
S6_153786917,6,153786917,NA,NA,NA,NA
S6_1538478,6,1538478,NA,NA,NA,NA
S6_154165075,6,154165075,NA,NA,NA,NA
S6_154165634,6,154165634,NA,NA,NA,NA
S6_154325151,6,154325151,NA,NA,NA,NA
S6_154327370,6,154327370,NA,NA,NA,NA
S6_154327373,6,154327373,NA,NA,NA,NA
S6_154327374,6,154327374,NA,NA,NA,NA
S6_154349090,6,154349090,NA,NA,NA,NA
S6_154836960,6,154836960,NA,NA,NA,NA
S6_154981658,6,154981658,NA,NA,NA,NA
S6_155067565,6,155067565,NA,NA,NA,NA
S6_155392520,6,155392520,NA,NA,NA,NA
S6_155453218,6,155453218,NA,NA,NA,NA
S6_155455201,6,155455201,NA,NA,NA,NA
S6_155458677,6,155458677,NA,NA,NA,NA
S6_155460886,6,155460886,NA,NA,NA,NA
S6_155461351,6,155461351,NA,NA,NA,NA
S6_155610342,6,155610342,NA,NA,NA,NA
S6_155610361,6,155610361,NA,NA,NA,NA
S6_155652049,6,155652049,NA,NA,NA,NA
S6_155656110,6,155656110,NA,NA,NA,NA
S6_155758095,6,155758095,NA,NA,NA,NA
S6_156035854,6,156035854,NA,NA,NA,NA
S6_156035863,6,156035863,NA,NA,NA,NA
S6_156035865,6,156035865,NA,NA,NA,NA
S6_156255189,6,156255189,NA,NA,NA,NA
S6_156371941,6,156371941,NA,NA,NA,NA
S6_156520562,6,156520562,NA,NA,NA,NA
S6_156533050,6,156533050,NA,NA,NA,NA
S6_156535322,6,156535322,NA,NA,NA,NA
S6_156552510,6,156552510,NA,NA,NA,NA
S6_156591426,6,156591426,NA,NA,NA,NA
S6_156740439,6,156740439,NA,NA,NA,NA
S6_156744462,6,156744462,NA,NA,NA,NA
S6_156744463,6,156744463,NA,NA,NA,NA
S6_156762273,6,156762273,NA,NA,NA,NA
S6_156762280,6,156762280,NA,NA,NA,NA
S6_156762351,6,156762351,NA,NA,NA,NA
S6_156831212,6,156831212,NA,NA,NA,NA
S6_156831214,6,156831214,NA,NA,NA,NA
S6_156831232,6,156831232,NA,NA,NA,NA
S6_157021664,6,157021664,NA,NA,NA,NA
S6_157029350,6,157029350,NA,NA,NA,NA
S6_157029536,6,157029536,NA,NA,NA,NA
S6_157167352,6,157167352,NA,NA,NA,NA
S6_157892502,6,157892502,NA,NA,NA,NA
S6_157993209,6,157993209,NA,NA,NA,NA
S6_158008368,6,158008368,NA,NA,NA,NA
S6_158227440,6,158227440,NA,NA,NA,NA
S6_158258782,6,158258782,NA,NA,NA,NA
S6_158258871,6,158258871,NA,NA,NA,NA
S6_158276787,6,158276787,NA,NA,NA,NA
S6_158276789,6,158276789,NA,NA,NA,NA
S6_158296661,6,158296661,NA,NA,NA,NA
S6_158370105,6,158370105,NA,NA,NA,NA
S6_158441896,6,158441896,NA,NA,NA,NA
S6_158446634,6,158446634,NA,NA,NA,NA
S6_158465465,6,158465465,NA,NA,NA,NA
S6_158476881,6,158476881,NA,NA,NA,NA
S6_158476900,6,158476900,NA,NA,NA,NA
S6_159014326,6,159014326,NA,NA,NA,NA
S6_159016159,6,159016159,NA,NA,NA,NA
S6_159118551,6,159118551,NA,NA,NA,NA
S6_159118767,6,159118767,NA,NA,NA,NA
S6_159118782,6,159118782,NA,NA,NA,NA
S6_159147790,6,159147790,NA,NA,NA,NA
S6_159257410,6,159257410,NA,NA,NA,NA
S6_159262236,6,159262236,NA,NA,NA,NA
S6_159377698,6,159377698,NA,NA,NA,NA
S6_159468882,6,159468882,NA,NA,NA,NA
S6_159612255,6,159612255,NA,NA,NA,NA
S6_159617302,6,159617302,NA,NA,NA,NA
S6_159726436,6,159726436,NA,NA,NA,NA
S6_159726440,6,159726440,NA,NA,NA,NA
S6_159726448,6,159726448,NA,NA,NA,NA
S6_159824590,6,159824590,NA,NA,NA,NA
S6_159824602,6,159824602,NA,NA,NA,NA
S6_160015698,6,160015698,NA,NA,NA,NA
S6_160033620,6,160033620,NA,NA,NA,NA
S6_160033621,6,160033621,NA,NA,NA,NA
S6_160330485,6,160330485,NA,NA,NA,NA
S6_160333128,6,160333128,NA,NA,NA,NA
S6_160333153,6,160333153,NA,NA,NA,NA
S6_160334467,6,160334467,NA,NA,NA,NA
S6_160349490,6,160349490,NA,NA,NA,NA
S6_160717784,6,160717784,NA,NA,NA,NA
S6_160717787,6,160717787,NA,NA,NA,NA
S6_160717788,6,160717788,NA,NA,NA,NA
S6_160717791,6,160717791,NA,NA,NA,NA
S6_160717792,6,160717792,NA,NA,NA,NA
S6_161126586,6,161126586,NA,NA,NA,NA
S6_161132530,6,161132530,NA,NA,NA,NA
S6_161280391,6,161280391,NA,NA,NA,NA
S6_161280403,6,161280403,NA,NA,NA,NA
S6_161449065,6,161449065,NA,NA,NA,NA
S6_161472442,6,161472442,NA,NA,NA,NA
S6_161895202,6,161895202,NA,NA,NA,NA
S6_161895203,6,161895203,NA,NA,NA,NA
S6_162013384,6,162013384,NA,NA,NA,NA
S6_162013394,6,162013394,NA,NA,NA,NA
S6_162019621,6,162019621,NA,NA,NA,NA
S6_162109191,6,162109191,NA,NA,NA,NA
S6_162186179,6,162186179,NA,NA,NA,NA
S6_162562420,6,162562420,NA,NA,NA,NA
S6_162571406,6,162571406,NA,NA,NA,NA
S6_162571484,6,162571484,NA,NA,NA,NA
S6_162673586,6,162673586,NA,NA,NA,NA
S6_162676774,6,162676774,NA,NA,NA,NA
S6_162676779,6,162676779,NA,NA,NA,NA
S6_162690530,6,162690530,NA,NA,NA,NA
S6_162690544,6,162690544,NA,NA,NA,NA
S6_162693547,6,162693547,NA,NA,NA,NA
S6_162693550,6,162693550,NA,NA,NA,NA
S6_162697792,6,162697792,NA,NA,NA,NA
S6_162697811,6,162697811,NA,NA,NA,NA
S6_162697813,6,162697813,NA,NA,NA,NA
S6_162727151,6,162727151,NA,NA,NA,NA
S6_162914758,6,162914758,NA,NA,NA,NA
S6_162920905,6,162920905,NA,NA,NA,NA
S6_162991693,6,162991693,NA,NA,NA,NA
S6_163022361,6,163022361,NA,NA,NA,NA
S6_163022363,6,163022363,NA,NA,NA,NA
S6_163106164,6,163106164,NA,NA,NA,NA
S6_163349566,6,163349566,NA,NA,NA,NA
S6_163349573,6,163349573,NA,NA,NA,NA
S6_163629458,6,163629458,NA,NA,NA,NA
S6_163768318,6,163768318,NA,NA,NA,NA
S6_163768371,6,163768371,NA,NA,NA,NA
S6_163818773,6,163818773,NA,NA,NA,NA
S6_163832193,6,163832193,NA,NA,NA,NA
S6_163835774,6,163835774,NA,NA,NA,NA
S6_163835779,6,163835779,NA,NA,NA,NA
S6_163835783,6,163835783,NA,NA,NA,NA
S6_163835785,6,163835785,NA,NA,NA,NA
S6_163835786,6,163835786,NA,NA,NA,NA
S6_163835788,6,163835788,NA,NA,NA,NA
S6_163835795,6,163835795,NA,NA,NA,NA
S6_163835797,6,163835797,NA,NA,NA,NA
S6_163835802,6,163835802,NA,NA,NA,NA
S6_163930324,6,163930324,NA,NA,NA,NA
S6_164146434,6,164146434,NA,NA,NA,NA
S6_164188220,6,164188220,NA,NA,NA,NA
S6_164308019,6,164308019,NA,NA,NA,NA
S6_164308928,6,164308928,NA,NA,NA,NA
S6_164558104,6,164558104,NA,NA,NA,NA
S6_164566851,6,164566851,NA,NA,NA,NA
S6_164646431,6,164646431,NA,NA,NA,NA
S6_164675590,6,164675590,NA,NA,NA,NA
S6_164675593,6,164675593,NA,NA,NA,NA
S6_164675851,6,164675851,NA,NA,NA,NA
S6_164689601,6,164689601,NA,NA,NA,NA
S6_164694025,6,164694025,NA,NA,NA,NA
S6_164726559,6,164726559,NA,NA,NA,NA
S6_164775846,6,164775846,NA,NA,NA,NA
S6_164775851,6,164775851,NA,NA,NA,NA
S6_164777720,6,164777720,NA,NA,NA,NA
S6_164777723,6,164777723,NA,NA,NA,NA
S6_164802508,6,164802508,NA,NA,NA,NA
S6_164803767,6,164803767,NA,NA,NA,NA
S6_164869989,6,164869989,NA,NA,NA,NA
S6_164869990,6,164869990,NA,NA,NA,NA
S6_165014618,6,165014618,NA,NA,NA,NA
S6_165022545,6,165022545,NA,NA,NA,NA
S6_165022548,6,165022548,NA,NA,NA,NA
S6_165023330,6,165023330,NA,NA,NA,NA
S6_165240804,6,165240804,NA,NA,NA,NA
S6_165240812,6,165240812,NA,NA,NA,NA
S6_165240813,6,165240813,NA,NA,NA,NA
S6_165240905,6,165240905,NA,NA,NA,NA
S6_165245062,6,165245062,NA,NA,NA,NA
S6_165317048,6,165317048,NA,NA,NA,NA
S6_165407793,6,165407793,NA,NA,NA,NA
S6_165407796,6,165407796,NA,NA,NA,NA
S6_165407841,6,165407841,NA,NA,NA,NA
S6_165541023,6,165541023,NA,NA,NA,NA
S6_165586865,6,165586865,NA,NA,NA,NA
S6_165635687,6,165635687,NA,NA,NA,NA
S6_165801964,6,165801964,NA,NA,NA,NA
S6_165811007,6,165811007,NA,NA,NA,NA
S6_165939092,6,165939092,NA,NA,NA,NA
S6_165945057,6,165945057,NA,NA,NA,NA
S6_165981047,6,165981047,NA,NA,NA,NA
S6_166054985,6,166054985,NA,NA,NA,NA
S6_166054989,6,166054989,NA,NA,NA,NA
S6_166072503,6,166072503,NA,NA,NA,NA
S6_166170696,6,166170696,NA,NA,NA,NA
S6_166176136,6,166176136,NA,NA,NA,NA
S6_166674273,6,166674273,NA,NA,NA,NA
S6_166674274,6,166674274,NA,NA,NA,NA
S6_166736368,6,166736368,NA,NA,NA,NA
S6_166810824,6,166810824,NA,NA,NA,NA
S6_166810843,6,166810843,NA,NA,NA,NA
S6_166813822,6,166813822,NA,NA,NA,NA
S6_166815163,6,166815163,NA,NA,NA,NA
S6_166828474,6,166828474,NA,NA,NA,NA
S6_166828482,6,166828482,NA,NA,NA,NA
S6_166828498,6,166828498,NA,NA,NA,NA
S6_166859231,6,166859231,NA,NA,NA,NA
S6_166859235,6,166859235,NA,NA,NA,NA
S6_166859245,6,166859245,NA,NA,NA,NA
S6_166859246,6,166859246,NA,NA,NA,NA
S6_166886028,6,166886028,NA,NA,NA,NA
S6_166886029,6,166886029,NA,NA,NA,NA
S6_166886031,6,166886031,NA,NA,NA,NA
S6_166949289,6,166949289,NA,NA,NA,NA
S6_166949294,6,166949294,NA,NA,NA,NA
S6_167030690,6,167030690,NA,NA,NA,NA
S6_167031782,6,167031782,NA,NA,NA,NA
S6_167272259,6,167272259,NA,NA,NA,NA
S6_167406813,6,167406813,NA,NA,NA,NA
S6_167436408,6,167436408,NA,NA,NA,NA
S6_167594348,6,167594348,NA,NA,NA,NA
S6_167691583,6,167691583,NA,NA,NA,NA
S6_167822554,6,167822554,NA,NA,NA,NA
S6_167822555,6,167822555,NA,NA,NA,NA
S6_167822586,6,167822586,NA,NA,NA,NA
S6_167919789,6,167919789,NA,NA,NA,NA
S6_16792940,6,16792940,NA,NA,NA,NA
S6_168068023,6,168068023,NA,NA,NA,NA
S6_168068330,6,168068330,NA,NA,NA,NA
S6_168356047,6,168356047,NA,NA,NA,NA
S6_168690085,6,168690085,NA,NA,NA,NA
S6_18528846,6,18528846,NA,NA,NA,NA
S6_18647099,6,18647099,NA,NA,NA,NA
S6_21465001,6,21465001,NA,NA,NA,NA
S6_2147339,6,2147339,NA,NA,NA,NA
S6_2242209,6,2242209,NA,NA,NA,NA
S6_2242218,6,2242218,NA,NA,NA,NA
S6_2446193,6,2446193,NA,NA,NA,NA
S6_2446220,6,2446220,NA,NA,NA,NA
S6_2449186,6,2449186,NA,NA,NA,NA
S6_25337331,6,25337331,NA,NA,NA,NA
S6_25337393,6,25337393,NA,NA,NA,NA
S6_25374620,6,25374620,NA,NA,NA,NA
S6_25741689,6,25741689,NA,NA,NA,NA
S6_2591494,6,2591494,NA,NA,NA,NA
S6_2591509,6,2591509,NA,NA,NA,NA
S6_2591511,6,2591511,NA,NA,NA,NA
S6_26560852,6,26560852,NA,NA,NA,NA
S6_26668885,6,26668885,NA,NA,NA,NA
S6_26669530,6,26669530,NA,NA,NA,NA
S6_2720620,6,2720620,NA,NA,NA,NA
S6_2720626,6,2720626,NA,NA,NA,NA
S6_2720628,6,2720628,NA,NA,NA,NA
S6_28146415,6,28146415,NA,NA,NA,NA
S6_28146652,6,28146652,NA,NA,NA,NA
S6_28148111,6,28148111,NA,NA,NA,NA
S6_28148112,6,28148112,NA,NA,NA,NA
S6_28148117,6,28148117,NA,NA,NA,NA
S6_2881325,6,2881325,NA,NA,NA,NA
S6_2881366,6,2881366,NA,NA,NA,NA
S6_29014028,6,29014028,NA,NA,NA,NA
S6_29639026,6,29639026,NA,NA,NA,NA
S6_30249256,6,30249256,NA,NA,NA,NA
S6_3045202,6,3045202,NA,NA,NA,NA
S6_3053781,6,3053781,NA,NA,NA,NA
S6_31420757,6,31420757,NA,NA,NA,NA
S6_31649763,6,31649763,NA,NA,NA,NA
S6_31649787,6,31649787,NA,NA,NA,NA
S6_3198208,6,3198208,NA,NA,NA,NA
S6_3234845,6,3234845,NA,NA,NA,NA
S6_3234865,6,3234865,NA,NA,NA,NA
S6_3234868,6,3234868,NA,NA,NA,NA
S6_32455457,6,32455457,NA,NA,NA,NA
S6_32455467,6,32455467,NA,NA,NA,NA
S6_32460880,6,32460880,NA,NA,NA,NA
S6_32460882,6,32460882,NA,NA,NA,NA
S6_32468502,6,32468502,NA,NA,NA,NA
S6_34438527,6,34438527,NA,NA,NA,NA
S6_34565536,6,34565536,NA,NA,NA,NA
S6_34565538,6,34565538,NA,NA,NA,NA
S6_34565539,6,34565539,NA,NA,NA,NA
S6_34565567,6,34565567,NA,NA,NA,NA
S6_34602829,6,34602829,NA,NA,NA,NA
S6_34602968,6,34602968,NA,NA,NA,NA
S6_34603297,6,34603297,NA,NA,NA,NA
S6_34603301,6,34603301,NA,NA,NA,NA
S6_34825812,6,34825812,NA,NA,NA,NA
S6_34889593,6,34889593,NA,NA,NA,NA
S6_34889594,6,34889594,NA,NA,NA,NA
S6_34889597,6,34889597,NA,NA,NA,NA
S6_3572577,6,3572577,NA,NA,NA,NA
S6_35897676,6,35897676,NA,NA,NA,NA
S6_35897683,6,35897683,NA,NA,NA,NA
S6_360279,6,360279,NA,NA,NA,NA
S6_36153425,6,36153425,NA,NA,NA,NA
S6_36361787,6,36361787,NA,NA,NA,NA
S6_36361789,6,36361789,NA,NA,NA,NA
S6_36622336,6,36622336,NA,NA,NA,NA
S6_3678069,6,3678069,NA,NA,NA,NA
S6_36947755,6,36947755,NA,NA,NA,NA
S6_37025656,6,37025656,NA,NA,NA,NA
S6_371184,6,371184,NA,NA,NA,NA
S6_37901432,6,37901432,NA,NA,NA,NA
S6_37902339,6,37902339,NA,NA,NA,NA
S6_38117577,6,38117577,NA,NA,NA,NA
S6_38117593,6,38117593,NA,NA,NA,NA
S6_38268571,6,38268571,NA,NA,NA,NA
S6_38271668,6,38271668,NA,NA,NA,NA
S6_38271669,6,38271669,NA,NA,NA,NA
S6_38271909,6,38271909,NA,NA,NA,NA
S6_39198599,6,39198599,NA,NA,NA,NA
S6_39373991,6,39373991,NA,NA,NA,NA
S6_41237223,6,41237223,NA,NA,NA,NA
S6_4143123,6,4143123,NA,NA,NA,NA
S6_4143126,6,4143126,NA,NA,NA,NA
S6_42612395,6,42612395,NA,NA,NA,NA
S6_4312008,6,4312008,NA,NA,NA,NA
S6_4312009,6,4312009,NA,NA,NA,NA
S6_43907785,6,43907785,NA,NA,NA,NA
S6_43908482,6,43908482,NA,NA,NA,NA
S6_44825266,6,44825266,NA,NA,NA,NA
S6_45925822,6,45925822,NA,NA,NA,NA
S6_4803957,6,4803957,NA,NA,NA,NA
S6_5146060,6,5146060,NA,NA,NA,NA
S6_5146165,6,5146165,NA,NA,NA,NA
S6_5160722,6,5160722,NA,NA,NA,NA
S6_5300635,6,5300635,NA,NA,NA,NA
S6_5444244,6,5444244,NA,NA,NA,NA
S6_5444245,6,5444245,NA,NA,NA,NA
S6_54892968,6,54892968,NA,NA,NA,NA
S6_54893051,6,54893051,NA,NA,NA,NA
S6_55258643,6,55258643,NA,NA,NA,NA
S6_55260171,6,55260171,NA,NA,NA,NA
S6_5644215,6,5644215,NA,NA,NA,NA
S6_57746930,6,57746930,NA,NA,NA,NA
S6_57748249,6,57748249,NA,NA,NA,NA
S6_58455067,6,58455067,NA,NA,NA,NA
S6_58868975,6,58868975,NA,NA,NA,NA
S6_59107792,6,59107792,NA,NA,NA,NA
S6_61589150,6,61589150,NA,NA,NA,NA
S6_61589154,6,61589154,NA,NA,NA,NA
S6_6259218,6,6259218,NA,NA,NA,NA
S6_6259251,6,6259251,NA,NA,NA,NA
S6_62736093,6,62736093,NA,NA,NA,NA
S6_62736104,6,62736104,NA,NA,NA,NA
S6_62736111,6,62736111,NA,NA,NA,NA
S6_63434973,6,63434973,NA,NA,NA,NA
S6_63435034,6,63435034,NA,NA,NA,NA
S6_63435162,6,63435162,NA,NA,NA,NA
S6_63435200,6,63435200,NA,NA,NA,NA
S6_63537363,6,63537363,NA,NA,NA,NA
S6_63537451,6,63537451,NA,NA,NA,NA
S6_63537452,6,63537452,NA,NA,NA,NA
S6_63729805,6,63729805,NA,NA,NA,NA
S6_63919397,6,63919397,NA,NA,NA,NA
S6_63919760,6,63919760,NA,NA,NA,NA
S6_6430750,6,6430750,NA,NA,NA,NA
S6_6434915,6,6434915,NA,NA,NA,NA
S6_6546760,6,6546760,NA,NA,NA,NA
S6_655974,6,655974,NA,NA,NA,NA
S6_663079,6,663079,NA,NA,NA,NA
S6_66896229,6,66896229,NA,NA,NA,NA
S6_67219331,6,67219331,NA,NA,NA,NA
S6_67219332,6,67219332,NA,NA,NA,NA
S6_67259771,6,67259771,NA,NA,NA,NA
S6_67259774,6,67259774,NA,NA,NA,NA
S6_68813978,6,68813978,NA,NA,NA,NA
S6_69262324,6,69262324,NA,NA,NA,NA
S6_69393872,6,69393872,NA,NA,NA,NA
S6_69393873,6,69393873,NA,NA,NA,NA
S6_69626624,6,69626624,NA,NA,NA,NA
S6_69626627,6,69626627,NA,NA,NA,NA
S6_7044839,6,7044839,NA,NA,NA,NA
S6_7046411,6,7046411,NA,NA,NA,NA
S6_7046414,6,7046414,NA,NA,NA,NA
S6_71449525,6,71449525,NA,NA,NA,NA
S6_7159714,6,7159714,NA,NA,NA,NA
S6_72008116,6,72008116,NA,NA,NA,NA
S6_72804997,6,72804997,NA,NA,NA,NA
S6_72805005,6,72805005,NA,NA,NA,NA
S6_72850015,6,72850015,NA,NA,NA,NA
S6_74072972,6,74072972,NA,NA,NA,NA
S6_74072979,6,74072979,NA,NA,NA,NA
S6_74595357,6,74595357,NA,NA,NA,NA
S6_74967447,6,74967447,NA,NA,NA,NA
S6_74999441,6,74999441,NA,NA,NA,NA
S6_75631226,6,75631226,NA,NA,NA,NA
S6_75633799,6,75633799,NA,NA,NA,NA
S6_76508617,6,76508617,NA,NA,NA,NA
S6_77677220,6,77677220,NA,NA,NA,NA
S6_80641990,6,80641990,NA,NA,NA,NA
S6_80643780,6,80643780,NA,NA,NA,NA
S6_8141048,6,8141048,NA,NA,NA,NA
S6_8145903,6,8145903,NA,NA,NA,NA
S6_82764725,6,82764725,NA,NA,NA,NA
S6_83217942,6,83217942,NA,NA,NA,NA
S6_83828996,6,83828996,NA,NA,NA,NA
S6_85207015,6,85207015,NA,NA,NA,NA
S6_85207038,6,85207038,NA,NA,NA,NA
S6_85421525,6,85421525,NA,NA,NA,NA
S6_85421534,6,85421534,NA,NA,NA,NA
S6_85421540,6,85421540,NA,NA,NA,NA
S6_85421550,6,85421550,NA,NA,NA,NA
S6_85519531,6,85519531,NA,NA,NA,NA
S6_85721730,6,85721730,NA,NA,NA,NA
S6_86257555,6,86257555,NA,NA,NA,NA
S6_86257564,6,86257564,NA,NA,NA,NA
S6_86257567,6,86257567,NA,NA,NA,NA
S6_86257576,6,86257576,NA,NA,NA,NA
S6_86334978,6,86334978,NA,NA,NA,NA
S6_86335575,6,86335575,NA,NA,NA,NA
S6_86335581,6,86335581,NA,NA,NA,NA
S6_86343116,6,86343116,NA,NA,NA,NA
S6_86560394,6,86560394,NA,NA,NA,NA
S6_8680882,6,8680882,NA,NA,NA,NA
S6_87119465,6,87119465,NA,NA,NA,NA
S6_87119764,6,87119764,NA,NA,NA,NA
S6_87119784,6,87119784,NA,NA,NA,NA
S6_87402722,6,87402722,NA,NA,NA,NA
S6_87406570,6,87406570,NA,NA,NA,NA
S6_88152940,6,88152940,NA,NA,NA,NA
S6_88568296,6,88568296,NA,NA,NA,NA
S6_88568298,6,88568298,NA,NA,NA,NA
S6_88909576,6,88909576,NA,NA,NA,NA
S6_89403767,6,89403767,NA,NA,NA,NA
S6_89412733,6,89412733,NA,NA,NA,NA
S6_91136054,6,91136054,NA,NA,NA,NA
S6_91240969,6,91240969,NA,NA,NA,NA
S6_91302013,6,91302013,NA,NA,NA,NA
S6_91302017,6,91302017,NA,NA,NA,NA
S6_91302027,6,91302027,NA,NA,NA,NA
S6_9147493,6,9147493,NA,NA,NA,NA
S6_91640544,6,91640544,NA,NA,NA,NA
S6_91640880,6,91640880,NA,NA,NA,NA
S6_91640931,6,91640931,NA,NA,NA,NA
S6_91640962,6,91640962,NA,NA,NA,NA
S6_91646328,6,91646328,NA,NA,NA,NA
S6_92305348,6,92305348,NA,NA,NA,NA
S6_92305360,6,92305360,NA,NA,NA,NA
S6_93337475,6,93337475,NA,NA,NA,NA
S6_93731500,6,93731500,NA,NA,NA,NA
S6_93875361,6,93875361,NA,NA,NA,NA
S6_94700319,6,94700319,NA,NA,NA,NA
S6_94700370,6,94700370,NA,NA,NA,NA
S6_94761319,6,94761319,NA,NA,NA,NA
S6_94852497,6,94852497,NA,NA,NA,NA
S6_9497637,6,9497637,NA,NA,NA,NA
S6_9497661,6,9497661,NA,NA,NA,NA
S6_95327509,6,95327509,NA,NA,NA,NA
S6_95327512,6,95327512,NA,NA,NA,NA
S6_95327570,6,95327570,NA,NA,NA,NA
S6_95327593,6,95327593,NA,NA,NA,NA
S6_95633532,6,95633532,NA,NA,NA,NA
S6_95634044,6,95634044,NA,NA,NA,NA
S6_95713509,6,95713509,NA,NA,NA,NA
S6_95942209,6,95942209,NA,NA,NA,NA
S6_96328800,6,96328800,NA,NA,NA,NA
S6_96328802,6,96328802,NA,NA,NA,NA
S6_96337897,6,96337897,NA,NA,NA,NA
S6_96337905,6,96337905,NA,NA,NA,NA
S6_96395593,6,96395593,NA,NA,NA,NA
S6_96552749,6,96552749,NA,NA,NA,NA
S6_96553414,6,96553414,NA,NA,NA,NA
S6_96567906,6,96567906,NA,NA,NA,NA
S6_96567920,6,96567920,NA,NA,NA,NA
S6_96673215,6,96673215,NA,NA,NA,NA
S6_96673807,6,96673807,NA,NA,NA,NA
S6_96673808,6,96673808,NA,NA,NA,NA
S6_96673809,6,96673809,NA,NA,NA,NA
S6_96919462,6,96919462,NA,NA,NA,NA
S6_96922599,6,96922599,NA,NA,NA,NA
S6_96922618,6,96922618,NA,NA,NA,NA
S6_96922621,6,96922621,NA,NA,NA,NA
S6_96922624,6,96922624,NA,NA,NA,NA
S6_96922625,6,96922625,NA,NA,NA,NA
S6_96922626,6,96922626,NA,NA,NA,NA
S6_97227387,6,97227387,NA,NA,NA,NA
S6_97228606,6,97228606,NA,NA,NA,NA
S6_97228608,6,97228608,NA,NA,NA,NA
S6_97228693,6,97228693,NA,NA,NA,NA
S6_97233832,6,97233832,NA,NA,NA,NA
S6_97233838,6,97233838,NA,NA,NA,NA
S6_97345192,6,97345192,NA,NA,NA,NA
S6_97381236,6,97381236,NA,NA,NA,NA
S6_97713020,6,97713020,NA,NA,NA,NA
S6_97804925,6,97804925,NA,NA,NA,NA
S6_97804926,6,97804926,NA,NA,NA,NA
S6_97804928,6,97804928,NA,NA,NA,NA
S6_97945844,6,97945844,NA,NA,NA,NA
S6_97945849,6,97945849,NA,NA,NA,NA
S6_97945850,6,97945850,NA,NA,NA,NA
S6_97945853,6,97945853,NA,NA,NA,NA
S6_97945856,6,97945856,NA,NA,NA,NA
S6_98027607,6,98027607,NA,NA,NA,NA
S6_98029100,6,98029100,NA,NA,NA,NA
S6_98029105,6,98029105,NA,NA,NA,NA
S6_98030636,6,98030636,NA,NA,NA,NA
S6_98313707,6,98313707,NA,NA,NA,NA
S6_98313718,6,98313718,NA,NA,NA,NA
S6_99884529,6,99884529,NA,NA,NA,NA
S7_100035069,7,100035069,NA,NA,NA,NA
S7_100035070,7,100035070,NA,NA,NA,NA
S7_100035073,7,100035073,NA,NA,NA,NA
S7_100035134,7,100035134,NA,NA,NA,NA
S7_100263915,7,100263915,NA,NA,NA,NA
S7_100263921,7,100263921,NA,NA,NA,NA
S7_100263922,7,100263922,NA,NA,NA,NA
S7_100263937,7,100263937,NA,NA,NA,NA
S7_100263938,7,100263938,NA,NA,NA,NA
S7_100263941,7,100263941,NA,NA,NA,NA
S7_100263943,7,100263943,NA,NA,NA,NA
S7_100265669,7,100265669,NA,NA,NA,NA
S7_100403980,7,100403980,NA,NA,NA,NA
S7_100523890,7,100523890,NA,NA,NA,NA
S7_100524503,7,100524503,NA,NA,NA,NA
S7_100804751,7,100804751,NA,NA,NA,NA
S7_101742905,7,101742905,NA,NA,NA,NA
S7_101818934,7,101818934,NA,NA,NA,NA
S7_101840215,7,101840215,NA,NA,NA,NA
S7_101902569,7,101902569,NA,NA,NA,NA
S7_102869411,7,102869411,NA,NA,NA,NA
S7_103862436,7,103862436,NA,NA,NA,NA
S7_103879863,7,103879863,NA,NA,NA,NA
S7_103879865,7,103879865,NA,NA,NA,NA
S7_104175418,7,104175418,NA,NA,NA,NA
S7_104175420,7,104175420,NA,NA,NA,NA
S7_104282698,7,104282698,NA,NA,NA,NA
S7_104753848,7,104753848,NA,NA,NA,NA
S7_104755326,7,104755326,NA,NA,NA,NA
S7_10513806,7,10513806,NA,NA,NA,NA
S7_10513827,7,10513827,NA,NA,NA,NA
S7_105368023,7,105368023,NA,NA,NA,NA
S7_105628618,7,105628618,NA,NA,NA,NA
S7_105629386,7,105629386,NA,NA,NA,NA
S7_105647703,7,105647703,NA,NA,NA,NA
S7_105763863,7,105763863,NA,NA,NA,NA
S7_106785526,7,106785526,NA,NA,NA,NA
S7_106785529,7,106785529,NA,NA,NA,NA
S7_106788361,7,106788361,NA,NA,NA,NA
S7_107111657,7,107111657,NA,NA,NA,NA
S7_107327790,7,107327790,NA,NA,NA,NA
S7_107455959,7,107455959,NA,NA,NA,NA
S7_107485132,7,107485132,NA,NA,NA,NA
S7_107781862,7,107781862,NA,NA,NA,NA
S7_107841701,7,107841701,NA,NA,NA,NA
S7_108481829,7,108481829,NA,NA,NA,NA
S7_108482675,7,108482675,NA,NA,NA,NA
S7_108482705,7,108482705,NA,NA,NA,NA
S7_108534387,7,108534387,NA,NA,NA,NA
S7_108535039,7,108535039,NA,NA,NA,NA
S7_108535093,7,108535093,NA,NA,NA,NA
S7_108535101,7,108535101,NA,NA,NA,NA
S7_108699340,7,108699340,NA,NA,NA,NA
S7_108699341,7,108699341,NA,NA,NA,NA
S7_109534824,7,109534824,NA,NA,NA,NA
S7_10971829,7,10971829,NA,NA,NA,NA
S7_110913249,7,110913249,NA,NA,NA,NA
S7_111123342,7,111123342,NA,NA,NA,NA
S7_112632770,7,112632770,NA,NA,NA,NA
S7_1140064,7,1140064,NA,NA,NA,NA
S7_1140129,7,1140129,NA,NA,NA,NA
S7_115182194,7,115182194,NA,NA,NA,NA
S7_115183592,7,115183592,NA,NA,NA,NA
S7_115193010,7,115193010,NA,NA,NA,NA
S7_115193013,7,115193013,NA,NA,NA,NA
S7_115193014,7,115193014,NA,NA,NA,NA
S7_115276819,7,115276819,NA,NA,NA,NA
S7_115276821,7,115276821,NA,NA,NA,NA
S7_115309191,7,115309191,NA,NA,NA,NA
S7_116277807,7,116277807,NA,NA,NA,NA
S7_116282107,7,116282107,NA,NA,NA,NA
S7_116382412,7,116382412,NA,NA,NA,NA
S7_117364739,7,117364739,NA,NA,NA,NA
S7_117848068,7,117848068,NA,NA,NA,NA
S7_118618864,7,118618864,NA,NA,NA,NA
S7_119922678,7,119922678,NA,NA,NA,NA
S7_120559058,7,120559058,NA,NA,NA,NA
S7_121011861,7,121011861,NA,NA,NA,NA
S7_121191804,7,121191804,NA,NA,NA,NA
S7_121192371,7,121192371,NA,NA,NA,NA
S7_121213961,7,121213961,NA,NA,NA,NA
S7_121224306,7,121224306,NA,NA,NA,NA
S7_121224307,7,121224307,NA,NA,NA,NA
S7_121224943,7,121224943,NA,NA,NA,NA
S7_121224971,7,121224971,NA,NA,NA,NA
S7_121297785,7,121297785,NA,NA,NA,NA
S7_121297795,7,121297795,NA,NA,NA,NA
S7_121350684,7,121350684,NA,NA,NA,NA
S7_121577238,7,121577238,NA,NA,NA,NA
S7_121982515,7,121982515,NA,NA,NA,NA
S7_122076231,7,122076231,NA,NA,NA,NA
S7_122330306,7,122330306,NA,NA,NA,NA
S7_122707526,7,122707526,NA,NA,NA,NA
S7_122717716,7,122717716,NA,NA,NA,NA
S7_122921219,7,122921219,NA,NA,NA,NA
S7_122965996,7,122965996,NA,NA,NA,NA
S7_122965997,7,122965997,NA,NA,NA,NA
S7_123681301,7,123681301,NA,NA,NA,NA
S7_123683094,7,123683094,NA,NA,NA,NA
S7_123729081,7,123729081,NA,NA,NA,NA
S7_123729082,7,123729082,NA,NA,NA,NA
S7_123729085,7,123729085,NA,NA,NA,NA
S7_123851229,7,123851229,NA,NA,NA,NA
S7_123851239,7,123851239,NA,NA,NA,NA
S7_124131806,7,124131806,NA,NA,NA,NA
S7_124567903,7,124567903,NA,NA,NA,NA
S7_124700741,7,124700741,NA,NA,NA,NA
S7_124746031,7,124746031,NA,NA,NA,NA
S7_124868392,7,124868392,NA,NA,NA,NA
S7_124868409,7,124868409,NA,NA,NA,NA
S7_124927483,7,124927483,NA,NA,NA,NA
S7_125120093,7,125120093,NA,NA,NA,NA
S7_125120517,7,125120517,NA,NA,NA,NA
S7_125120801,7,125120801,NA,NA,NA,NA
S7_125837785,7,125837785,NA,NA,NA,NA
S7_125837788,7,125837788,NA,NA,NA,NA
S7_126341107,7,126341107,NA,NA,NA,NA
S7_126410451,7,126410451,NA,NA,NA,NA
S7_126519303,7,126519303,NA,NA,NA,NA
S7_126805253,7,126805253,NA,NA,NA,NA
S7_126805257,7,126805257,NA,NA,NA,NA
S7_126910416,7,126910416,NA,NA,NA,NA
S7_126910890,7,126910890,NA,NA,NA,NA
S7_1269208,7,1269208,NA,NA,NA,NA
S7_127144915,7,127144915,NA,NA,NA,NA
S7_127251678,7,127251678,NA,NA,NA,NA
S7_127253448,7,127253448,NA,NA,NA,NA
S7_127298234,7,127298234,NA,NA,NA,NA
S7_127298240,7,127298240,NA,NA,NA,NA
S7_127298248,7,127298248,NA,NA,NA,NA
S7_127585796,7,127585796,NA,NA,NA,NA
S7_127585803,7,127585803,NA,NA,NA,NA
S7_127586207,7,127586207,NA,NA,NA,NA
S7_127591769,7,127591769,NA,NA,NA,NA
S7_127716835,7,127716835,NA,NA,NA,NA
S7_127739627,7,127739627,NA,NA,NA,NA
S7_127739628,7,127739628,NA,NA,NA,NA
S7_127969777,7,127969777,NA,NA,NA,NA
S7_127970447,7,127970447,NA,NA,NA,NA
S7_128374535,7,128374535,NA,NA,NA,NA
S7_128374536,7,128374536,NA,NA,NA,NA
S7_128381183,7,128381183,NA,NA,NA,NA
S7_128433551,7,128433551,NA,NA,NA,NA
S7_128647188,7,128647188,NA,NA,NA,NA
S7_129443482,7,129443482,NA,NA,NA,NA
S7_129444615,7,129444615,NA,NA,NA,NA
S7_129476762,7,129476762,NA,NA,NA,NA
S7_129899122,7,129899122,NA,NA,NA,NA
S7_129971207,7,129971207,NA,NA,NA,NA
S7_129971209,7,129971209,NA,NA,NA,NA
S7_130133416,7,130133416,NA,NA,NA,NA
S7_130133417,7,130133417,NA,NA,NA,NA
S7_130231512,7,130231512,NA,NA,NA,NA
S7_130238773,7,130238773,NA,NA,NA,NA
S7_130240178,7,130240178,NA,NA,NA,NA
S7_130245650,7,130245650,NA,NA,NA,NA
S7_130321008,7,130321008,NA,NA,NA,NA
S7_130321021,7,130321021,NA,NA,NA,NA
S7_130425979,7,130425979,NA,NA,NA,NA
S7_130426123,7,130426123,NA,NA,NA,NA
S7_130887385,7,130887385,NA,NA,NA,NA
S7_130931636,7,130931636,NA,NA,NA,NA
S7_130931639,7,130931639,NA,NA,NA,NA
S7_130940134,7,130940134,NA,NA,NA,NA
S7_130940135,7,130940135,NA,NA,NA,NA
S7_130940326,7,130940326,NA,NA,NA,NA
S7_131112320,7,131112320,NA,NA,NA,NA
S7_131126946,7,131126946,NA,NA,NA,NA
S7_131188245,7,131188245,NA,NA,NA,NA
S7_131188257,7,131188257,NA,NA,NA,NA
S7_131188280,7,131188280,NA,NA,NA,NA
S7_131237658,7,131237658,NA,NA,NA,NA
S7_131395285,7,131395285,NA,NA,NA,NA
S7_131440971,7,131440971,NA,NA,NA,NA
S7_131440973,7,131440973,NA,NA,NA,NA
S7_131445903,7,131445903,NA,NA,NA,NA
S7_1317188,7,1317188,NA,NA,NA,NA
S7_1317599,7,1317599,NA,NA,NA,NA
S7_13176603,7,13176603,NA,NA,NA,NA
S7_1317977,7,1317977,NA,NA,NA,NA
S7_132080144,7,132080144,NA,NA,NA,NA
S7_132080153,7,132080153,NA,NA,NA,NA
S7_132081799,7,132081799,NA,NA,NA,NA
S7_132184172,7,132184172,NA,NA,NA,NA
S7_132184298,7,132184298,NA,NA,NA,NA
S7_132517767,7,132517767,NA,NA,NA,NA
S7_132590228,7,132590228,NA,NA,NA,NA
S7_132590331,7,132590331,NA,NA,NA,NA
S7_132590605,7,132590605,NA,NA,NA,NA
S7_132590608,7,132590608,NA,NA,NA,NA
S7_132590609,7,132590609,NA,NA,NA,NA
S7_132590616,7,132590616,NA,NA,NA,NA
S7_132590624,7,132590624,NA,NA,NA,NA
S7_132595221,7,132595221,NA,NA,NA,NA
S7_132629815,7,132629815,NA,NA,NA,NA
S7_132629831,7,132629831,NA,NA,NA,NA
S7_132629833,7,132629833,NA,NA,NA,NA
S7_132629835,7,132629835,NA,NA,NA,NA
S7_132631840,7,132631840,NA,NA,NA,NA
S7_132730465,7,132730465,NA,NA,NA,NA
S7_132730486,7,132730486,NA,NA,NA,NA
S7_132922326,7,132922326,NA,NA,NA,NA
S7_132922333,7,132922333,NA,NA,NA,NA
S7_133158408,7,133158408,NA,NA,NA,NA
S7_133162186,7,133162186,NA,NA,NA,NA
S7_133178306,7,133178306,NA,NA,NA,NA
S7_133374335,7,133374335,NA,NA,NA,NA
S7_133377524,7,133377524,NA,NA,NA,NA
S7_133531499,7,133531499,NA,NA,NA,NA
S7_133565605,7,133565605,NA,NA,NA,NA
S7_133807227,7,133807227,NA,NA,NA,NA
S7_133871172,7,133871172,NA,NA,NA,NA
S7_133871174,7,133871174,NA,NA,NA,NA
S7_133892250,7,133892250,NA,NA,NA,NA
S7_133892270,7,133892270,NA,NA,NA,NA
S7_134039300,7,134039300,NA,NA,NA,NA
S7_134039594,7,134039594,NA,NA,NA,NA
S7_134081654,7,134081654,NA,NA,NA,NA
S7_134081825,7,134081825,NA,NA,NA,NA
S7_134096715,7,134096715,NA,NA,NA,NA
S7_134132045,7,134132045,NA,NA,NA,NA
S7_134132046,7,134132046,NA,NA,NA,NA
S7_134132047,7,134132047,NA,NA,NA,NA
S7_134226028,7,134226028,NA,NA,NA,NA
S7_134226292,7,134226292,NA,NA,NA,NA
S7_134226294,7,134226294,NA,NA,NA,NA
S7_135204931,7,135204931,NA,NA,NA,NA
S7_135507978,7,135507978,NA,NA,NA,NA
S7_135592279,7,135592279,NA,NA,NA,NA
S7_13565680,7,13565680,NA,NA,NA,NA
S7_13578621,7,13578621,NA,NA,NA,NA
S7_135833148,7,135833148,NA,NA,NA,NA
S7_135833149,7,135833149,NA,NA,NA,NA
S7_135833159,7,135833159,NA,NA,NA,NA
S7_135892383,7,135892383,NA,NA,NA,NA
S7_136180135,7,136180135,NA,NA,NA,NA
S7_136180466,7,136180466,NA,NA,NA,NA
S7_136329643,7,136329643,NA,NA,NA,NA
S7_136332361,7,136332361,NA,NA,NA,NA
S7_136332897,7,136332897,NA,NA,NA,NA
S7_136332903,7,136332903,NA,NA,NA,NA
S7_136743041,7,136743041,NA,NA,NA,NA
S7_137162241,7,137162241,NA,NA,NA,NA
S7_137455421,7,137455421,NA,NA,NA,NA
S7_137487572,7,137487572,NA,NA,NA,NA
S7_137532688,7,137532688,NA,NA,NA,NA
S7_137540114,7,137540114,NA,NA,NA,NA
S7_13835357,7,13835357,NA,NA,NA,NA
S7_13844990,7,13844990,NA,NA,NA,NA
S7_13844996,7,13844996,NA,NA,NA,NA
S7_139602954,7,139602954,NA,NA,NA,NA
S7_139725271,7,139725271,NA,NA,NA,NA
S7_140008518,7,140008518,NA,NA,NA,NA
S7_140105016,7,140105016,NA,NA,NA,NA
S7_140105858,7,140105858,NA,NA,NA,NA
S7_140248897,7,140248897,NA,NA,NA,NA
S7_140347825,7,140347825,NA,NA,NA,NA
S7_140348058,7,140348058,NA,NA,NA,NA
S7_140570785,7,140570785,NA,NA,NA,NA
S7_140687877,7,140687877,NA,NA,NA,NA
S7_140710763,7,140710763,NA,NA,NA,NA
S7_140816204,7,140816204,NA,NA,NA,NA
S7_140897136,7,140897136,NA,NA,NA,NA
S7_141010205,7,141010205,NA,NA,NA,NA
S7_141595287,7,141595287,NA,NA,NA,NA
S7_141595292,7,141595292,NA,NA,NA,NA
S7_141677912,7,141677912,NA,NA,NA,NA
S7_141677939,7,141677939,NA,NA,NA,NA
S7_141901759,7,141901759,NA,NA,NA,NA
S7_141901781,7,141901781,NA,NA,NA,NA
S7_141906364,7,141906364,NA,NA,NA,NA
S7_142396553,7,142396553,NA,NA,NA,NA
S7_142397043,7,142397043,NA,NA,NA,NA
S7_142783061,7,142783061,NA,NA,NA,NA
S7_142855280,7,142855280,NA,NA,NA,NA
S7_142855294,7,142855294,NA,NA,NA,NA
S7_142907799,7,142907799,NA,NA,NA,NA
S7_142907803,7,142907803,NA,NA,NA,NA
S7_143109327,7,143109327,NA,NA,NA,NA
S7_143109798,7,143109798,NA,NA,NA,NA
S7_143413373,7,143413373,NA,NA,NA,NA
S7_143413385,7,143413385,NA,NA,NA,NA
S7_143414626,7,143414626,NA,NA,NA,NA
S7_143414627,7,143414627,NA,NA,NA,NA
S7_143414630,7,143414630,NA,NA,NA,NA
S7_143414631,7,143414631,NA,NA,NA,NA
S7_143414633,7,143414633,NA,NA,NA,NA
S7_143697099,7,143697099,NA,NA,NA,NA
S7_143697110,7,143697110,NA,NA,NA,NA
S7_144097848,7,144097848,NA,NA,NA,NA
S7_144097938,7,144097938,NA,NA,NA,NA
S7_144097965,7,144097965,NA,NA,NA,NA
S7_144097986,7,144097986,NA,NA,NA,NA
S7_144097992,7,144097992,NA,NA,NA,NA
S7_144659900,7,144659900,NA,NA,NA,NA
S7_145081416,7,145081416,NA,NA,NA,NA
S7_145081423,7,145081423,NA,NA,NA,NA
S7_145081427,7,145081427,NA,NA,NA,NA
S7_145179617,7,145179617,NA,NA,NA,NA
S7_145179618,7,145179618,NA,NA,NA,NA
S7_145179619,7,145179619,NA,NA,NA,NA
S7_145717916,7,145717916,NA,NA,NA,NA
S7_145718074,7,145718074,NA,NA,NA,NA
S7_145770541,7,145770541,NA,NA,NA,NA
S7_145770550,7,145770550,NA,NA,NA,NA
S7_145959766,7,145959766,NA,NA,NA,NA
S7_145969316,7,145969316,NA,NA,NA,NA
S7_146118757,7,146118757,NA,NA,NA,NA
S7_14617830,7,14617830,NA,NA,NA,NA
S7_14617933,7,14617933,NA,NA,NA,NA
S7_146244014,7,146244014,NA,NA,NA,NA
S7_146245180,7,146245180,NA,NA,NA,NA
S7_146245181,7,146245181,NA,NA,NA,NA
S7_146245189,7,146245189,NA,NA,NA,NA
S7_146486986,7,146486986,NA,NA,NA,NA
S7_14658420,7,14658420,NA,NA,NA,NA
S7_14658428,7,14658428,NA,NA,NA,NA
S7_147340164,7,147340164,NA,NA,NA,NA
S7_147420453,7,147420453,NA,NA,NA,NA
S7_148455852,7,148455852,NA,NA,NA,NA
S7_148455857,7,148455857,NA,NA,NA,NA
S7_148488706,7,148488706,NA,NA,NA,NA
S7_14911515,7,14911515,NA,NA,NA,NA
S7_149954724,7,149954724,NA,NA,NA,NA
S7_150040595,7,150040595,NA,NA,NA,NA
S7_150977298,7,150977298,NA,NA,NA,NA
S7_151082693,7,151082693,NA,NA,NA,NA
S7_151085466,7,151085466,NA,NA,NA,NA
S7_151085532,7,151085532,NA,NA,NA,NA
S7_151194725,7,151194725,NA,NA,NA,NA
S7_151194726,7,151194726,NA,NA,NA,NA
S7_151194738,7,151194738,NA,NA,NA,NA
S7_151730877,7,151730877,NA,NA,NA,NA
S7_151730896,7,151730896,NA,NA,NA,NA
S7_151959575,7,151959575,NA,NA,NA,NA
S7_151959576,7,151959576,NA,NA,NA,NA
S7_151959577,7,151959577,NA,NA,NA,NA
S7_151959578,7,151959578,NA,NA,NA,NA
S7_151959579,7,151959579,NA,NA,NA,NA
S7_151959582,7,151959582,NA,NA,NA,NA
S7_152063911,7,152063911,NA,NA,NA,NA
S7_152064300,7,152064300,NA,NA,NA,NA
S7_152354253,7,152354253,NA,NA,NA,NA
S7_152396156,7,152396156,NA,NA,NA,NA
S7_152771819,7,152771819,NA,NA,NA,NA
S7_152777352,7,152777352,NA,NA,NA,NA
S7_152777362,7,152777362,NA,NA,NA,NA
S7_152962881,7,152962881,NA,NA,NA,NA
S7_152962897,7,152962897,NA,NA,NA,NA
S7_152962906,7,152962906,NA,NA,NA,NA
S7_152962915,7,152962915,NA,NA,NA,NA
S7_153101312,7,153101312,NA,NA,NA,NA
S7_153283207,7,153283207,NA,NA,NA,NA
S7_15328721,7,15328721,NA,NA,NA,NA
S7_15328998,7,15328998,NA,NA,NA,NA
S7_15328999,7,15328999,NA,NA,NA,NA
S7_153447136,7,153447136,NA,NA,NA,NA
S7_153568653,7,153568653,NA,NA,NA,NA
S7_153568662,7,153568662,NA,NA,NA,NA
S7_153655433,7,153655433,NA,NA,NA,NA
S7_153705603,7,153705603,NA,NA,NA,NA
S7_153705604,7,153705604,NA,NA,NA,NA
S7_154064942,7,154064942,NA,NA,NA,NA
S7_154064945,7,154064945,NA,NA,NA,NA
S7_154064946,7,154064946,NA,NA,NA,NA
S7_154064959,7,154064959,NA,NA,NA,NA
S7_154064960,7,154064960,NA,NA,NA,NA
S7_154120198,7,154120198,NA,NA,NA,NA
S7_154189835,7,154189835,NA,NA,NA,NA
S7_154434514,7,154434514,NA,NA,NA,NA
S7_15457105,7,15457105,NA,NA,NA,NA
S7_15458061,7,15458061,NA,NA,NA,NA
S7_15458062,7,15458062,NA,NA,NA,NA
S7_154627540,7,154627540,NA,NA,NA,NA
S7_154702033,7,154702033,NA,NA,NA,NA
S7_154702034,7,154702034,NA,NA,NA,NA
S7_15470208,7,15470208,NA,NA,NA,NA
S7_15470215,7,15470215,NA,NA,NA,NA
S7_15470244,7,15470244,NA,NA,NA,NA
S7_154739821,7,154739821,NA,NA,NA,NA
S7_154741048,7,154741048,NA,NA,NA,NA
S7_154741061,7,154741061,NA,NA,NA,NA
S7_154741077,7,154741077,NA,NA,NA,NA
S7_154741622,7,154741622,NA,NA,NA,NA
S7_155225891,7,155225891,NA,NA,NA,NA
S7_155225894,7,155225894,NA,NA,NA,NA
S7_155225900,7,155225900,NA,NA,NA,NA
S7_155342231,7,155342231,NA,NA,NA,NA
S7_155745519,7,155745519,NA,NA,NA,NA
S7_156118065,7,156118065,NA,NA,NA,NA
S7_156118077,7,156118077,NA,NA,NA,NA
S7_156226431,7,156226431,NA,NA,NA,NA
S7_156495423,7,156495423,NA,NA,NA,NA
S7_156495451,7,156495451,NA,NA,NA,NA
S7_156739233,7,156739233,NA,NA,NA,NA
S7_156739246,7,156739246,NA,NA,NA,NA
S7_156852893,7,156852893,NA,NA,NA,NA
S7_157098999,7,157098999,NA,NA,NA,NA
S7_157440915,7,157440915,NA,NA,NA,NA
S7_157440916,7,157440916,NA,NA,NA,NA
S7_157471969,7,157471969,NA,NA,NA,NA
S7_157503128,7,157503128,NA,NA,NA,NA
S7_157569470,7,157569470,NA,NA,NA,NA
S7_157569472,7,157569472,NA,NA,NA,NA
S7_157569473,7,157569473,NA,NA,NA,NA
S7_157595866,7,157595866,NA,NA,NA,NA
S7_157595894,7,157595894,NA,NA,NA,NA
S7_157875965,7,157875965,NA,NA,NA,NA
S7_157875967,7,157875967,NA,NA,NA,NA
S7_157895311,7,157895311,NA,NA,NA,NA
S7_157900911,7,157900911,NA,NA,NA,NA
S7_157902958,7,157902958,NA,NA,NA,NA
S7_158049372,7,158049372,NA,NA,NA,NA
S7_158219128,7,158219128,NA,NA,NA,NA
S7_158219450,7,158219450,NA,NA,NA,NA
S7_158368863,7,158368863,NA,NA,NA,NA
S7_158938967,7,158938967,NA,NA,NA,NA
S7_158938994,7,158938994,NA,NA,NA,NA
S7_158939377,7,158939377,NA,NA,NA,NA
S7_158960686,7,158960686,NA,NA,NA,NA
S7_159233800,7,159233800,NA,NA,NA,NA
S7_159408865,7,159408865,NA,NA,NA,NA
S7_159462699,7,159462699,NA,NA,NA,NA
S7_159746391,7,159746391,NA,NA,NA,NA
S7_159940224,7,159940224,NA,NA,NA,NA
S7_160029343,7,160029343,NA,NA,NA,NA
S7_160056480,7,160056480,NA,NA,NA,NA
S7_160057468,7,160057468,NA,NA,NA,NA
S7_160063530,7,160063530,NA,NA,NA,NA
S7_160069422,7,160069422,NA,NA,NA,NA
S7_160150546,7,160150546,NA,NA,NA,NA
S7_160151844,7,160151844,NA,NA,NA,NA
S7_160152514,7,160152514,NA,NA,NA,NA
S7_160227245,7,160227245,NA,NA,NA,NA
S7_160227269,7,160227269,NA,NA,NA,NA
S7_160234574,7,160234574,NA,NA,NA,NA
S7_160242133,7,160242133,NA,NA,NA,NA
S7_160242134,7,160242134,NA,NA,NA,NA
S7_160242135,7,160242135,NA,NA,NA,NA
S7_160247578,7,160247578,NA,NA,NA,NA
S7_160480900,7,160480900,NA,NA,NA,NA
S7_160747739,7,160747739,NA,NA,NA,NA
S7_160747744,7,160747744,NA,NA,NA,NA
S7_160773899,7,160773899,NA,NA,NA,NA
S7_161252454,7,161252454,NA,NA,NA,NA
S7_161300534,7,161300534,NA,NA,NA,NA
S7_161434862,7,161434862,NA,NA,NA,NA
S7_161436148,7,161436148,NA,NA,NA,NA
S7_161438831,7,161438831,NA,NA,NA,NA
S7_161438833,7,161438833,NA,NA,NA,NA
S7_161695347,7,161695347,NA,NA,NA,NA
S7_161802074,7,161802074,NA,NA,NA,NA
S7_161809222,7,161809222,NA,NA,NA,NA
S7_161860837,7,161860837,NA,NA,NA,NA
S7_161863837,7,161863837,NA,NA,NA,NA
S7_161863846,7,161863846,NA,NA,NA,NA
S7_161863854,7,161863854,NA,NA,NA,NA
S7_161950601,7,161950601,NA,NA,NA,NA
S7_161950696,7,161950696,NA,NA,NA,NA
S7_161954525,7,161954525,NA,NA,NA,NA
S7_162003710,7,162003710,NA,NA,NA,NA
S7_162003788,7,162003788,NA,NA,NA,NA
S7_162150174,7,162150174,NA,NA,NA,NA
S7_162324299,7,162324299,NA,NA,NA,NA
S7_162324305,7,162324305,NA,NA,NA,NA
S7_162324307,7,162324307,NA,NA,NA,NA
S7_162398018,7,162398018,NA,NA,NA,NA
S7_162711219,7,162711219,NA,NA,NA,NA
S7_162711220,7,162711220,NA,NA,NA,NA
S7_162711222,7,162711222,NA,NA,NA,NA
S7_162711223,7,162711223,NA,NA,NA,NA
S7_162717270,7,162717270,NA,NA,NA,NA
S7_162717287,7,162717287,NA,NA,NA,NA
S7_162799251,7,162799251,NA,NA,NA,NA
S7_162801789,7,162801789,NA,NA,NA,NA
S7_162950914,7,162950914,NA,NA,NA,NA
S7_162951004,7,162951004,NA,NA,NA,NA
S7_162957442,7,162957442,NA,NA,NA,NA
S7_162959574,7,162959574,NA,NA,NA,NA
S7_162959587,7,162959587,NA,NA,NA,NA
S7_162989048,7,162989048,NA,NA,NA,NA
S7_163047381,7,163047381,NA,NA,NA,NA
S7_163047383,7,163047383,NA,NA,NA,NA
S7_163121076,7,163121076,NA,NA,NA,NA
S7_163121082,7,163121082,NA,NA,NA,NA
S7_163121085,7,163121085,NA,NA,NA,NA
S7_163597323,7,163597323,NA,NA,NA,NA
S7_163597758,7,163597758,NA,NA,NA,NA
S7_163597764,7,163597764,NA,NA,NA,NA
S7_163597770,7,163597770,NA,NA,NA,NA
S7_163691030,7,163691030,NA,NA,NA,NA
S7_163789476,7,163789476,NA,NA,NA,NA
S7_163790932,7,163790932,NA,NA,NA,NA
S7_163791467,7,163791467,NA,NA,NA,NA
S7_164078854,7,164078854,NA,NA,NA,NA
S7_164078887,7,164078887,NA,NA,NA,NA
S7_164078888,7,164078888,NA,NA,NA,NA
S7_164196963,7,164196963,NA,NA,NA,NA
S7_164199900,7,164199900,NA,NA,NA,NA
S7_164201309,7,164201309,NA,NA,NA,NA
S7_164239509,7,164239509,NA,NA,NA,NA
S7_164789633,7,164789633,NA,NA,NA,NA
S7_164828636,7,164828636,NA,NA,NA,NA
S7_164954968,7,164954968,NA,NA,NA,NA
S7_164955163,7,164955163,NA,NA,NA,NA
S7_165158289,7,165158289,NA,NA,NA,NA
S7_165205524,7,165205524,NA,NA,NA,NA
S7_165205564,7,165205564,NA,NA,NA,NA
S7_165464656,7,165464656,NA,NA,NA,NA
S7_165679866,7,165679866,NA,NA,NA,NA
S7_165679884,7,165679884,NA,NA,NA,NA
S7_165722440,7,165722440,NA,NA,NA,NA
S7_165735091,7,165735091,NA,NA,NA,NA
S7_165800720,7,165800720,NA,NA,NA,NA
S7_165856005,7,165856005,NA,NA,NA,NA
S7_165856007,7,165856007,NA,NA,NA,NA
S7_165944746,7,165944746,NA,NA,NA,NA
S7_165944753,7,165944753,NA,NA,NA,NA
S7_165946392,7,165946392,NA,NA,NA,NA
S7_166667083,7,166667083,NA,NA,NA,NA
S7_166698666,7,166698666,NA,NA,NA,NA
S7_166746184,7,166746184,NA,NA,NA,NA
S7_166854230,7,166854230,NA,NA,NA,NA
S7_167149679,7,167149679,NA,NA,NA,NA
S7_167153323,7,167153323,NA,NA,NA,NA
S7_167153377,7,167153377,NA,NA,NA,NA
S7_167500864,7,167500864,NA,NA,NA,NA
S7_167501431,7,167501431,NA,NA,NA,NA
S7_167501509,7,167501509,NA,NA,NA,NA
S7_167621976,7,167621976,NA,NA,NA,NA
S7_167631423,7,167631423,NA,NA,NA,NA
S7_167711281,7,167711281,NA,NA,NA,NA
S7_167862929,7,167862929,NA,NA,NA,NA
S7_167980591,7,167980591,NA,NA,NA,NA
S7_167982578,7,167982578,NA,NA,NA,NA
S7_167983157,7,167983157,NA,NA,NA,NA
S7_167990572,7,167990572,NA,NA,NA,NA
S7_168082146,7,168082146,NA,NA,NA,NA
S7_168082165,7,168082165,NA,NA,NA,NA
S7_168082255,7,168082255,NA,NA,NA,NA
S7_168166229,7,168166229,NA,NA,NA,NA
S7_168166241,7,168166241,NA,NA,NA,NA
S7_168201907,7,168201907,NA,NA,NA,NA
S7_168201916,7,168201916,NA,NA,NA,NA
S7_168201917,7,168201917,NA,NA,NA,NA
S7_168202009,7,168202009,NA,NA,NA,NA
S7_168202010,7,168202010,NA,NA,NA,NA
S7_168202011,7,168202011,NA,NA,NA,NA
S7_168218089,7,168218089,NA,NA,NA,NA
S7_168218161,7,168218161,NA,NA,NA,NA
S7_168218260,7,168218260,NA,NA,NA,NA
S7_168218282,7,168218282,NA,NA,NA,NA
S7_168218288,7,168218288,NA,NA,NA,NA
S7_168243324,7,168243324,NA,NA,NA,NA
S7_168257024,7,168257024,NA,NA,NA,NA
S7_168290403,7,168290403,NA,NA,NA,NA
S7_168449206,7,168449206,NA,NA,NA,NA
S7_168449212,7,168449212,NA,NA,NA,NA
S7_168449213,7,168449213,NA,NA,NA,NA
S7_168465531,7,168465531,NA,NA,NA,NA
S7_168786059,7,168786059,NA,NA,NA,NA
S7_168791878,7,168791878,NA,NA,NA,NA
S7_168995156,7,168995156,NA,NA,NA,NA
S7_169262984,7,169262984,NA,NA,NA,NA
S7_169443494,7,169443494,NA,NA,NA,NA
S7_169841752,7,169841752,NA,NA,NA,NA
S7_169924514,7,169924514,NA,NA,NA,NA
S7_169924533,7,169924533,NA,NA,NA,NA
S7_169924535,7,169924535,NA,NA,NA,NA
S7_169937078,7,169937078,NA,NA,NA,NA
S7_170116548,7,170116548,NA,NA,NA,NA
S7_170252547,7,170252547,NA,NA,NA,NA
S7_170386544,7,170386544,NA,NA,NA,NA
S7_170396562,7,170396562,NA,NA,NA,NA
S7_170396563,7,170396563,NA,NA,NA,NA
S7_170416995,7,170416995,NA,NA,NA,NA
S7_170418248,7,170418248,NA,NA,NA,NA
S7_170418263,7,170418263,NA,NA,NA,NA
S7_170418268,7,170418268,NA,NA,NA,NA
S7_170418270,7,170418270,NA,NA,NA,NA
S7_170438056,7,170438056,NA,NA,NA,NA
S7_170496473,7,170496473,NA,NA,NA,NA
S7_170498162,7,170498162,NA,NA,NA,NA
S7_170818461,7,170818461,NA,NA,NA,NA
S7_170855888,7,170855888,NA,NA,NA,NA
S7_170879030,7,170879030,NA,NA,NA,NA
S7_170990016,7,170990016,NA,NA,NA,NA
S7_170990548,7,170990548,NA,NA,NA,NA
S7_171346708,7,171346708,NA,NA,NA,NA
S7_171678685,7,171678685,NA,NA,NA,NA
S7_171695039,7,171695039,NA,NA,NA,NA
S7_171695065,7,171695065,NA,NA,NA,NA
S7_171704456,7,171704456,NA,NA,NA,NA
S7_171736464,7,171736464,NA,NA,NA,NA
S7_17180539,7,17180539,NA,NA,NA,NA
S7_17180789,7,17180789,NA,NA,NA,NA
S7_172108457,7,172108457,NA,NA,NA,NA
S7_172108466,7,172108466,NA,NA,NA,NA
S7_172123979,7,172123979,NA,NA,NA,NA
S7_172163677,7,172163677,NA,NA,NA,NA
S7_172658859,7,172658859,NA,NA,NA,NA
S7_172941072,7,172941072,NA,NA,NA,NA
S7_172948343,7,172948343,NA,NA,NA,NA
S7_172948345,7,172948345,NA,NA,NA,NA
S7_172948356,7,172948356,NA,NA,NA,NA
S7_172975550,7,172975550,NA,NA,NA,NA
S7_173076064,7,173076064,NA,NA,NA,NA
S7_173149321,7,173149321,NA,NA,NA,NA
S7_173153692,7,173153692,NA,NA,NA,NA
S7_173175958,7,173175958,NA,NA,NA,NA
S7_173181688,7,173181688,NA,NA,NA,NA
S7_173246317,7,173246317,NA,NA,NA,NA
S7_173251067,7,173251067,NA,NA,NA,NA
S7_173517509,7,173517509,NA,NA,NA,NA
S7_173517584,7,173517584,NA,NA,NA,NA
S7_173743450,7,173743450,NA,NA,NA,NA
S7_173746805,7,173746805,NA,NA,NA,NA
S7_173746828,7,173746828,NA,NA,NA,NA
S7_173746832,7,173746832,NA,NA,NA,NA
S7_173817862,7,173817862,NA,NA,NA,NA
S7_173817866,7,173817866,NA,NA,NA,NA
S7_173817873,7,173817873,NA,NA,NA,NA
S7_173817959,7,173817959,NA,NA,NA,NA
S7_173817965,7,173817965,NA,NA,NA,NA
S7_173817987,7,173817987,NA,NA,NA,NA
S7_173817989,7,173817989,NA,NA,NA,NA
S7_173818364,7,173818364,NA,NA,NA,NA
S7_173888658,7,173888658,NA,NA,NA,NA
S7_173888659,7,173888659,NA,NA,NA,NA
S7_173888660,7,173888660,NA,NA,NA,NA
S7_173889441,7,173889441,NA,NA,NA,NA
S7_173953466,7,173953466,NA,NA,NA,NA
S7_173953481,7,173953481,NA,NA,NA,NA
S7_174225276,7,174225276,NA,NA,NA,NA
S7_174225312,7,174225312,NA,NA,NA,NA
S7_174282779,7,174282779,NA,NA,NA,NA
S7_174282781,7,174282781,NA,NA,NA,NA
S7_174327166,7,174327166,NA,NA,NA,NA
S7_174328420,7,174328420,NA,NA,NA,NA
S7_174517946,7,174517946,NA,NA,NA,NA
S7_174517961,7,174517961,NA,NA,NA,NA
S7_174537726,7,174537726,NA,NA,NA,NA
S7_174569741,7,174569741,NA,NA,NA,NA
S7_174574229,7,174574229,NA,NA,NA,NA
S7_174574232,7,174574232,NA,NA,NA,NA
S7_174574235,7,174574235,NA,NA,NA,NA
S7_174574236,7,174574236,NA,NA,NA,NA
S7_174574237,7,174574237,NA,NA,NA,NA
S7_174748098,7,174748098,NA,NA,NA,NA
S7_174754087,7,174754087,NA,NA,NA,NA
S7_174995340,7,174995340,NA,NA,NA,NA
S7_174995367,7,174995367,NA,NA,NA,NA
S7_174996340,7,174996340,NA,NA,NA,NA
S7_175174806,7,175174806,NA,NA,NA,NA
S7_175362090,7,175362090,NA,NA,NA,NA
S7_175398076,7,175398076,NA,NA,NA,NA
S7_175398079,7,175398079,NA,NA,NA,NA
S7_175566962,7,175566962,NA,NA,NA,NA
S7_175569501,7,175569501,NA,NA,NA,NA
S7_176404729,7,176404729,NA,NA,NA,NA
S7_176551416,7,176551416,NA,NA,NA,NA
S7_1789044,7,1789044,NA,NA,NA,NA
S7_1789047,7,1789047,NA,NA,NA,NA
S7_18426480,7,18426480,NA,NA,NA,NA
S7_18426667,7,18426667,NA,NA,NA,NA
S7_19083538,7,19083538,NA,NA,NA,NA
S7_1922619,7,1922619,NA,NA,NA,NA
S7_19255266,7,19255266,NA,NA,NA,NA
S7_19320535,7,19320535,NA,NA,NA,NA
S7_19354608,7,19354608,NA,NA,NA,NA
S7_1939350,7,1939350,NA,NA,NA,NA
S7_19623769,7,19623769,NA,NA,NA,NA
S7_19623809,7,19623809,NA,NA,NA,NA
S7_19750940,7,19750940,NA,NA,NA,NA
S7_19750946,7,19750946,NA,NA,NA,NA
S7_19754152,7,19754152,NA,NA,NA,NA
S7_20244386,7,20244386,NA,NA,NA,NA
S7_20246343,7,20246343,NA,NA,NA,NA
S7_21124142,7,21124142,NA,NA,NA,NA
S7_21124157,7,21124157,NA,NA,NA,NA
S7_21124175,7,21124175,NA,NA,NA,NA
S7_21150256,7,21150256,NA,NA,NA,NA
S7_21513960,7,21513960,NA,NA,NA,NA
S7_2175910,7,2175910,NA,NA,NA,NA
S7_2175925,7,2175925,NA,NA,NA,NA
S7_2176368,7,2176368,NA,NA,NA,NA
S7_22005444,7,22005444,NA,NA,NA,NA
S7_22519958,7,22519958,NA,NA,NA,NA
S7_2360302,7,2360302,NA,NA,NA,NA
S7_23764447,7,23764447,NA,NA,NA,NA
S7_23960229,7,23960229,NA,NA,NA,NA
S7_23960799,7,23960799,NA,NA,NA,NA
S7_24795707,7,24795707,NA,NA,NA,NA
S7_25090126,7,25090126,NA,NA,NA,NA
S7_25506630,7,25506630,NA,NA,NA,NA
S7_25506632,7,25506632,NA,NA,NA,NA
S7_25506646,7,25506646,NA,NA,NA,NA
S7_25812716,7,25812716,NA,NA,NA,NA
S7_25910145,7,25910145,NA,NA,NA,NA
S7_25910220,7,25910220,NA,NA,NA,NA
S7_25910240,7,25910240,NA,NA,NA,NA
S7_2615554,7,2615554,NA,NA,NA,NA
S7_2618141,7,2618141,NA,NA,NA,NA
S7_2629434,7,2629434,NA,NA,NA,NA
S7_2629528,7,2629528,NA,NA,NA,NA
S7_2630158,7,2630158,NA,NA,NA,NA
S7_26858809,7,26858809,NA,NA,NA,NA
S7_27416504,7,27416504,NA,NA,NA,NA
S7_27418215,7,27418215,NA,NA,NA,NA
S7_27764595,7,27764595,NA,NA,NA,NA
S7_27764597,7,27764597,NA,NA,NA,NA
S7_28012958,7,28012958,NA,NA,NA,NA
S7_28360994,7,28360994,NA,NA,NA,NA
S7_2915205,7,2915205,NA,NA,NA,NA
S7_2957447,7,2957447,NA,NA,NA,NA
S7_2960703,7,2960703,NA,NA,NA,NA
S7_30664165,7,30664165,NA,NA,NA,NA
S7_30664206,7,30664206,NA,NA,NA,NA
S7_3073832,7,3073832,NA,NA,NA,NA
S7_3074360,7,3074360,NA,NA,NA,NA
S7_3074380,7,3074380,NA,NA,NA,NA
S7_3074423,7,3074423,NA,NA,NA,NA
S7_3074427,7,3074427,NA,NA,NA,NA
S7_30879168,7,30879168,NA,NA,NA,NA
S7_31309683,7,31309683,NA,NA,NA,NA
S7_31519879,7,31519879,NA,NA,NA,NA
S7_3168634,7,3168634,NA,NA,NA,NA
S7_3168641,7,3168641,NA,NA,NA,NA
S7_32094087,7,32094087,NA,NA,NA,NA
S7_3249512,7,3249512,NA,NA,NA,NA
S7_32626991,7,32626991,NA,NA,NA,NA
S7_33007525,7,33007525,NA,NA,NA,NA
S7_33359,7,33359,NA,NA,NA,NA
S7_34470717,7,34470717,NA,NA,NA,NA
S7_34538762,7,34538762,NA,NA,NA,NA
S7_34636285,7,34636285,NA,NA,NA,NA
S7_34636938,7,34636938,NA,NA,NA,NA
S7_34680091,7,34680091,NA,NA,NA,NA
S7_35695586,7,35695586,NA,NA,NA,NA
S7_36229373,7,36229373,NA,NA,NA,NA
S7_36236986,7,36236986,NA,NA,NA,NA
S7_36867074,7,36867074,NA,NA,NA,NA
S7_36867076,7,36867076,NA,NA,NA,NA
S7_36867083,7,36867083,NA,NA,NA,NA
S7_3892908,7,3892908,NA,NA,NA,NA
S7_3892909,7,3892909,NA,NA,NA,NA
S7_39137512,7,39137512,NA,NA,NA,NA
S7_40571113,7,40571113,NA,NA,NA,NA
S7_40571160,7,40571160,NA,NA,NA,NA
S7_4066463,7,4066463,NA,NA,NA,NA
S7_41054663,7,41054663,NA,NA,NA,NA
S7_41419743,7,41419743,NA,NA,NA,NA
S7_41459632,7,41459632,NA,NA,NA,NA
S7_41459638,7,41459638,NA,NA,NA,NA
S7_41459645,7,41459645,NA,NA,NA,NA
S7_41490570,7,41490570,NA,NA,NA,NA
S7_43705847,7,43705847,NA,NA,NA,NA
S7_44030139,7,44030139,NA,NA,NA,NA
S7_44815811,7,44815811,NA,NA,NA,NA
S7_45385187,7,45385187,NA,NA,NA,NA
S7_45385223,7,45385223,NA,NA,NA,NA
S7_4583708,7,4583708,NA,NA,NA,NA
S7_46340551,7,46340551,NA,NA,NA,NA
S7_46479272,7,46479272,NA,NA,NA,NA
S7_47935964,7,47935964,NA,NA,NA,NA
S7_47937537,7,47937537,NA,NA,NA,NA
S7_48162918,7,48162918,NA,NA,NA,NA
S7_4828357,7,4828357,NA,NA,NA,NA
S7_4830200,7,4830200,NA,NA,NA,NA
S7_49107639,7,49107639,NA,NA,NA,NA
S7_4957545,7,4957545,NA,NA,NA,NA
S7_4957563,7,4957563,NA,NA,NA,NA
S7_49733103,7,49733103,NA,NA,NA,NA
S7_50367187,7,50367187,NA,NA,NA,NA
S7_5069362,7,5069362,NA,NA,NA,NA
S7_5074103,7,5074103,NA,NA,NA,NA
S7_5103360,7,5103360,NA,NA,NA,NA
S7_5108781,7,5108781,NA,NA,NA,NA
S7_5128688,7,5128688,NA,NA,NA,NA
S7_5128699,7,5128699,NA,NA,NA,NA
S7_5134816,7,5134816,NA,NA,NA,NA
S7_5134822,7,5134822,NA,NA,NA,NA
S7_5146204,7,5146204,NA,NA,NA,NA
S7_51966857,7,51966857,NA,NA,NA,NA
S7_52307459,7,52307459,NA,NA,NA,NA
S7_5324131,7,5324131,NA,NA,NA,NA
S7_5357847,7,5357847,NA,NA,NA,NA
S7_5519399,7,5519399,NA,NA,NA,NA
S7_5525856,7,5525856,NA,NA,NA,NA
S7_5564237,7,5564237,NA,NA,NA,NA
S7_5564238,7,5564238,NA,NA,NA,NA
S7_5564241,7,5564241,NA,NA,NA,NA
S7_5784625,7,5784625,NA,NA,NA,NA
S7_5784659,7,5784659,NA,NA,NA,NA
S7_6065421,7,6065421,NA,NA,NA,NA
S7_6067991,7,6067991,NA,NA,NA,NA
S7_6069420,7,6069420,NA,NA,NA,NA
S7_60887731,7,60887731,NA,NA,NA,NA
S7_6127905,7,6127905,NA,NA,NA,NA
S7_6219242,7,6219242,NA,NA,NA,NA
S7_6219245,7,6219245,NA,NA,NA,NA
S7_6219246,7,6219246,NA,NA,NA,NA
S7_6219248,7,6219248,NA,NA,NA,NA
S7_6220692,7,6220692,NA,NA,NA,NA
S7_6297685,7,6297685,NA,NA,NA,NA
S7_63024934,7,63024934,NA,NA,NA,NA
S7_6434810,7,6434810,NA,NA,NA,NA
S7_6435024,7,6435024,NA,NA,NA,NA
S7_6435032,7,6435032,NA,NA,NA,NA
S7_6497898,7,6497898,NA,NA,NA,NA
S7_6600711,7,6600711,NA,NA,NA,NA
S7_71622302,7,71622302,NA,NA,NA,NA
S7_71622524,7,71622524,NA,NA,NA,NA
S7_7253412,7,7253412,NA,NA,NA,NA
S7_7253416,7,7253416,NA,NA,NA,NA
S7_7268485,7,7268485,NA,NA,NA,NA
S7_7268486,7,7268486,NA,NA,NA,NA
S7_7268487,7,7268487,NA,NA,NA,NA
S7_7268488,7,7268488,NA,NA,NA,NA
S7_7268489,7,7268489,NA,NA,NA,NA
S7_7272234,7,7272234,NA,NA,NA,NA
S7_7411612,7,7411612,NA,NA,NA,NA
S7_7411621,7,7411621,NA,NA,NA,NA
S7_7411654,7,7411654,NA,NA,NA,NA
S7_75744964,7,75744964,NA,NA,NA,NA
S7_7619786,7,7619786,NA,NA,NA,NA
S7_773063,7,773063,NA,NA,NA,NA
S7_773363,7,773363,NA,NA,NA,NA
S7_78785743,7,78785743,NA,NA,NA,NA
S7_78785779,7,78785779,NA,NA,NA,NA
S7_78786274,7,78786274,NA,NA,NA,NA
S7_79096419,7,79096419,NA,NA,NA,NA
S7_79098736,7,79098736,NA,NA,NA,NA
S7_8048191,7,8048191,NA,NA,NA,NA
S7_8048336,7,8048336,NA,NA,NA,NA
S7_8056129,7,8056129,NA,NA,NA,NA
S7_8056145,7,8056145,NA,NA,NA,NA
S7_81263494,7,81263494,NA,NA,NA,NA
S7_81290911,7,81290911,NA,NA,NA,NA
S7_81290912,7,81290912,NA,NA,NA,NA
S7_82564292,7,82564292,NA,NA,NA,NA
S7_82564319,7,82564319,NA,NA,NA,NA
S7_82655934,7,82655934,NA,NA,NA,NA
S7_84559888,7,84559888,NA,NA,NA,NA
S7_84701590,7,84701590,NA,NA,NA,NA
S7_84957877,7,84957877,NA,NA,NA,NA
S7_85263428,7,85263428,NA,NA,NA,NA
S7_8569532,7,8569532,NA,NA,NA,NA
S7_8569559,7,8569559,NA,NA,NA,NA
S7_86048946,7,86048946,NA,NA,NA,NA
S7_86088911,7,86088911,NA,NA,NA,NA
S7_8677545,7,8677545,NA,NA,NA,NA
S7_8677547,7,8677547,NA,NA,NA,NA
S7_8902018,7,8902018,NA,NA,NA,NA
S7_89034948,7,89034948,NA,NA,NA,NA
S7_8930335,7,8930335,NA,NA,NA,NA
S7_8930336,7,8930336,NA,NA,NA,NA
S7_8930340,7,8930340,NA,NA,NA,NA
S7_9077002,7,9077002,NA,NA,NA,NA
S7_91720476,7,91720476,NA,NA,NA,NA
S7_91973546,7,91973546,NA,NA,NA,NA
S7_920980,7,920980,NA,NA,NA,NA
S7_922240,7,922240,NA,NA,NA,NA
S7_92391865,7,92391865,NA,NA,NA,NA
S7_92650637,7,92650637,NA,NA,NA,NA
S7_92727785,7,92727785,NA,NA,NA,NA
S7_92728291,7,92728291,NA,NA,NA,NA
S7_92728670,7,92728670,NA,NA,NA,NA
S7_9335104,7,9335104,NA,NA,NA,NA
S7_9335113,7,9335113,NA,NA,NA,NA
S7_9363821,7,9363821,NA,NA,NA,NA
S7_94238156,7,94238156,NA,NA,NA,NA
S7_94400742,7,94400742,NA,NA,NA,NA
S7_95096281,7,95096281,NA,NA,NA,NA
S7_9545131,7,9545131,NA,NA,NA,NA
S7_954830,7,954830,NA,NA,NA,NA
S7_95534034,7,95534034,NA,NA,NA,NA
S7_95534051,7,95534051,NA,NA,NA,NA
S7_9701799,7,9701799,NA,NA,NA,NA
S7_9710358,7,9710358,NA,NA,NA,NA
S7_9711566,7,9711566,NA,NA,NA,NA
S7_98245108,7,98245108,NA,NA,NA,NA
S7_98565443,7,98565443,NA,NA,NA,NA
S7_98569262,7,98569262,NA,NA,NA,NA
S7_985908,7,985908,NA,NA,NA,NA
S7_985913,7,985913,NA,NA,NA,NA
S7_985928,7,985928,NA,NA,NA,NA
S7_99090232,7,99090232,NA,NA,NA,NA
S7_995717,7,995717,NA,NA,NA,NA
S7_996249,7,996249,NA,NA,NA,NA
S7_99644204,7,99644204,NA,NA,NA,NA
S7_99644206,7,99644206,NA,NA,NA,NA
S7_996632,7,996632,NA,NA,NA,NA
S7_996743,7,996743,NA,NA,NA,NA
S8_10001159,8,10001159,NA,NA,NA,NA
S8_10001165,8,10001165,NA,NA,NA,NA
S8_10011494,8,10011494,NA,NA,NA,NA
S8_10012172,8,10012172,NA,NA,NA,NA
S8_10012177,8,10012177,NA,NA,NA,NA
S8_10080134,8,10080134,NA,NA,NA,NA
S8_101178994,8,101178994,NA,NA,NA,NA
S8_101210007,8,101210007,NA,NA,NA,NA
S8_101412020,8,101412020,NA,NA,NA,NA
S8_101412026,8,101412026,NA,NA,NA,NA
S8_101829439,8,101829439,NA,NA,NA,NA
S8_101829441,8,101829441,NA,NA,NA,NA
S8_101829442,8,101829442,NA,NA,NA,NA
S8_101829445,8,101829445,NA,NA,NA,NA
S8_101829446,8,101829446,NA,NA,NA,NA
S8_101829448,8,101829448,NA,NA,NA,NA
S8_101961650,8,101961650,NA,NA,NA,NA
S8_102488625,8,102488625,NA,NA,NA,NA
S8_102533611,8,102533611,NA,NA,NA,NA
S8_102533676,8,102533676,NA,NA,NA,NA
S8_102707974,8,102707974,NA,NA,NA,NA
S8_10291177,8,10291177,NA,NA,NA,NA
S8_10291181,8,10291181,NA,NA,NA,NA
S8_10291187,8,10291187,NA,NA,NA,NA
S8_10291188,8,10291188,NA,NA,NA,NA
S8_103593024,8,103593024,NA,NA,NA,NA
S8_10392707,8,10392707,NA,NA,NA,NA
S8_104617403,8,104617403,NA,NA,NA,NA
S8_104617407,8,104617407,NA,NA,NA,NA
S8_105087101,8,105087101,NA,NA,NA,NA
S8_105087320,8,105087320,NA,NA,NA,NA
S8_105322231,8,105322231,NA,NA,NA,NA
S8_105846679,8,105846679,NA,NA,NA,NA
S8_106235144,8,106235144,NA,NA,NA,NA
S8_106235168,8,106235168,NA,NA,NA,NA
S8_106742629,8,106742629,NA,NA,NA,NA
S8_106854841,8,106854841,NA,NA,NA,NA
S8_107088795,8,107088795,NA,NA,NA,NA
S8_107088804,8,107088804,NA,NA,NA,NA
S8_107219805,8,107219805,NA,NA,NA,NA
S8_107219813,8,107219813,NA,NA,NA,NA
S8_107231681,8,107231681,NA,NA,NA,NA
S8_107496042,8,107496042,NA,NA,NA,NA
S8_107791302,8,107791302,NA,NA,NA,NA
S8_108499269,8,108499269,NA,NA,NA,NA
S8_108499284,8,108499284,NA,NA,NA,NA
S8_108499436,8,108499436,NA,NA,NA,NA
S8_10868232,8,10868232,NA,NA,NA,NA
S8_10868241,8,10868241,NA,NA,NA,NA
S8_109263894,8,109263894,NA,NA,NA,NA
S8_109263901,8,109263901,NA,NA,NA,NA
S8_109951639,8,109951639,NA,NA,NA,NA
S8_110089378,8,110089378,NA,NA,NA,NA
S8_110089380,8,110089380,NA,NA,NA,NA
S8_110216010,8,110216010,NA,NA,NA,NA
S8_110216014,8,110216014,NA,NA,NA,NA
S8_110375655,8,110375655,NA,NA,NA,NA
S8_110711128,8,110711128,NA,NA,NA,NA
S8_110815926,8,110815926,NA,NA,NA,NA
S8_111192784,8,111192784,NA,NA,NA,NA
S8_111288467,8,111288467,NA,NA,NA,NA
S8_111288471,8,111288471,NA,NA,NA,NA
S8_111289041,8,111289041,NA,NA,NA,NA
S8_111627423,8,111627423,NA,NA,NA,NA
S8_111627431,8,111627431,NA,NA,NA,NA
S8_111627436,8,111627436,NA,NA,NA,NA
S8_111705059,8,111705059,NA,NA,NA,NA
S8_111705079,8,111705079,NA,NA,NA,NA
S8_111705082,8,111705082,NA,NA,NA,NA
S8_111705086,8,111705086,NA,NA,NA,NA
S8_111830410,8,111830410,NA,NA,NA,NA
S8_112625533,8,112625533,NA,NA,NA,NA
S8_112978410,8,112978410,NA,NA,NA,NA
S8_113350134,8,113350134,NA,NA,NA,NA
S8_113773182,8,113773182,NA,NA,NA,NA
S8_113874064,8,113874064,NA,NA,NA,NA
S8_114019266,8,114019266,NA,NA,NA,NA
S8_114742936,8,114742936,NA,NA,NA,NA
S8_115129334,8,115129334,NA,NA,NA,NA
S8_11529377,8,11529377,NA,NA,NA,NA
S8_115294091,8,115294091,NA,NA,NA,NA
S8_115637982,8,115637982,NA,NA,NA,NA
S8_115637984,8,115637984,NA,NA,NA,NA
S8_11568717,8,11568717,NA,NA,NA,NA
S8_11661761,8,11661761,NA,NA,NA,NA
S8_11662506,8,11662506,NA,NA,NA,NA
S8_116980875,8,116980875,NA,NA,NA,NA
S8_117454315,8,117454315,NA,NA,NA,NA
S8_117455055,8,117455055,NA,NA,NA,NA
S8_117455058,8,117455058,NA,NA,NA,NA
S8_117455062,8,117455062,NA,NA,NA,NA
S8_117458048,8,117458048,NA,NA,NA,NA
S8_117458068,8,117458068,NA,NA,NA,NA
S8_117573518,8,117573518,NA,NA,NA,NA
S8_11803058,8,11803058,NA,NA,NA,NA
S8_11803070,8,11803070,NA,NA,NA,NA
S8_11803143,8,11803143,NA,NA,NA,NA
S8_11803155,8,11803155,NA,NA,NA,NA
S8_11803157,8,11803157,NA,NA,NA,NA
S8_118103597,8,118103597,NA,NA,NA,NA
S8_118105176,8,118105176,NA,NA,NA,NA
S8_118188165,8,118188165,NA,NA,NA,NA
S8_118673951,8,118673951,NA,NA,NA,NA
S8_118675738,8,118675738,NA,NA,NA,NA
S8_11873447,8,11873447,NA,NA,NA,NA
S8_118888828,8,118888828,NA,NA,NA,NA
S8_119036876,8,119036876,NA,NA,NA,NA
S8_119050822,8,119050822,NA,NA,NA,NA
S8_119154525,8,119154525,NA,NA,NA,NA
S8_119154552,8,119154552,NA,NA,NA,NA
S8_119379782,8,119379782,NA,NA,NA,NA
S8_119747702,8,119747702,NA,NA,NA,NA
S8_119829454,8,119829454,NA,NA,NA,NA
S8_119829456,8,119829456,NA,NA,NA,NA
S8_119829457,8,119829457,NA,NA,NA,NA
S8_120061120,8,120061120,NA,NA,NA,NA
S8_120135908,8,120135908,NA,NA,NA,NA
S8_120465724,8,120465724,NA,NA,NA,NA
S8_121420737,8,121420737,NA,NA,NA,NA
S8_121485492,8,121485492,NA,NA,NA,NA
S8_121485975,8,121485975,NA,NA,NA,NA
S8_121669662,8,121669662,NA,NA,NA,NA
S8_121669677,8,121669677,NA,NA,NA,NA
S8_121790584,8,121790584,NA,NA,NA,NA
S8_121797773,8,121797773,NA,NA,NA,NA
S8_121895690,8,121895690,NA,NA,NA,NA
S8_121902511,8,121902511,NA,NA,NA,NA
S8_122129477,8,122129477,NA,NA,NA,NA
S8_122417866,8,122417866,NA,NA,NA,NA
S8_122427316,8,122427316,NA,NA,NA,NA
S8_123042216,8,123042216,NA,NA,NA,NA
S8_123042234,8,123042234,NA,NA,NA,NA
S8_123511933,8,123511933,NA,NA,NA,NA
S8_124357567,8,124357567,NA,NA,NA,NA
S8_124358637,8,124358637,NA,NA,NA,NA
S8_124358657,8,124358657,NA,NA,NA,NA
S8_124647358,8,124647358,NA,NA,NA,NA
S8_124951682,8,124951682,NA,NA,NA,NA
S8_124951709,8,124951709,NA,NA,NA,NA
S8_124951728,8,124951728,NA,NA,NA,NA
S8_125197640,8,125197640,NA,NA,NA,NA
S8_125197650,8,125197650,NA,NA,NA,NA
S8_125301167,8,125301167,NA,NA,NA,NA
S8_125301193,8,125301193,NA,NA,NA,NA
S8_125905876,8,125905876,NA,NA,NA,NA
S8_127623226,8,127623226,NA,NA,NA,NA
S8_127624026,8,127624026,NA,NA,NA,NA
S8_12781312,8,12781312,NA,NA,NA,NA
S8_12781317,8,12781317,NA,NA,NA,NA
S8_128458827,8,128458827,NA,NA,NA,NA
S8_128555678,8,128555678,NA,NA,NA,NA
S8_128603147,8,128603147,NA,NA,NA,NA
S8_12933990,8,12933990,NA,NA,NA,NA
S8_12933992,8,12933992,NA,NA,NA,NA
S8_129496028,8,129496028,NA,NA,NA,NA
S8_129502302,8,129502302,NA,NA,NA,NA
S8_129859807,8,129859807,NA,NA,NA,NA
S8_129859809,8,129859809,NA,NA,NA,NA
S8_130100547,8,130100547,NA,NA,NA,NA
S8_130100560,8,130100560,NA,NA,NA,NA
S8_130147484,8,130147484,NA,NA,NA,NA
S8_130213071,8,130213071,NA,NA,NA,NA
S8_130405613,8,130405613,NA,NA,NA,NA
S8_130513585,8,130513585,NA,NA,NA,NA
S8_131042296,8,131042296,NA,NA,NA,NA
S8_131342259,8,131342259,NA,NA,NA,NA
S8_13137099,8,13137099,NA,NA,NA,NA
S8_131517509,8,131517509,NA,NA,NA,NA
S8_131533627,8,131533627,NA,NA,NA,NA
S8_131533699,8,131533699,NA,NA,NA,NA
S8_13175881,8,13175881,NA,NA,NA,NA
S8_13175882,8,13175882,NA,NA,NA,NA
S8_13176120,8,13176120,NA,NA,NA,NA
S8_131903640,8,131903640,NA,NA,NA,NA
S8_131903661,8,131903661,NA,NA,NA,NA
S8_13203622,8,13203622,NA,NA,NA,NA
S8_13203624,8,13203624,NA,NA,NA,NA
S8_132520109,8,132520109,NA,NA,NA,NA
S8_132520111,8,132520111,NA,NA,NA,NA
S8_132525573,8,132525573,NA,NA,NA,NA
S8_132525589,8,132525589,NA,NA,NA,NA
S8_132525678,8,132525678,NA,NA,NA,NA
S8_132525745,8,132525745,NA,NA,NA,NA
S8_132535910,8,132535910,NA,NA,NA,NA
S8_132674942,8,132674942,NA,NA,NA,NA
S8_132879745,8,132879745,NA,NA,NA,NA
S8_133182743,8,133182743,NA,NA,NA,NA
S8_133275922,8,133275922,NA,NA,NA,NA
S8_133275969,8,133275969,NA,NA,NA,NA
S8_13331806,8,13331806,NA,NA,NA,NA
S8_13370731,8,13370731,NA,NA,NA,NA
S8_13371460,8,13371460,NA,NA,NA,NA
S8_133934895,8,133934895,NA,NA,NA,NA
S8_133934896,8,133934896,NA,NA,NA,NA
S8_133935401,8,133935401,NA,NA,NA,NA
S8_135455227,8,135455227,NA,NA,NA,NA
S8_135455309,8,135455309,NA,NA,NA,NA
S8_135455311,8,135455311,NA,NA,NA,NA
S8_135455485,8,135455485,NA,NA,NA,NA
S8_135456089,8,135456089,NA,NA,NA,NA
S8_135456191,8,135456191,NA,NA,NA,NA
S8_136043456,8,136043456,NA,NA,NA,NA
S8_136043459,8,136043459,NA,NA,NA,NA
S8_136043462,8,136043462,NA,NA,NA,NA
S8_136043464,8,136043464,NA,NA,NA,NA
S8_136043467,8,136043467,NA,NA,NA,NA
S8_136043468,8,136043468,NA,NA,NA,NA
S8_136047636,8,136047636,NA,NA,NA,NA
S8_136092477,8,136092477,NA,NA,NA,NA
S8_136092479,8,136092479,NA,NA,NA,NA
S8_136092507,8,136092507,NA,NA,NA,NA
S8_136413019,8,136413019,NA,NA,NA,NA
S8_136712210,8,136712210,NA,NA,NA,NA
S8_13686298,8,13686298,NA,NA,NA,NA
S8_13686397,8,13686397,NA,NA,NA,NA
S8_137042287,8,137042287,NA,NA,NA,NA
S8_137047669,8,137047669,NA,NA,NA,NA
S8_1371873,8,1371873,NA,NA,NA,NA
S8_137468517,8,137468517,NA,NA,NA,NA
S8_137468524,8,137468524,NA,NA,NA,NA
S8_137468530,8,137468530,NA,NA,NA,NA
S8_13790734,8,13790734,NA,NA,NA,NA
S8_138262612,8,138262612,NA,NA,NA,NA
S8_138264059,8,138264059,NA,NA,NA,NA
S8_138510245,8,138510245,NA,NA,NA,NA
S8_139344849,8,139344849,NA,NA,NA,NA
S8_139410581,8,139410581,NA,NA,NA,NA
S8_139489143,8,139489143,NA,NA,NA,NA
S8_139489144,8,139489144,NA,NA,NA,NA
S8_139489145,8,139489145,NA,NA,NA,NA
S8_139489146,8,139489146,NA,NA,NA,NA
S8_139489153,8,139489153,NA,NA,NA,NA
S8_139489159,8,139489159,NA,NA,NA,NA
S8_139594250,8,139594250,NA,NA,NA,NA
S8_139711302,8,139711302,NA,NA,NA,NA
S8_139711307,8,139711307,NA,NA,NA,NA
S8_139890589,8,139890589,NA,NA,NA,NA
S8_139985653,8,139985653,NA,NA,NA,NA
S8_139985659,8,139985659,NA,NA,NA,NA
S8_140467847,8,140467847,NA,NA,NA,NA
S8_140563216,8,140563216,NA,NA,NA,NA
S8_14087720,8,14087720,NA,NA,NA,NA
S8_140991006,8,140991006,NA,NA,NA,NA
S8_140991007,8,140991007,NA,NA,NA,NA
S8_140991008,8,140991008,NA,NA,NA,NA
S8_140991011,8,140991011,NA,NA,NA,NA
S8_141950530,8,141950530,NA,NA,NA,NA
S8_142236905,8,142236905,NA,NA,NA,NA
S8_142236906,8,142236906,NA,NA,NA,NA
S8_142236907,8,142236907,NA,NA,NA,NA
S8_142236909,8,142236909,NA,NA,NA,NA
S8_142237259,8,142237259,NA,NA,NA,NA
S8_142354719,8,142354719,NA,NA,NA,NA
S8_142354742,8,142354742,NA,NA,NA,NA
S8_143156996,8,143156996,NA,NA,NA,NA
S8_143466441,8,143466441,NA,NA,NA,NA
S8_143466456,8,143466456,NA,NA,NA,NA
S8_143468126,8,143468126,NA,NA,NA,NA
S8_14391355,8,14391355,NA,NA,NA,NA
S8_14391356,8,14391356,NA,NA,NA,NA
S8_144460663,8,144460663,NA,NA,NA,NA
S8_144460959,8,144460959,NA,NA,NA,NA
S8_144491747,8,144491747,NA,NA,NA,NA
S8_144492755,8,144492755,NA,NA,NA,NA
S8_144676244,8,144676244,NA,NA,NA,NA
S8_144730208,8,144730208,NA,NA,NA,NA
S8_1449332,8,1449332,NA,NA,NA,NA
S8_1449773,8,1449773,NA,NA,NA,NA
S8_145140385,8,145140385,NA,NA,NA,NA
S8_145140391,8,145140391,NA,NA,NA,NA
S8_145230754,8,145230754,NA,NA,NA,NA
S8_145231420,8,145231420,NA,NA,NA,NA
S8_145354042,8,145354042,NA,NA,NA,NA
S8_145608682,8,145608682,NA,NA,NA,NA
S8_145767447,8,145767447,NA,NA,NA,NA
S8_145767456,8,145767456,NA,NA,NA,NA
S8_145768946,8,145768946,NA,NA,NA,NA
S8_145973445,8,145973445,NA,NA,NA,NA
S8_146061148,8,146061148,NA,NA,NA,NA
S8_146615828,8,146615828,NA,NA,NA,NA
S8_146624323,8,146624323,NA,NA,NA,NA
S8_146746795,8,146746795,NA,NA,NA,NA
S8_146890930,8,146890930,NA,NA,NA,NA
S8_146890952,8,146890952,NA,NA,NA,NA
S8_146890953,8,146890953,NA,NA,NA,NA
S8_147498361,8,147498361,NA,NA,NA,NA
S8_148007156,8,148007156,NA,NA,NA,NA
S8_148007178,8,148007178,NA,NA,NA,NA
S8_148007268,8,148007268,NA,NA,NA,NA
S8_148008347,8,148008347,NA,NA,NA,NA
S8_148261547,8,148261547,NA,NA,NA,NA
S8_148261548,8,148261548,NA,NA,NA,NA
S8_148261549,8,148261549,NA,NA,NA,NA
S8_148392280,8,148392280,NA,NA,NA,NA
S8_148392286,8,148392286,NA,NA,NA,NA
S8_148392959,8,148392959,NA,NA,NA,NA
S8_14840731,8,14840731,NA,NA,NA,NA
S8_14841732,8,14841732,NA,NA,NA,NA
S8_14842273,8,14842273,NA,NA,NA,NA
S8_14843111,8,14843111,NA,NA,NA,NA
S8_14843707,8,14843707,NA,NA,NA,NA
S8_14843711,8,14843711,NA,NA,NA,NA
S8_14848340,8,14848340,NA,NA,NA,NA
S8_148517438,8,148517438,NA,NA,NA,NA
S8_148517497,8,148517497,NA,NA,NA,NA
S8_148706247,8,148706247,NA,NA,NA,NA
S8_148959154,8,148959154,NA,NA,NA,NA
S8_149037561,8,149037561,NA,NA,NA,NA
S8_149077537,8,149077537,NA,NA,NA,NA
S8_149148649,8,149148649,NA,NA,NA,NA
S8_149304526,8,149304526,NA,NA,NA,NA
S8_14932805,8,14932805,NA,NA,NA,NA
S8_149428629,8,149428629,NA,NA,NA,NA
S8_149892844,8,149892844,NA,NA,NA,NA
S8_149926124,8,149926124,NA,NA,NA,NA
S8_149982166,8,149982166,NA,NA,NA,NA
S8_149982627,8,149982627,NA,NA,NA,NA
S8_149982630,8,149982630,NA,NA,NA,NA
S8_149983936,8,149983936,NA,NA,NA,NA
S8_149996884,8,149996884,NA,NA,NA,NA
S8_150145365,8,150145365,NA,NA,NA,NA
S8_150362261,8,150362261,NA,NA,NA,NA
S8_150450072,8,150450072,NA,NA,NA,NA
S8_150450074,8,150450074,NA,NA,NA,NA
S8_150450112,8,150450112,NA,NA,NA,NA
S8_15046005,8,15046005,NA,NA,NA,NA
S8_150774790,8,150774790,NA,NA,NA,NA
S8_151339100,8,151339100,NA,NA,NA,NA
S8_151339115,8,151339115,NA,NA,NA,NA
S8_151591530,8,151591530,NA,NA,NA,NA
S8_151591531,8,151591531,NA,NA,NA,NA
S8_152131974,8,152131974,NA,NA,NA,NA
S8_152256176,8,152256176,NA,NA,NA,NA
S8_152264953,8,152264953,NA,NA,NA,NA
S8_152319365,8,152319365,NA,NA,NA,NA
S8_152322528,8,152322528,NA,NA,NA,NA
S8_152322529,8,152322529,NA,NA,NA,NA
S8_152322530,8,152322530,NA,NA,NA,NA
S8_152460801,8,152460801,NA,NA,NA,NA
S8_152460802,8,152460802,NA,NA,NA,NA
S8_152460812,8,152460812,NA,NA,NA,NA
S8_152460814,8,152460814,NA,NA,NA,NA
S8_152460815,8,152460815,NA,NA,NA,NA
S8_152460816,8,152460816,NA,NA,NA,NA
S8_1524972,8,1524972,NA,NA,NA,NA
S8_1524993,8,1524993,NA,NA,NA,NA
S8_152591086,8,152591086,NA,NA,NA,NA
S8_152591088,8,152591088,NA,NA,NA,NA
S8_152591092,8,152591092,NA,NA,NA,NA
S8_152591093,8,152591093,NA,NA,NA,NA
S8_152591182,8,152591182,NA,NA,NA,NA
S8_152706147,8,152706147,NA,NA,NA,NA
S8_152716489,8,152716489,NA,NA,NA,NA
S8_15272425,8,15272425,NA,NA,NA,NA
S8_15272452,8,15272452,NA,NA,NA,NA
S8_152748884,8,152748884,NA,NA,NA,NA
S8_152755350,8,152755350,NA,NA,NA,NA
S8_152755352,8,152755352,NA,NA,NA,NA
S8_152755353,8,152755353,NA,NA,NA,NA
S8_152755368,8,152755368,NA,NA,NA,NA
S8_152769128,8,152769128,NA,NA,NA,NA
S8_152769132,8,152769132,NA,NA,NA,NA
S8_152898292,8,152898292,NA,NA,NA,NA
S8_152970230,8,152970230,NA,NA,NA,NA
S8_152970231,8,152970231,NA,NA,NA,NA
S8_152970546,8,152970546,NA,NA,NA,NA
S8_153089294,8,153089294,NA,NA,NA,NA
S8_153464101,8,153464101,NA,NA,NA,NA
S8_154033290,8,154033290,NA,NA,NA,NA
S8_154106868,8,154106868,NA,NA,NA,NA
S8_154155775,8,154155775,NA,NA,NA,NA
S8_154155922,8,154155922,NA,NA,NA,NA
S8_154385745,8,154385745,NA,NA,NA,NA
S8_154754012,8,154754012,NA,NA,NA,NA
S8_155362233,8,155362233,NA,NA,NA,NA
S8_155582566,8,155582566,NA,NA,NA,NA
S8_155582567,8,155582567,NA,NA,NA,NA
S8_155590872,8,155590872,NA,NA,NA,NA
S8_155931923,8,155931923,NA,NA,NA,NA
S8_156052154,8,156052154,NA,NA,NA,NA
S8_156052161,8,156052161,NA,NA,NA,NA
S8_156119053,8,156119053,NA,NA,NA,NA
S8_156242693,8,156242693,NA,NA,NA,NA
S8_156441106,8,156441106,NA,NA,NA,NA
S8_156460879,8,156460879,NA,NA,NA,NA
S8_156469239,8,156469239,NA,NA,NA,NA
S8_156469404,8,156469404,NA,NA,NA,NA
S8_156469537,8,156469537,NA,NA,NA,NA
S8_156729208,8,156729208,NA,NA,NA,NA
S8_156887686,8,156887686,NA,NA,NA,NA
S8_156921401,8,156921401,NA,NA,NA,NA
S8_156921404,8,156921404,NA,NA,NA,NA
S8_157097952,8,157097952,NA,NA,NA,NA
S8_157376443,8,157376443,NA,NA,NA,NA
S8_157453185,8,157453185,NA,NA,NA,NA
S8_157453191,8,157453191,NA,NA,NA,NA
S8_157722121,8,157722121,NA,NA,NA,NA
S8_157722125,8,157722125,NA,NA,NA,NA
S8_157722800,8,157722800,NA,NA,NA,NA
S8_157836607,8,157836607,NA,NA,NA,NA
S8_157883436,8,157883436,NA,NA,NA,NA
S8_157883437,8,157883437,NA,NA,NA,NA
S8_157883466,8,157883466,NA,NA,NA,NA
S8_157959877,8,157959877,NA,NA,NA,NA
S8_157959908,8,157959908,NA,NA,NA,NA
S8_157959913,8,157959913,NA,NA,NA,NA
S8_157959917,8,157959917,NA,NA,NA,NA
S8_157959919,8,157959919,NA,NA,NA,NA
S8_157959923,8,157959923,NA,NA,NA,NA
S8_157959924,8,157959924,NA,NA,NA,NA
S8_157971217,8,157971217,NA,NA,NA,NA
S8_157973479,8,157973479,NA,NA,NA,NA
S8_157980719,8,157980719,NA,NA,NA,NA
S8_158563020,8,158563020,NA,NA,NA,NA
S8_158986512,8,158986512,NA,NA,NA,NA
S8_158986677,8,158986677,NA,NA,NA,NA
S8_159019065,8,159019065,NA,NA,NA,NA
S8_159019089,8,159019089,NA,NA,NA,NA
S8_159095026,8,159095026,NA,NA,NA,NA
S8_159098284,8,159098284,NA,NA,NA,NA
S8_159380735,8,159380735,NA,NA,NA,NA
S8_159380743,8,159380743,NA,NA,NA,NA
S8_159389567,8,159389567,NA,NA,NA,NA
S8_159406292,8,159406292,NA,NA,NA,NA
S8_159789646,8,159789646,NA,NA,NA,NA
S8_159801091,8,159801091,NA,NA,NA,NA
S8_15985726,8,15985726,NA,NA,NA,NA
S8_15985729,8,15985729,NA,NA,NA,NA
S8_159873654,8,159873654,NA,NA,NA,NA
S8_159889487,8,159889487,NA,NA,NA,NA
S8_159950907,8,159950907,NA,NA,NA,NA
S8_159956110,8,159956110,NA,NA,NA,NA
S8_159988937,8,159988937,NA,NA,NA,NA
S8_159988939,8,159988939,NA,NA,NA,NA
S8_159988981,8,159988981,NA,NA,NA,NA
S8_159988982,8,159988982,NA,NA,NA,NA
S8_160239472,8,160239472,NA,NA,NA,NA
S8_160254106,8,160254106,NA,NA,NA,NA
S8_160366039,8,160366039,NA,NA,NA,NA
S8_160385494,8,160385494,NA,NA,NA,NA
S8_160385512,8,160385512,NA,NA,NA,NA
S8_160385854,8,160385854,NA,NA,NA,NA
S8_160391191,8,160391191,NA,NA,NA,NA
S8_160531262,8,160531262,NA,NA,NA,NA
S8_160532299,8,160532299,NA,NA,NA,NA
S8_160533569,8,160533569,NA,NA,NA,NA
S8_160533570,8,160533570,NA,NA,NA,NA
S8_160595912,8,160595912,NA,NA,NA,NA
S8_160925172,8,160925172,NA,NA,NA,NA
S8_161109437,8,161109437,NA,NA,NA,NA
S8_161526339,8,161526339,NA,NA,NA,NA
S8_161532997,8,161532997,NA,NA,NA,NA
S8_161536448,8,161536448,NA,NA,NA,NA
S8_161536450,8,161536450,NA,NA,NA,NA
S8_161558689,8,161558689,NA,NA,NA,NA
S8_161563202,8,161563202,NA,NA,NA,NA
S8_16165958,8,16165958,NA,NA,NA,NA
S8_161710780,8,161710780,NA,NA,NA,NA
S8_161710970,8,161710970,NA,NA,NA,NA
S8_161903344,8,161903344,NA,NA,NA,NA
S8_161903347,8,161903347,NA,NA,NA,NA
S8_162182619,8,162182619,NA,NA,NA,NA
S8_162182625,8,162182625,NA,NA,NA,NA
S8_162186280,8,162186280,NA,NA,NA,NA
S8_162186288,8,162186288,NA,NA,NA,NA
S8_162228467,8,162228467,NA,NA,NA,NA
S8_162228479,8,162228479,NA,NA,NA,NA
S8_162539291,8,162539291,NA,NA,NA,NA
S8_162544016,8,162544016,NA,NA,NA,NA
S8_162756265,8,162756265,NA,NA,NA,NA
S8_162756548,8,162756548,NA,NA,NA,NA
S8_162784157,8,162784157,NA,NA,NA,NA
S8_162790004,8,162790004,NA,NA,NA,NA
S8_162799879,8,162799879,NA,NA,NA,NA
S8_162832884,8,162832884,NA,NA,NA,NA
S8_162964984,8,162964984,NA,NA,NA,NA
S8_162964990,8,162964990,NA,NA,NA,NA
S8_163215148,8,163215148,NA,NA,NA,NA
S8_163215152,8,163215152,NA,NA,NA,NA
S8_163215156,8,163215156,NA,NA,NA,NA
S8_163375051,8,163375051,NA,NA,NA,NA
S8_16353233,8,16353233,NA,NA,NA,NA
S8_16353260,8,16353260,NA,NA,NA,NA
S8_163617912,8,163617912,NA,NA,NA,NA
S8_163655109,8,163655109,NA,NA,NA,NA
S8_163729038,8,163729038,NA,NA,NA,NA
S8_163741879,8,163741879,NA,NA,NA,NA
S8_163968706,8,163968706,NA,NA,NA,NA
S8_163968709,8,163968709,NA,NA,NA,NA
S8_163968710,8,163968710,NA,NA,NA,NA
S8_164011431,8,164011431,NA,NA,NA,NA
S8_164011434,8,164011434,NA,NA,NA,NA
S8_16432464,8,16432464,NA,NA,NA,NA
S8_164357090,8,164357090,NA,NA,NA,NA
S8_164363237,8,164363237,NA,NA,NA,NA
S8_164384791,8,164384791,NA,NA,NA,NA
S8_164431161,8,164431161,NA,NA,NA,NA
S8_164431178,8,164431178,NA,NA,NA,NA
S8_164437761,8,164437761,NA,NA,NA,NA
S8_16444545,8,16444545,NA,NA,NA,NA
S8_164446852,8,164446852,NA,NA,NA,NA
S8_164446872,8,164446872,NA,NA,NA,NA
S8_164446875,8,164446875,NA,NA,NA,NA
S8_164446876,8,164446876,NA,NA,NA,NA
S8_164525719,8,164525719,NA,NA,NA,NA
S8_164558375,8,164558375,NA,NA,NA,NA
S8_164577468,8,164577468,NA,NA,NA,NA
S8_164626648,8,164626648,NA,NA,NA,NA
S8_164636010,8,164636010,NA,NA,NA,NA
S8_164747799,8,164747799,NA,NA,NA,NA
S8_164767873,8,164767873,NA,NA,NA,NA
S8_164810958,8,164810958,NA,NA,NA,NA
S8_164866616,8,164866616,NA,NA,NA,NA
S8_164977107,8,164977107,NA,NA,NA,NA
S8_165142649,8,165142649,NA,NA,NA,NA
S8_165142673,8,165142673,NA,NA,NA,NA
S8_165235565,8,165235565,NA,NA,NA,NA
S8_165555730,8,165555730,NA,NA,NA,NA
S8_165582258,8,165582258,NA,NA,NA,NA
S8_165715560,8,165715560,NA,NA,NA,NA
S8_165715592,8,165715592,NA,NA,NA,NA
S8_166561826,8,166561826,NA,NA,NA,NA
S8_166617530,8,166617530,NA,NA,NA,NA
S8_166622352,8,166622352,NA,NA,NA,NA
S8_166793582,8,166793582,NA,NA,NA,NA
S8_166793744,8,166793744,NA,NA,NA,NA
S8_166795892,8,166795892,NA,NA,NA,NA
S8_166809221,8,166809221,NA,NA,NA,NA
S8_166916994,8,166916994,NA,NA,NA,NA
S8_166917066,8,166917066,NA,NA,NA,NA
S8_16693677,8,16693677,NA,NA,NA,NA
S8_16693688,8,16693688,NA,NA,NA,NA
S8_166974808,8,166974808,NA,NA,NA,NA
S8_167086456,8,167086456,NA,NA,NA,NA
S8_167086551,8,167086551,NA,NA,NA,NA
S8_167086561,8,167086561,NA,NA,NA,NA
S8_167089938,8,167089938,NA,NA,NA,NA
S8_167154740,8,167154740,NA,NA,NA,NA
S8_167154820,8,167154820,NA,NA,NA,NA
S8_167155464,8,167155464,NA,NA,NA,NA
S8_167155469,8,167155469,NA,NA,NA,NA
S8_167189368,8,167189368,NA,NA,NA,NA
S8_167189370,8,167189370,NA,NA,NA,NA
S8_167192640,8,167192640,NA,NA,NA,NA
S8_167384479,8,167384479,NA,NA,NA,NA
S8_16742939,8,16742939,NA,NA,NA,NA
S8_16742945,8,16742945,NA,NA,NA,NA
S8_16742947,8,16742947,NA,NA,NA,NA
S8_167601987,8,167601987,NA,NA,NA,NA
S8_16770480,8,16770480,NA,NA,NA,NA
S8_16770483,8,16770483,NA,NA,NA,NA
S8_16770485,8,16770485,NA,NA,NA,NA
S8_16770486,8,16770486,NA,NA,NA,NA
S8_16770487,8,16770487,NA,NA,NA,NA
S8_16770488,8,16770488,NA,NA,NA,NA
S8_16770491,8,16770491,NA,NA,NA,NA
S8_16770494,8,16770494,NA,NA,NA,NA
S8_167780354,8,167780354,NA,NA,NA,NA
S8_168209,8,168209,NA,NA,NA,NA
S8_168279584,8,168279584,NA,NA,NA,NA
S8_16851347,8,16851347,NA,NA,NA,NA
S8_16851349,8,16851349,NA,NA,NA,NA
S8_16851536,8,16851536,NA,NA,NA,NA
S8_16853492,8,16853492,NA,NA,NA,NA
S8_168828186,8,168828186,NA,NA,NA,NA
S8_168923108,8,168923108,NA,NA,NA,NA
S8_168952801,8,168952801,NA,NA,NA,NA
S8_169070694,8,169070694,NA,NA,NA,NA
S8_169070717,8,169070717,NA,NA,NA,NA
S8_169071098,8,169071098,NA,NA,NA,NA
S8_169088141,8,169088141,NA,NA,NA,NA
S8_169088171,8,169088171,NA,NA,NA,NA
S8_169253447,8,169253447,NA,NA,NA,NA
S8_169253471,8,169253471,NA,NA,NA,NA
S8_169256538,8,169256538,NA,NA,NA,NA
S8_169418811,8,169418811,NA,NA,NA,NA
S8_169418826,8,169418826,NA,NA,NA,NA
S8_169418833,8,169418833,NA,NA,NA,NA
S8_169418838,8,169418838,NA,NA,NA,NA
S8_169692952,8,169692952,NA,NA,NA,NA
S8_169692964,8,169692964,NA,NA,NA,NA
S8_169788423,8,169788423,NA,NA,NA,NA
S8_169788693,8,169788693,NA,NA,NA,NA
S8_169862550,8,169862550,NA,NA,NA,NA
S8_169895877,8,169895877,NA,NA,NA,NA
S8_170061939,8,170061939,NA,NA,NA,NA
S8_170136466,8,170136466,NA,NA,NA,NA
S8_170161991,8,170161991,NA,NA,NA,NA
S8_170221192,8,170221192,NA,NA,NA,NA
S8_170447804,8,170447804,NA,NA,NA,NA
S8_17061005,8,17061005,NA,NA,NA,NA
S8_170610339,8,170610339,NA,NA,NA,NA
S8_170610353,8,170610353,NA,NA,NA,NA
S8_170610362,8,170610362,NA,NA,NA,NA
S8_17062061,8,17062061,NA,NA,NA,NA
S8_170628077,8,170628077,NA,NA,NA,NA
S8_170706312,8,170706312,NA,NA,NA,NA
S8_170709237,8,170709237,NA,NA,NA,NA
S8_170709544,8,170709544,NA,NA,NA,NA
S8_170709560,8,170709560,NA,NA,NA,NA
S8_170764302,8,170764302,NA,NA,NA,NA
S8_170764303,8,170764303,NA,NA,NA,NA
S8_170764304,8,170764304,NA,NA,NA,NA
S8_170764305,8,170764305,NA,NA,NA,NA
S8_170764306,8,170764306,NA,NA,NA,NA
S8_170764308,8,170764308,NA,NA,NA,NA
S8_170787585,8,170787585,NA,NA,NA,NA
S8_170852896,8,170852896,NA,NA,NA,NA
S8_170866453,8,170866453,NA,NA,NA,NA
S8_171037790,8,171037790,NA,NA,NA,NA
S8_171037791,8,171037791,NA,NA,NA,NA
S8_171193936,8,171193936,NA,NA,NA,NA
S8_171275106,8,171275106,NA,NA,NA,NA
S8_171331460,8,171331460,NA,NA,NA,NA
S8_171331462,8,171331462,NA,NA,NA,NA
S8_171331547,8,171331547,NA,NA,NA,NA
S8_171402089,8,171402089,NA,NA,NA,NA
S8_171402099,8,171402099,NA,NA,NA,NA
S8_171402106,8,171402106,NA,NA,NA,NA
S8_171402109,8,171402109,NA,NA,NA,NA
S8_171514626,8,171514626,NA,NA,NA,NA
S8_171515332,8,171515332,NA,NA,NA,NA
S8_171515336,8,171515336,NA,NA,NA,NA
S8_171515699,8,171515699,NA,NA,NA,NA
S8_171517376,8,171517376,NA,NA,NA,NA
S8_171532941,8,171532941,NA,NA,NA,NA
S8_171532964,8,171532964,NA,NA,NA,NA
S8_171532965,8,171532965,NA,NA,NA,NA
S8_171532966,8,171532966,NA,NA,NA,NA
S8_171543944,8,171543944,NA,NA,NA,NA
S8_171607473,8,171607473,NA,NA,NA,NA
S8_171640962,8,171640962,NA,NA,NA,NA
S8_171679244,8,171679244,NA,NA,NA,NA
S8_171679255,8,171679255,NA,NA,NA,NA
S8_171710284,8,171710284,NA,NA,NA,NA
S8_171745215,8,171745215,NA,NA,NA,NA
S8_171745651,8,171745651,NA,NA,NA,NA
S8_171745654,8,171745654,NA,NA,NA,NA
S8_171806028,8,171806028,NA,NA,NA,NA
S8_171806031,8,171806031,NA,NA,NA,NA
S8_171812396,8,171812396,NA,NA,NA,NA
S8_171958345,8,171958345,NA,NA,NA,NA
S8_171958347,8,171958347,NA,NA,NA,NA
S8_171958348,8,171958348,NA,NA,NA,NA
S8_171958358,8,171958358,NA,NA,NA,NA
S8_171960853,8,171960853,NA,NA,NA,NA
S8_172227373,8,172227373,NA,NA,NA,NA
S8_172252771,8,172252771,NA,NA,NA,NA
S8_172252775,8,172252775,NA,NA,NA,NA
S8_172458801,8,172458801,NA,NA,NA,NA
S8_172464066,8,172464066,NA,NA,NA,NA
S8_172754804,8,172754804,NA,NA,NA,NA
S8_172811556,8,172811556,NA,NA,NA,NA
S8_172895165,8,172895165,NA,NA,NA,NA
S8_172949798,8,172949798,NA,NA,NA,NA
S8_173061840,8,173061840,NA,NA,NA,NA
S8_173350024,8,173350024,NA,NA,NA,NA
S8_173506549,8,173506549,NA,NA,NA,NA
S8_173506566,8,173506566,NA,NA,NA,NA
S8_173515945,8,173515945,NA,NA,NA,NA
S8_173713635,8,173713635,NA,NA,NA,NA
S8_17377808,8,17377808,NA,NA,NA,NA
S8_174222902,8,174222902,NA,NA,NA,NA
S8_174222904,8,174222904,NA,NA,NA,NA
S8_174285161,8,174285161,NA,NA,NA,NA
S8_174404182,8,174404182,NA,NA,NA,NA
S8_174606826,8,174606826,NA,NA,NA,NA
S8_175187436,8,175187436,NA,NA,NA,NA
S8_175508192,8,175508192,NA,NA,NA,NA
S8_175591174,8,175591174,NA,NA,NA,NA
S8_17890174,8,17890174,NA,NA,NA,NA
S8_17890176,8,17890176,NA,NA,NA,NA
S8_17890178,8,17890178,NA,NA,NA,NA
S8_18224374,8,18224374,NA,NA,NA,NA
S8_18231855,8,18231855,NA,NA,NA,NA
S8_18231950,8,18231950,NA,NA,NA,NA
S8_18231952,8,18231952,NA,NA,NA,NA
S8_18350738,8,18350738,NA,NA,NA,NA
S8_1839307,8,1839307,NA,NA,NA,NA
S8_18824103,8,18824103,NA,NA,NA,NA
S8_18894046,8,18894046,NA,NA,NA,NA
S8_19122999,8,19122999,NA,NA,NA,NA
S8_19123002,8,19123002,NA,NA,NA,NA
S8_19238401,8,19238401,NA,NA,NA,NA
S8_19681228,8,19681228,NA,NA,NA,NA
S8_19834117,8,19834117,NA,NA,NA,NA
S8_19851367,8,19851367,NA,NA,NA,NA
S8_19852522,8,19852522,NA,NA,NA,NA
S8_20082925,8,20082925,NA,NA,NA,NA
S8_20084605,8,20084605,NA,NA,NA,NA
S8_2079485,8,2079485,NA,NA,NA,NA
S8_2080124,8,2080124,NA,NA,NA,NA
S8_20960158,8,20960158,NA,NA,NA,NA
S8_20961499,8,20961499,NA,NA,NA,NA
S8_21089990,8,21089990,NA,NA,NA,NA
S8_21099630,8,21099630,NA,NA,NA,NA
S8_21295028,8,21295028,NA,NA,NA,NA
S8_21390284,8,21390284,NA,NA,NA,NA
S8_21816844,8,21816844,NA,NA,NA,NA
S8_21816851,8,21816851,NA,NA,NA,NA
S8_21816854,8,21816854,NA,NA,NA,NA
S8_21816860,8,21816860,NA,NA,NA,NA
S8_21817292,8,21817292,NA,NA,NA,NA
S8_21817293,8,21817293,NA,NA,NA,NA
S8_21865352,8,21865352,NA,NA,NA,NA
S8_21865353,8,21865353,NA,NA,NA,NA
S8_21865361,8,21865361,NA,NA,NA,NA
S8_21874391,8,21874391,NA,NA,NA,NA
S8_21910910,8,21910910,NA,NA,NA,NA
S8_22641472,8,22641472,NA,NA,NA,NA
S8_22683219,8,22683219,NA,NA,NA,NA
S8_22821878,8,22821878,NA,NA,NA,NA
S8_22821893,8,22821893,NA,NA,NA,NA
S8_22822377,8,22822377,NA,NA,NA,NA
S8_22826268,8,22826268,NA,NA,NA,NA
S8_22844386,8,22844386,NA,NA,NA,NA
S8_22844391,8,22844391,NA,NA,NA,NA
S8_23420760,8,23420760,NA,NA,NA,NA
S8_23420772,8,23420772,NA,NA,NA,NA
S8_23423609,8,23423609,NA,NA,NA,NA
S8_23427443,8,23427443,NA,NA,NA,NA
S8_23427487,8,23427487,NA,NA,NA,NA
S8_23427828,8,23427828,NA,NA,NA,NA
S8_23661488,8,23661488,NA,NA,NA,NA
S8_2428328,8,2428328,NA,NA,NA,NA
S8_2428592,8,2428592,NA,NA,NA,NA
S8_2428605,8,2428605,NA,NA,NA,NA
S8_24346623,8,24346623,NA,NA,NA,NA
S8_24346631,8,24346631,NA,NA,NA,NA
S8_24347739,8,24347739,NA,NA,NA,NA
S8_2522031,8,2522031,NA,NA,NA,NA
S8_25334341,8,25334341,NA,NA,NA,NA
S8_26101887,8,26101887,NA,NA,NA,NA
S8_26101888,8,26101888,NA,NA,NA,NA
S8_26101889,8,26101889,NA,NA,NA,NA
S8_26101890,8,26101890,NA,NA,NA,NA
S8_26350555,8,26350555,NA,NA,NA,NA
S8_26350557,8,26350557,NA,NA,NA,NA
S8_26478753,8,26478753,NA,NA,NA,NA
S8_26862281,8,26862281,NA,NA,NA,NA
S8_27117706,8,27117706,NA,NA,NA,NA
S8_27220478,8,27220478,NA,NA,NA,NA
S8_27220796,8,27220796,NA,NA,NA,NA
S8_27220914,8,27220914,NA,NA,NA,NA
S8_27666376,8,27666376,NA,NA,NA,NA
S8_27666393,8,27666393,NA,NA,NA,NA
S8_27666406,8,27666406,NA,NA,NA,NA
S8_28162652,8,28162652,NA,NA,NA,NA
S8_28162653,8,28162653,NA,NA,NA,NA
S8_28162655,8,28162655,NA,NA,NA,NA
S8_28162656,8,28162656,NA,NA,NA,NA
S8_28162657,8,28162657,NA,NA,NA,NA
S8_28162658,8,28162658,NA,NA,NA,NA
S8_28162659,8,28162659,NA,NA,NA,NA
S8_28162661,8,28162661,NA,NA,NA,NA
S8_28162662,8,28162662,NA,NA,NA,NA
S8_28299102,8,28299102,NA,NA,NA,NA
S8_2902094,8,2902094,NA,NA,NA,NA
S8_29147147,8,29147147,NA,NA,NA,NA
S8_29379714,8,29379714,NA,NA,NA,NA
S8_29827928,8,29827928,NA,NA,NA,NA
S8_30210115,8,30210115,NA,NA,NA,NA
S8_30210132,8,30210132,NA,NA,NA,NA
S8_3240769,8,3240769,NA,NA,NA,NA
S8_3292506,8,3292506,NA,NA,NA,NA
S8_33137818,8,33137818,NA,NA,NA,NA
S8_33137820,8,33137820,NA,NA,NA,NA
S8_3430553,8,3430553,NA,NA,NA,NA
S8_3430578,8,3430578,NA,NA,NA,NA
S8_34390645,8,34390645,NA,NA,NA,NA
S8_34663721,8,34663721,NA,NA,NA,NA
S8_34671112,8,34671112,NA,NA,NA,NA
S8_34671118,8,34671118,NA,NA,NA,NA
S8_34671123,8,34671123,NA,NA,NA,NA
S8_34671124,8,34671124,NA,NA,NA,NA
S8_34671130,8,34671130,NA,NA,NA,NA
S8_34671134,8,34671134,NA,NA,NA,NA
S8_3482555,8,3482555,NA,NA,NA,NA
S8_3491706,8,3491706,NA,NA,NA,NA
S8_35844876,8,35844876,NA,NA,NA,NA
S8_36553118,8,36553118,NA,NA,NA,NA
S8_36553596,8,36553596,NA,NA,NA,NA
S8_36553621,8,36553621,NA,NA,NA,NA
S8_3662423,8,3662423,NA,NA,NA,NA
S8_37655868,8,37655868,NA,NA,NA,NA
S8_37655871,8,37655871,NA,NA,NA,NA
S8_37655872,8,37655872,NA,NA,NA,NA
S8_37765081,8,37765081,NA,NA,NA,NA
S8_38412227,8,38412227,NA,NA,NA,NA
S8_38520571,8,38520571,NA,NA,NA,NA
S8_38520576,8,38520576,NA,NA,NA,NA
S8_38737279,8,38737279,NA,NA,NA,NA
S8_38737281,8,38737281,NA,NA,NA,NA
S8_3885171,8,3885171,NA,NA,NA,NA
S8_3885179,8,3885179,NA,NA,NA,NA
S8_39469589,8,39469589,NA,NA,NA,NA
S8_39470292,8,39470292,NA,NA,NA,NA
S8_39470773,8,39470773,NA,NA,NA,NA
S8_3981446,8,3981446,NA,NA,NA,NA
S8_400780,8,400780,NA,NA,NA,NA
S8_400994,8,400994,NA,NA,NA,NA
S8_401016,8,401016,NA,NA,NA,NA
S8_401283,8,401283,NA,NA,NA,NA
S8_40550757,8,40550757,NA,NA,NA,NA
S8_40786523,8,40786523,NA,NA,NA,NA
S8_41068919,8,41068919,NA,NA,NA,NA
S8_4360497,8,4360497,NA,NA,NA,NA
S8_4360505,8,4360505,NA,NA,NA,NA
S8_45262289,8,45262289,NA,NA,NA,NA
S8_4541504,8,4541504,NA,NA,NA,NA
S8_4541537,8,4541537,NA,NA,NA,NA
S8_4555203,8,4555203,NA,NA,NA,NA
S8_4555204,8,4555204,NA,NA,NA,NA
S8_4555206,8,4555206,NA,NA,NA,NA
S8_4555207,8,4555207,NA,NA,NA,NA
S8_4555210,8,4555210,NA,NA,NA,NA
S8_45812315,8,45812315,NA,NA,NA,NA
S8_45915235,8,45915235,NA,NA,NA,NA
S8_4807312,8,4807312,NA,NA,NA,NA
S8_48124473,8,48124473,NA,NA,NA,NA
S8_51064906,8,51064906,NA,NA,NA,NA
S8_5330058,8,5330058,NA,NA,NA,NA
S8_5330429,8,5330429,NA,NA,NA,NA
S8_5331029,8,5331029,NA,NA,NA,NA
S8_5530426,8,5530426,NA,NA,NA,NA
S8_55934247,8,55934247,NA,NA,NA,NA
S8_5604234,8,5604234,NA,NA,NA,NA
S8_5604235,8,5604235,NA,NA,NA,NA
S8_5820683,8,5820683,NA,NA,NA,NA
S8_59316487,8,59316487,NA,NA,NA,NA
S8_61791036,8,61791036,NA,NA,NA,NA
S8_62836711,8,62836711,NA,NA,NA,NA
S8_63266596,8,63266596,NA,NA,NA,NA
S8_63907052,8,63907052,NA,NA,NA,NA
S8_63907054,8,63907054,NA,NA,NA,NA
S8_64174106,8,64174106,NA,NA,NA,NA
S8_64393435,8,64393435,NA,NA,NA,NA
S8_646005,8,646005,NA,NA,NA,NA
S8_6480774,8,6480774,NA,NA,NA,NA
S8_65099885,8,65099885,NA,NA,NA,NA
S8_65781531,8,65781531,NA,NA,NA,NA
S8_66100071,8,66100071,NA,NA,NA,NA
S8_66100079,8,66100079,NA,NA,NA,NA
S8_67354851,8,67354851,NA,NA,NA,NA
S8_67681176,8,67681176,NA,NA,NA,NA
S8_68086388,8,68086388,NA,NA,NA,NA
S8_68087227,8,68087227,NA,NA,NA,NA
S8_68298440,8,68298440,NA,NA,NA,NA
S8_68311591,8,68311591,NA,NA,NA,NA
S8_6855202,8,6855202,NA,NA,NA,NA
S8_6933691,8,6933691,NA,NA,NA,NA
S8_69588935,8,69588935,NA,NA,NA,NA
S8_69593857,8,69593857,NA,NA,NA,NA
S8_7080065,8,7080065,NA,NA,NA,NA
S8_71060345,8,71060345,NA,NA,NA,NA
S8_71061136,8,71061136,NA,NA,NA,NA
S8_71289475,8,71289475,NA,NA,NA,NA
S8_72383519,8,72383519,NA,NA,NA,NA
S8_72383520,8,72383520,NA,NA,NA,NA
S8_72383521,8,72383521,NA,NA,NA,NA
S8_72383524,8,72383524,NA,NA,NA,NA
S8_72383525,8,72383525,NA,NA,NA,NA
S8_72745120,8,72745120,NA,NA,NA,NA
S8_73852614,8,73852614,NA,NA,NA,NA
S8_73852929,8,73852929,NA,NA,NA,NA
S8_73852948,8,73852948,NA,NA,NA,NA
S8_74135090,8,74135090,NA,NA,NA,NA
S8_74250094,8,74250094,NA,NA,NA,NA
S8_74250098,8,74250098,NA,NA,NA,NA
S8_7432497,8,7432497,NA,NA,NA,NA
S8_74661647,8,74661647,NA,NA,NA,NA
S8_74681901,8,74681901,NA,NA,NA,NA
S8_74681904,8,74681904,NA,NA,NA,NA
S8_74989897,8,74989897,NA,NA,NA,NA
S8_75379061,8,75379061,NA,NA,NA,NA
S8_75469545,8,75469545,NA,NA,NA,NA
S8_76038718,8,76038718,NA,NA,NA,NA
S8_7748928,8,7748928,NA,NA,NA,NA
S8_77986198,8,77986198,NA,NA,NA,NA
S8_78857496,8,78857496,NA,NA,NA,NA
S8_79149894,8,79149894,NA,NA,NA,NA
S8_80293051,8,80293051,NA,NA,NA,NA
S8_80495600,8,80495600,NA,NA,NA,NA
S8_8128202,8,8128202,NA,NA,NA,NA
S8_81881327,8,81881327,NA,NA,NA,NA
S8_82377115,8,82377115,NA,NA,NA,NA
S8_825268,8,825268,NA,NA,NA,NA
S8_8274042,8,8274042,NA,NA,NA,NA
S8_8274051,8,8274051,NA,NA,NA,NA
S8_8274062,8,8274062,NA,NA,NA,NA
S8_8282222,8,8282222,NA,NA,NA,NA
S8_8282243,8,8282243,NA,NA,NA,NA
S8_8305220,8,8305220,NA,NA,NA,NA
S8_83401742,8,83401742,NA,NA,NA,NA
S8_83401744,8,83401744,NA,NA,NA,NA
S8_83777819,8,83777819,NA,NA,NA,NA
S8_86029983,8,86029983,NA,NA,NA,NA
S8_8614210,8,8614210,NA,NA,NA,NA
S8_8614212,8,8614212,NA,NA,NA,NA
S8_8614217,8,8614217,NA,NA,NA,NA
S8_8614220,8,8614220,NA,NA,NA,NA
S8_86403100,8,86403100,NA,NA,NA,NA
S8_86403132,8,86403132,NA,NA,NA,NA
S8_86403134,8,86403134,NA,NA,NA,NA
S8_8822380,8,8822380,NA,NA,NA,NA
S8_88439064,8,88439064,NA,NA,NA,NA
S8_88812935,8,88812935,NA,NA,NA,NA
S8_88812991,8,88812991,NA,NA,NA,NA
S8_88813003,8,88813003,NA,NA,NA,NA
S8_90425875,8,90425875,NA,NA,NA,NA
S8_90425954,8,90425954,NA,NA,NA,NA
S8_90791297,8,90791297,NA,NA,NA,NA
S8_90791327,8,90791327,NA,NA,NA,NA
S8_91313092,8,91313092,NA,NA,NA,NA
S8_91422962,8,91422962,NA,NA,NA,NA
S8_91776603,8,91776603,NA,NA,NA,NA
S8_92082479,8,92082479,NA,NA,NA,NA
S8_93112262,8,93112262,NA,NA,NA,NA
S8_93133673,8,93133673,NA,NA,NA,NA
S8_93133675,8,93133675,NA,NA,NA,NA
S8_93133685,8,93133685,NA,NA,NA,NA
S8_93251968,8,93251968,NA,NA,NA,NA
S8_93430431,8,93430431,NA,NA,NA,NA
S8_936743,8,936743,NA,NA,NA,NA
S8_936745,8,936745,NA,NA,NA,NA
S8_936747,8,936747,NA,NA,NA,NA
S8_94575375,8,94575375,NA,NA,NA,NA
S8_95436109,8,95436109,NA,NA,NA,NA
S8_95580148,8,95580148,NA,NA,NA,NA
S8_95649596,8,95649596,NA,NA,NA,NA
S8_96620,8,96620,NA,NA,NA,NA
S8_96929836,8,96929836,NA,NA,NA,NA
S8_99160143,8,99160143,NA,NA,NA,NA
S8_9968443,8,9968443,NA,NA,NA,NA
S9_1000384,9,1000384,NA,NA,NA,NA
S9_100135772,9,100135772,NA,NA,NA,NA
S9_100135822,9,100135822,NA,NA,NA,NA
S9_100612301,9,100612301,NA,NA,NA,NA
S9_100678191,9,100678191,NA,NA,NA,NA
S9_100678202,9,100678202,NA,NA,NA,NA
S9_100678203,9,100678203,NA,NA,NA,NA
S9_100678209,9,100678209,NA,NA,NA,NA
S9_100678211,9,100678211,NA,NA,NA,NA
S9_100678212,9,100678212,NA,NA,NA,NA
S9_100684634,9,100684634,NA,NA,NA,NA
S9_100788032,9,100788032,NA,NA,NA,NA
S9_100884377,9,100884377,NA,NA,NA,NA
S9_100884381,9,100884381,NA,NA,NA,NA
S9_101099632,9,101099632,NA,NA,NA,NA
S9_101101760,9,101101760,NA,NA,NA,NA
S9_101203297,9,101203297,NA,NA,NA,NA
S9_101271860,9,101271860,NA,NA,NA,NA
S9_101271886,9,101271886,NA,NA,NA,NA
S9_101390234,9,101390234,NA,NA,NA,NA
S9_101390237,9,101390237,NA,NA,NA,NA
S9_102105103,9,102105103,NA,NA,NA,NA
S9_102214950,9,102214950,NA,NA,NA,NA
S9_102497421,9,102497421,NA,NA,NA,NA
S9_102783190,9,102783190,NA,NA,NA,NA
S9_102934125,9,102934125,NA,NA,NA,NA
S9_102934129,9,102934129,NA,NA,NA,NA
S9_102935626,9,102935626,NA,NA,NA,NA
S9_102962596,9,102962596,NA,NA,NA,NA
S9_103173089,9,103173089,NA,NA,NA,NA
S9_103347534,9,103347534,NA,NA,NA,NA
S9_103687990,9,103687990,NA,NA,NA,NA
S9_104435784,9,104435784,NA,NA,NA,NA
S9_104435785,9,104435785,NA,NA,NA,NA
S9_104435799,9,104435799,NA,NA,NA,NA
S9_104630558,9,104630558,NA,NA,NA,NA
S9_104630564,9,104630564,NA,NA,NA,NA
S9_104630567,9,104630567,NA,NA,NA,NA
S9_104630569,9,104630569,NA,NA,NA,NA
S9_104989902,9,104989902,NA,NA,NA,NA
S9_104989903,9,104989903,NA,NA,NA,NA
S9_104993321,9,104993321,NA,NA,NA,NA
S9_105339584,9,105339584,NA,NA,NA,NA
S9_105339587,9,105339587,NA,NA,NA,NA
S9_105339588,9,105339588,NA,NA,NA,NA
S9_105339591,9,105339591,NA,NA,NA,NA
S9_105339593,9,105339593,NA,NA,NA,NA
S9_105339594,9,105339594,NA,NA,NA,NA
S9_105535583,9,105535583,NA,NA,NA,NA
S9_106405880,9,106405880,NA,NA,NA,NA
S9_106627339,9,106627339,NA,NA,NA,NA
S9_107405696,9,107405696,NA,NA,NA,NA
S9_108350229,9,108350229,NA,NA,NA,NA
S9_109173465,9,109173465,NA,NA,NA,NA
S9_109307010,9,109307010,NA,NA,NA,NA
S9_109307018,9,109307018,NA,NA,NA,NA
S9_109307032,9,109307032,NA,NA,NA,NA
S9_10942627,9,10942627,NA,NA,NA,NA
S9_109550160,9,109550160,NA,NA,NA,NA
S9_109550163,9,109550163,NA,NA,NA,NA
S9_109668135,9,109668135,NA,NA,NA,NA
S9_111117718,9,111117718,NA,NA,NA,NA
S9_111119502,9,111119502,NA,NA,NA,NA
S9_111251842,9,111251842,NA,NA,NA,NA
S9_111253893,9,111253893,NA,NA,NA,NA
S9_11126757,9,11126757,NA,NA,NA,NA
S9_11126763,9,11126763,NA,NA,NA,NA
S9_11156153,9,11156153,NA,NA,NA,NA
S9_11156160,9,11156160,NA,NA,NA,NA
S9_11156199,9,11156199,NA,NA,NA,NA
S9_111997906,9,111997906,NA,NA,NA,NA
S9_11217606,9,11217606,NA,NA,NA,NA
S9_11217622,9,11217622,NA,NA,NA,NA
S9_112885913,9,112885913,NA,NA,NA,NA
S9_112952079,9,112952079,NA,NA,NA,NA
S9_113056055,9,113056055,NA,NA,NA,NA
S9_113058977,9,113058977,NA,NA,NA,NA
S9_113058978,9,113058978,NA,NA,NA,NA
S9_113061802,9,113061802,NA,NA,NA,NA
S9_113061805,9,113061805,NA,NA,NA,NA
S9_113062441,9,113062441,NA,NA,NA,NA
S9_113216044,9,113216044,NA,NA,NA,NA
S9_113423864,9,113423864,NA,NA,NA,NA
S9_113423956,9,113423956,NA,NA,NA,NA
S9_113423962,9,113423962,NA,NA,NA,NA
S9_113423968,9,113423968,NA,NA,NA,NA
S9_113791311,9,113791311,NA,NA,NA,NA
S9_114025675,9,114025675,NA,NA,NA,NA
S9_114179267,9,114179267,NA,NA,NA,NA
S9_11439569,9,11439569,NA,NA,NA,NA
S9_11439571,9,11439571,NA,NA,NA,NA
S9_114551765,9,114551765,NA,NA,NA,NA
S9_114919563,9,114919563,NA,NA,NA,NA
S9_115380317,9,115380317,NA,NA,NA,NA
S9_115380335,9,115380335,NA,NA,NA,NA
S9_115770066,9,115770066,NA,NA,NA,NA
S9_115957422,9,115957422,NA,NA,NA,NA
S9_116243127,9,116243127,NA,NA,NA,NA
S9_116350726,9,116350726,NA,NA,NA,NA
S9_116895069,9,116895069,NA,NA,NA,NA
S9_116948078,9,116948078,NA,NA,NA,NA
S9_116948079,9,116948079,NA,NA,NA,NA
S9_116961285,9,116961285,NA,NA,NA,NA
S9_116961287,9,116961287,NA,NA,NA,NA
S9_116961337,9,116961337,NA,NA,NA,NA
S9_116961399,9,116961399,NA,NA,NA,NA
S9_117203238,9,117203238,NA,NA,NA,NA
S9_11733235,9,11733235,NA,NA,NA,NA
S9_117333528,9,117333528,NA,NA,NA,NA
S9_117400567,9,117400567,NA,NA,NA,NA
S9_11776176,9,11776176,NA,NA,NA,NA
S9_11776674,9,11776674,NA,NA,NA,NA
S9_11776677,9,11776677,NA,NA,NA,NA
S9_118393718,9,118393718,NA,NA,NA,NA
S9_118715869,9,118715869,NA,NA,NA,NA
S9_118940652,9,118940652,NA,NA,NA,NA
S9_119308084,9,119308084,NA,NA,NA,NA
S9_119311517,9,119311517,NA,NA,NA,NA
S9_119425702,9,119425702,NA,NA,NA,NA
S9_119938060,9,119938060,NA,NA,NA,NA
S9_120250104,9,120250104,NA,NA,NA,NA
S9_120250105,9,120250105,NA,NA,NA,NA
S9_120250111,9,120250111,NA,NA,NA,NA
S9_120250113,9,120250113,NA,NA,NA,NA
S9_120748466,9,120748466,NA,NA,NA,NA
S9_120941448,9,120941448,NA,NA,NA,NA
S9_121167503,9,121167503,NA,NA,NA,NA
S9_121589769,9,121589769,NA,NA,NA,NA
S9_121589784,9,121589784,NA,NA,NA,NA
S9_121731997,9,121731997,NA,NA,NA,NA
S9_122034904,9,122034904,NA,NA,NA,NA
S9_122035060,9,122035060,NA,NA,NA,NA
S9_122124091,9,122124091,NA,NA,NA,NA
S9_122124099,9,122124099,NA,NA,NA,NA
S9_122124437,9,122124437,NA,NA,NA,NA
S9_122199428,9,122199428,NA,NA,NA,NA
S9_122595495,9,122595495,NA,NA,NA,NA
S9_122950558,9,122950558,NA,NA,NA,NA
S9_12333835,9,12333835,NA,NA,NA,NA
S9_124264951,9,124264951,NA,NA,NA,NA
S9_12428075,9,12428075,NA,NA,NA,NA
S9_12428078,9,12428078,NA,NA,NA,NA
S9_124562623,9,124562623,NA,NA,NA,NA
S9_124666531,9,124666531,NA,NA,NA,NA
S9_124736383,9,124736383,NA,NA,NA,NA
S9_124736384,9,124736384,NA,NA,NA,NA
S9_124758521,9,124758521,NA,NA,NA,NA
S9_125414678,9,125414678,NA,NA,NA,NA
S9_125564660,9,125564660,NA,NA,NA,NA
S9_1259110,9,1259110,NA,NA,NA,NA
S9_1259119,9,1259119,NA,NA,NA,NA
S9_126330592,9,126330592,NA,NA,NA,NA
S9_126450039,9,126450039,NA,NA,NA,NA
S9_127286566,9,127286566,NA,NA,NA,NA
S9_127286567,9,127286567,NA,NA,NA,NA
S9_127449860,9,127449860,NA,NA,NA,NA
S9_127450160,9,127450160,NA,NA,NA,NA
S9_127467284,9,127467284,NA,NA,NA,NA
S9_127468043,9,127468043,NA,NA,NA,NA
S9_127523790,9,127523790,NA,NA,NA,NA
S9_127693697,9,127693697,NA,NA,NA,NA
S9_12802174,9,12802174,NA,NA,NA,NA
S9_128094690,9,128094690,NA,NA,NA,NA
S9_128127265,9,128127265,NA,NA,NA,NA
S9_128127290,9,128127290,NA,NA,NA,NA
S9_128319622,9,128319622,NA,NA,NA,NA
S9_128320157,9,128320157,NA,NA,NA,NA
S9_128653285,9,128653285,NA,NA,NA,NA
S9_128661616,9,128661616,NA,NA,NA,NA
S9_128661618,9,128661618,NA,NA,NA,NA
S9_128770265,9,128770265,NA,NA,NA,NA
S9_12878103,9,12878103,NA,NA,NA,NA
S9_12878121,9,12878121,NA,NA,NA,NA
S9_12878135,9,12878135,NA,NA,NA,NA
S9_129185786,9,129185786,NA,NA,NA,NA
S9_129518249,9,129518249,NA,NA,NA,NA
S9_12979862,9,12979862,NA,NA,NA,NA
S9_12980318,9,12980318,NA,NA,NA,NA
S9_130211643,9,130211643,NA,NA,NA,NA
S9_130211649,9,130211649,NA,NA,NA,NA
S9_130211651,9,130211651,NA,NA,NA,NA
S9_130211676,9,130211676,NA,NA,NA,NA
S9_130489323,9,130489323,NA,NA,NA,NA
S9_130525383,9,130525383,NA,NA,NA,NA
S9_130525466,9,130525466,NA,NA,NA,NA
S9_130525488,9,130525488,NA,NA,NA,NA
S9_130525580,9,130525580,NA,NA,NA,NA
S9_130526232,9,130526232,NA,NA,NA,NA
S9_130526239,9,130526239,NA,NA,NA,NA
S9_130860645,9,130860645,NA,NA,NA,NA
S9_130883254,9,130883254,NA,NA,NA,NA
S9_130883955,9,130883955,NA,NA,NA,NA
S9_130919657,9,130919657,NA,NA,NA,NA
S9_131520248,9,131520248,NA,NA,NA,NA
S9_131721584,9,131721584,NA,NA,NA,NA
S9_131843358,9,131843358,NA,NA,NA,NA
S9_131875922,9,131875922,NA,NA,NA,NA
S9_131877939,9,131877939,NA,NA,NA,NA
S9_131879492,9,131879492,NA,NA,NA,NA
S9_132045364,9,132045364,NA,NA,NA,NA
S9_132813121,9,132813121,NA,NA,NA,NA
S9_133546700,9,133546700,NA,NA,NA,NA
S9_133890013,9,133890013,NA,NA,NA,NA
S9_133939780,9,133939780,NA,NA,NA,NA
S9_133939789,9,133939789,NA,NA,NA,NA
S9_134044211,9,134044211,NA,NA,NA,NA
S9_134285729,9,134285729,NA,NA,NA,NA
S9_134641963,9,134641963,NA,NA,NA,NA
S9_135084516,9,135084516,NA,NA,NA,NA
S9_135273017,9,135273017,NA,NA,NA,NA
S9_135273021,9,135273021,NA,NA,NA,NA
S9_135608980,9,135608980,NA,NA,NA,NA
S9_135609009,9,135609009,NA,NA,NA,NA
S9_135609011,9,135609011,NA,NA,NA,NA
S9_135609014,9,135609014,NA,NA,NA,NA
S9_135609016,9,135609016,NA,NA,NA,NA
S9_135854160,9,135854160,NA,NA,NA,NA
S9_135888196,9,135888196,NA,NA,NA,NA
S9_136081017,9,136081017,NA,NA,NA,NA
S9_136081022,9,136081022,NA,NA,NA,NA
S9_136081090,9,136081090,NA,NA,NA,NA
S9_136181099,9,136181099,NA,NA,NA,NA
S9_136770287,9,136770287,NA,NA,NA,NA
S9_136770288,9,136770288,NA,NA,NA,NA
S9_136770289,9,136770289,NA,NA,NA,NA
S9_136770290,9,136770290,NA,NA,NA,NA
S9_136770294,9,136770294,NA,NA,NA,NA
S9_136770326,9,136770326,NA,NA,NA,NA
S9_136780323,9,136780323,NA,NA,NA,NA
S9_136780325,9,136780325,NA,NA,NA,NA
S9_136780331,9,136780331,NA,NA,NA,NA
S9_136787019,9,136787019,NA,NA,NA,NA
S9_137289653,9,137289653,NA,NA,NA,NA
S9_137289654,9,137289654,NA,NA,NA,NA
S9_137289656,9,137289656,NA,NA,NA,NA
S9_137289676,9,137289676,NA,NA,NA,NA
S9_137335730,9,137335730,NA,NA,NA,NA
S9_137350637,9,137350637,NA,NA,NA,NA
S9_137352257,9,137352257,NA,NA,NA,NA
S9_137492214,9,137492214,NA,NA,NA,NA
S9_137493974,9,137493974,NA,NA,NA,NA
S9_13770459,9,13770459,NA,NA,NA,NA
S9_137763775,9,137763775,NA,NA,NA,NA
S9_137786081,9,137786081,NA,NA,NA,NA
S9_137786339,9,137786339,NA,NA,NA,NA
S9_138095575,9,138095575,NA,NA,NA,NA
S9_138318281,9,138318281,NA,NA,NA,NA
S9_138608362,9,138608362,NA,NA,NA,NA
S9_138615666,9,138615666,NA,NA,NA,NA
S9_138709589,9,138709589,NA,NA,NA,NA
S9_138752609,9,138752609,NA,NA,NA,NA
S9_138764448,9,138764448,NA,NA,NA,NA
S9_138764454,9,138764454,NA,NA,NA,NA
S9_138764531,9,138764531,NA,NA,NA,NA
S9_138899604,9,138899604,NA,NA,NA,NA
S9_139174855,9,139174855,NA,NA,NA,NA
S9_139174871,9,139174871,NA,NA,NA,NA
S9_139188337,9,139188337,NA,NA,NA,NA
S9_139377135,9,139377135,NA,NA,NA,NA
S9_139698178,9,139698178,NA,NA,NA,NA
S9_139698179,9,139698179,NA,NA,NA,NA
S9_139698184,9,139698184,NA,NA,NA,NA
S9_139698202,9,139698202,NA,NA,NA,NA
S9_139745464,9,139745464,NA,NA,NA,NA
S9_139750226,9,139750226,NA,NA,NA,NA
S9_139750302,9,139750302,NA,NA,NA,NA
S9_139750344,9,139750344,NA,NA,NA,NA
S9_139837043,9,139837043,NA,NA,NA,NA
S9_139869461,9,139869461,NA,NA,NA,NA
S9_139932107,9,139932107,NA,NA,NA,NA
S9_139962825,9,139962825,NA,NA,NA,NA
S9_139963068,9,139963068,NA,NA,NA,NA
S9_140016142,9,140016142,NA,NA,NA,NA
S9_140016203,9,140016203,NA,NA,NA,NA
S9_140588023,9,140588023,NA,NA,NA,NA
S9_140974405,9,140974405,NA,NA,NA,NA
S9_141408548,9,141408548,NA,NA,NA,NA
S9_141408557,9,141408557,NA,NA,NA,NA
S9_141472971,9,141472971,NA,NA,NA,NA
S9_141474965,9,141474965,NA,NA,NA,NA
S9_141477378,9,141477378,NA,NA,NA,NA
S9_141479857,9,141479857,NA,NA,NA,NA
S9_141539259,9,141539259,NA,NA,NA,NA
S9_141539262,9,141539262,NA,NA,NA,NA
S9_141539265,9,141539265,NA,NA,NA,NA
S9_141539688,9,141539688,NA,NA,NA,NA
S9_141546387,9,141546387,NA,NA,NA,NA
S9_141988921,9,141988921,NA,NA,NA,NA
S9_14200738,9,14200738,NA,NA,NA,NA
S9_142015805,9,142015805,NA,NA,NA,NA
S9_142469274,9,142469274,NA,NA,NA,NA
S9_142469281,9,142469281,NA,NA,NA,NA
S9_142619580,9,142619580,NA,NA,NA,NA
S9_142822243,9,142822243,NA,NA,NA,NA
S9_142918939,9,142918939,NA,NA,NA,NA
S9_142945421,9,142945421,NA,NA,NA,NA
S9_142945422,9,142945422,NA,NA,NA,NA
S9_14312507,9,14312507,NA,NA,NA,NA
S9_14312513,9,14312513,NA,NA,NA,NA
S9_14316293,9,14316293,NA,NA,NA,NA
S9_14316367,9,14316367,NA,NA,NA,NA
S9_143175936,9,143175936,NA,NA,NA,NA
S9_143207145,9,143207145,NA,NA,NA,NA
S9_143891676,9,143891676,NA,NA,NA,NA
S9_143891858,9,143891858,NA,NA,NA,NA
S9_143891899,9,143891899,NA,NA,NA,NA
S9_143894887,9,143894887,NA,NA,NA,NA
S9_144375971,9,144375971,NA,NA,NA,NA
S9_144376310,9,144376310,NA,NA,NA,NA
S9_144380386,9,144380386,NA,NA,NA,NA
S9_144531670,9,144531670,NA,NA,NA,NA
S9_144531671,9,144531671,NA,NA,NA,NA
S9_144531759,9,144531759,NA,NA,NA,NA
S9_144531760,9,144531760,NA,NA,NA,NA
S9_144614980,9,144614980,NA,NA,NA,NA
S9_1447884,9,1447884,NA,NA,NA,NA
S9_1447885,9,1447885,NA,NA,NA,NA
S9_1447899,9,1447899,NA,NA,NA,NA
S9_144790308,9,144790308,NA,NA,NA,NA
S9_144795936,9,144795936,NA,NA,NA,NA
S9_144807882,9,144807882,NA,NA,NA,NA
S9_144879098,9,144879098,NA,NA,NA,NA
S9_145063409,9,145063409,NA,NA,NA,NA
S9_145063687,9,145063687,NA,NA,NA,NA
S9_145121315,9,145121315,NA,NA,NA,NA
S9_14535127,9,14535127,NA,NA,NA,NA
S9_145849356,9,145849356,NA,NA,NA,NA
S9_146011806,9,146011806,NA,NA,NA,NA
S9_146011807,9,146011807,NA,NA,NA,NA
S9_146083938,9,146083938,NA,NA,NA,NA
S9_146154415,9,146154415,NA,NA,NA,NA
S9_146816001,9,146816001,NA,NA,NA,NA
S9_147139431,9,147139431,NA,NA,NA,NA
S9_147205502,9,147205502,NA,NA,NA,NA
S9_147289625,9,147289625,NA,NA,NA,NA
S9_147335912,9,147335912,NA,NA,NA,NA
S9_147335918,9,147335918,NA,NA,NA,NA
S9_147335927,9,147335927,NA,NA,NA,NA
S9_147382695,9,147382695,NA,NA,NA,NA
S9_147469181,9,147469181,NA,NA,NA,NA
S9_147469197,9,147469197,NA,NA,NA,NA
S9_147664976,9,147664976,NA,NA,NA,NA
S9_147708004,9,147708004,NA,NA,NA,NA
S9_147738360,9,147738360,NA,NA,NA,NA
S9_147738368,9,147738368,NA,NA,NA,NA
S9_147798270,9,147798270,NA,NA,NA,NA
S9_147800461,9,147800461,NA,NA,NA,NA
S9_147800472,9,147800472,NA,NA,NA,NA
S9_147800479,9,147800479,NA,NA,NA,NA
S9_147819633,9,147819633,NA,NA,NA,NA
S9_147966006,9,147966006,NA,NA,NA,NA
S9_147970428,9,147970428,NA,NA,NA,NA
S9_148261463,9,148261463,NA,NA,NA,NA
S9_14840539,9,14840539,NA,NA,NA,NA
S9_14840548,9,14840548,NA,NA,NA,NA
S9_14848946,9,14848946,NA,NA,NA,NA
S9_148790296,9,148790296,NA,NA,NA,NA
S9_148911262,9,148911262,NA,NA,NA,NA
S9_14910133,9,14910133,NA,NA,NA,NA
S9_149245860,9,149245860,NA,NA,NA,NA
S9_149245868,9,149245868,NA,NA,NA,NA
S9_149246061,9,149246061,NA,NA,NA,NA
S9_149246070,9,149246070,NA,NA,NA,NA
S9_149458910,9,149458910,NA,NA,NA,NA
S9_149551676,9,149551676,NA,NA,NA,NA
S9_149745574,9,149745574,NA,NA,NA,NA
S9_149821838,9,149821838,NA,NA,NA,NA
S9_150235323,9,150235323,NA,NA,NA,NA
S9_150235382,9,150235382,NA,NA,NA,NA
S9_150235383,9,150235383,NA,NA,NA,NA
S9_150235385,9,150235385,NA,NA,NA,NA
S9_150235386,9,150235386,NA,NA,NA,NA
S9_150826952,9,150826952,NA,NA,NA,NA
S9_150868627,9,150868627,NA,NA,NA,NA
S9_150868681,9,150868681,NA,NA,NA,NA
S9_150868683,9,150868683,NA,NA,NA,NA
S9_150887329,9,150887329,NA,NA,NA,NA
S9_150921864,9,150921864,NA,NA,NA,NA
S9_151123984,9,151123984,NA,NA,NA,NA
S9_151252038,9,151252038,NA,NA,NA,NA
S9_151285776,9,151285776,NA,NA,NA,NA
S9_151305274,9,151305274,NA,NA,NA,NA
S9_151365879,9,151365879,NA,NA,NA,NA
S9_151396283,9,151396283,NA,NA,NA,NA
S9_151498902,9,151498902,NA,NA,NA,NA
S9_151631614,9,151631614,NA,NA,NA,NA
S9_151642353,9,151642353,NA,NA,NA,NA
S9_151661494,9,151661494,NA,NA,NA,NA
S9_151662884,9,151662884,NA,NA,NA,NA
S9_151705643,9,151705643,NA,NA,NA,NA
S9_151705660,9,151705660,NA,NA,NA,NA
S9_151726511,9,151726511,NA,NA,NA,NA
S9_151790563,9,151790563,NA,NA,NA,NA
S9_151791144,9,151791144,NA,NA,NA,NA
S9_151791148,9,151791148,NA,NA,NA,NA
S9_151819320,9,151819320,NA,NA,NA,NA
S9_151819324,9,151819324,NA,NA,NA,NA
S9_151823323,9,151823323,NA,NA,NA,NA
S9_151976920,9,151976920,NA,NA,NA,NA
S9_151987611,9,151987611,NA,NA,NA,NA
S9_151987628,9,151987628,NA,NA,NA,NA
S9_151993415,9,151993415,NA,NA,NA,NA
S9_151993480,9,151993480,NA,NA,NA,NA
S9_152205353,9,152205353,NA,NA,NA,NA
S9_152206347,9,152206347,NA,NA,NA,NA
S9_152259149,9,152259149,NA,NA,NA,NA
S9_152453895,9,152453895,NA,NA,NA,NA
S9_152481723,9,152481723,NA,NA,NA,NA
S9_152650040,9,152650040,NA,NA,NA,NA
S9_152675262,9,152675262,NA,NA,NA,NA
S9_152794545,9,152794545,NA,NA,NA,NA
S9_152819690,9,152819690,NA,NA,NA,NA
S9_153186958,9,153186958,NA,NA,NA,NA
S9_153186968,9,153186968,NA,NA,NA,NA
S9_153214218,9,153214218,NA,NA,NA,NA
S9_153303478,9,153303478,NA,NA,NA,NA
S9_153309247,9,153309247,NA,NA,NA,NA
S9_153449080,9,153449080,NA,NA,NA,NA
S9_153452985,9,153452985,NA,NA,NA,NA
S9_153519856,9,153519856,NA,NA,NA,NA
S9_153592093,9,153592093,NA,NA,NA,NA
S9_153592103,9,153592103,NA,NA,NA,NA
S9_153609528,9,153609528,NA,NA,NA,NA
S9_15364645,9,15364645,NA,NA,NA,NA
S9_153673822,9,153673822,NA,NA,NA,NA
S9_153674078,9,153674078,NA,NA,NA,NA
S9_153693503,9,153693503,NA,NA,NA,NA
S9_153844352,9,153844352,NA,NA,NA,NA
S9_153844390,9,153844390,NA,NA,NA,NA
S9_153958745,9,153958745,NA,NA,NA,NA
S9_154030446,9,154030446,NA,NA,NA,NA
S9_154250981,9,154250981,NA,NA,NA,NA
S9_154331674,9,154331674,NA,NA,NA,NA
S9_154367164,9,154367164,NA,NA,NA,NA
S9_154367168,9,154367168,NA,NA,NA,NA
S9_154454406,9,154454406,NA,NA,NA,NA
S9_154564914,9,154564914,NA,NA,NA,NA
S9_154564925,9,154564925,NA,NA,NA,NA
S9_154564933,9,154564933,NA,NA,NA,NA
S9_154564934,9,154564934,NA,NA,NA,NA
S9_154602408,9,154602408,NA,NA,NA,NA
S9_154602411,9,154602411,NA,NA,NA,NA
S9_154651256,9,154651256,NA,NA,NA,NA
S9_154651488,9,154651488,NA,NA,NA,NA
S9_155282775,9,155282775,NA,NA,NA,NA
S9_155578669,9,155578669,NA,NA,NA,NA
S9_155720364,9,155720364,NA,NA,NA,NA
S9_155976290,9,155976290,NA,NA,NA,NA
S9_15617683,9,15617683,NA,NA,NA,NA
S9_15617788,9,15617788,NA,NA,NA,NA
S9_15996364,9,15996364,NA,NA,NA,NA
S9_15996365,9,15996365,NA,NA,NA,NA
S9_16117941,9,16117941,NA,NA,NA,NA
S9_16181300,9,16181300,NA,NA,NA,NA
S9_16183388,9,16183388,NA,NA,NA,NA
S9_16481441,9,16481441,NA,NA,NA,NA
S9_17001332,9,17001332,NA,NA,NA,NA
S9_17005312,9,17005312,NA,NA,NA,NA
S9_17233877,9,17233877,NA,NA,NA,NA
S9_1731933,9,1731933,NA,NA,NA,NA
S9_18322165,9,18322165,NA,NA,NA,NA
S9_18765516,9,18765516,NA,NA,NA,NA
S9_18765519,9,18765519,NA,NA,NA,NA
S9_18765825,9,18765825,NA,NA,NA,NA
S9_19174433,9,19174433,NA,NA,NA,NA
S9_19229961,9,19229961,NA,NA,NA,NA
S9_19231709,9,19231709,NA,NA,NA,NA
S9_19237657,9,19237657,NA,NA,NA,NA
S9_19237660,9,19237660,NA,NA,NA,NA
S9_19237663,9,19237663,NA,NA,NA,NA
S9_19286721,9,19286721,NA,NA,NA,NA
S9_19286848,9,19286848,NA,NA,NA,NA
S9_19533691,9,19533691,NA,NA,NA,NA
S9_19802213,9,19802213,NA,NA,NA,NA
S9_19928503,9,19928503,NA,NA,NA,NA
S9_19934600,9,19934600,NA,NA,NA,NA
S9_20747940,9,20747940,NA,NA,NA,NA
S9_20752017,9,20752017,NA,NA,NA,NA
S9_20906846,9,20906846,NA,NA,NA,NA
S9_20906886,9,20906886,NA,NA,NA,NA
S9_20906887,9,20906887,NA,NA,NA,NA
S9_21721946,9,21721946,NA,NA,NA,NA
S9_21721947,9,21721947,NA,NA,NA,NA
S9_21726495,9,21726495,NA,NA,NA,NA
S9_21875026,9,21875026,NA,NA,NA,NA
S9_21997102,9,21997102,NA,NA,NA,NA
S9_22159970,9,22159970,NA,NA,NA,NA
S9_22160006,9,22160006,NA,NA,NA,NA
S9_22479640,9,22479640,NA,NA,NA,NA
S9_22680470,9,22680470,NA,NA,NA,NA
S9_22681178,9,22681178,NA,NA,NA,NA
S9_2275235,9,2275235,NA,NA,NA,NA
S9_2275251,9,2275251,NA,NA,NA,NA
S9_2275496,9,2275496,NA,NA,NA,NA
S9_2275581,9,2275581,NA,NA,NA,NA
S9_2276131,9,2276131,NA,NA,NA,NA
S9_23010236,9,23010236,NA,NA,NA,NA
S9_23060288,9,23060288,NA,NA,NA,NA
S9_23258826,9,23258826,NA,NA,NA,NA
S9_2332958,9,2332958,NA,NA,NA,NA
S9_2341239,9,2341239,NA,NA,NA,NA
S9_23454803,9,23454803,NA,NA,NA,NA
S9_24062955,9,24062955,NA,NA,NA,NA
S9_24196368,9,24196368,NA,NA,NA,NA
S9_2456622,9,2456622,NA,NA,NA,NA
S9_24597518,9,24597518,NA,NA,NA,NA
S9_24597525,9,24597525,NA,NA,NA,NA
S9_24597528,9,24597528,NA,NA,NA,NA
S9_24597531,9,24597531,NA,NA,NA,NA
S9_24597534,9,24597534,NA,NA,NA,NA
S9_24597536,9,24597536,NA,NA,NA,NA
S9_24597537,9,24597537,NA,NA,NA,NA
S9_24597538,9,24597538,NA,NA,NA,NA
S9_24597540,9,24597540,NA,NA,NA,NA
S9_24597986,9,24597986,NA,NA,NA,NA
S9_25068943,9,25068943,NA,NA,NA,NA
S9_25068944,9,25068944,NA,NA,NA,NA
S9_25088477,9,25088477,NA,NA,NA,NA
S9_25261843,9,25261843,NA,NA,NA,NA
S9_25811449,9,25811449,NA,NA,NA,NA
S9_25816558,9,25816558,NA,NA,NA,NA
S9_25816578,9,25816578,NA,NA,NA,NA
S9_25821037,9,25821037,NA,NA,NA,NA
S9_25922544,9,25922544,NA,NA,NA,NA
S9_25922557,9,25922557,NA,NA,NA,NA
S9_26487723,9,26487723,NA,NA,NA,NA
S9_26578103,9,26578103,NA,NA,NA,NA
S9_26578146,9,26578146,NA,NA,NA,NA
S9_26603025,9,26603025,NA,NA,NA,NA
S9_26606884,9,26606884,NA,NA,NA,NA
S9_26630603,9,26630603,NA,NA,NA,NA
S9_26708204,9,26708204,NA,NA,NA,NA
S9_27094619,9,27094619,NA,NA,NA,NA
S9_2711833,9,2711833,NA,NA,NA,NA
S9_27217624,9,27217624,NA,NA,NA,NA
S9_27217629,9,27217629,NA,NA,NA,NA
S9_27217633,9,27217633,NA,NA,NA,NA
S9_27217634,9,27217634,NA,NA,NA,NA
S9_27984777,9,27984777,NA,NA,NA,NA
S9_28610791,9,28610791,NA,NA,NA,NA
S9_29403252,9,29403252,NA,NA,NA,NA
S9_30188057,9,30188057,NA,NA,NA,NA
S9_30646397,9,30646397,NA,NA,NA,NA
S9_31089353,9,31089353,NA,NA,NA,NA
S9_31089358,9,31089358,NA,NA,NA,NA
S9_31099287,9,31099287,NA,NA,NA,NA
S9_31283109,9,31283109,NA,NA,NA,NA
S9_31283111,9,31283111,NA,NA,NA,NA
S9_31283116,9,31283116,NA,NA,NA,NA
S9_32284156,9,32284156,NA,NA,NA,NA
S9_32583783,9,32583783,NA,NA,NA,NA
S9_33441006,9,33441006,NA,NA,NA,NA
S9_33441013,9,33441013,NA,NA,NA,NA
S9_33734482,9,33734482,NA,NA,NA,NA
S9_34628872,9,34628872,NA,NA,NA,NA
S9_34704059,9,34704059,NA,NA,NA,NA
S9_34704062,9,34704062,NA,NA,NA,NA
S9_34704350,9,34704350,NA,NA,NA,NA
S9_34704560,9,34704560,NA,NA,NA,NA
S9_34704565,9,34704565,NA,NA,NA,NA
S9_34704668,9,34704668,NA,NA,NA,NA
S9_34707440,9,34707440,NA,NA,NA,NA
S9_3476643,9,3476643,NA,NA,NA,NA
S9_3476646,9,3476646,NA,NA,NA,NA
S9_3476649,9,3476649,NA,NA,NA,NA
S9_3578321,9,3578321,NA,NA,NA,NA
S9_3657856,9,3657856,NA,NA,NA,NA
S9_36850054,9,36850054,NA,NA,NA,NA
S9_37282474,9,37282474,NA,NA,NA,NA
S9_37539058,9,37539058,NA,NA,NA,NA
S9_39346604,9,39346604,NA,NA,NA,NA
S9_39346608,9,39346608,NA,NA,NA,NA
S9_39346609,9,39346609,NA,NA,NA,NA
S9_39346611,9,39346611,NA,NA,NA,NA
S9_39346612,9,39346612,NA,NA,NA,NA
S9_41048942,9,41048942,NA,NA,NA,NA
S9_41049485,9,41049485,NA,NA,NA,NA
S9_41672702,9,41672702,NA,NA,NA,NA
S9_41672711,9,41672711,NA,NA,NA,NA
S9_41672714,9,41672714,NA,NA,NA,NA
S9_41761391,9,41761391,NA,NA,NA,NA
S9_41829461,9,41829461,NA,NA,NA,NA
S9_41829499,9,41829499,NA,NA,NA,NA
S9_41829780,9,41829780,NA,NA,NA,NA
S9_4292438,9,4292438,NA,NA,NA,NA
S9_4309508,9,4309508,NA,NA,NA,NA
S9_43274882,9,43274882,NA,NA,NA,NA
S9_43677810,9,43677810,NA,NA,NA,NA
S9_43686862,9,43686862,NA,NA,NA,NA
S9_43930963,9,43930963,NA,NA,NA,NA
S9_4398467,9,4398467,NA,NA,NA,NA
S9_44479945,9,44479945,NA,NA,NA,NA
S9_44486326,9,44486326,NA,NA,NA,NA
S9_44486586,9,44486586,NA,NA,NA,NA
S9_45195953,9,45195953,NA,NA,NA,NA
S9_45707369,9,45707369,NA,NA,NA,NA
S9_46388237,9,46388237,NA,NA,NA,NA
S9_47064183,9,47064183,NA,NA,NA,NA
S9_47759844,9,47759844,NA,NA,NA,NA
S9_47759956,9,47759956,NA,NA,NA,NA
S9_4833317,9,4833317,NA,NA,NA,NA
S9_49020418,9,49020418,NA,NA,NA,NA
S9_49309452,9,49309452,NA,NA,NA,NA
S9_49309454,9,49309454,NA,NA,NA,NA
S9_5004367,9,5004367,NA,NA,NA,NA
S9_5004370,9,5004370,NA,NA,NA,NA
S9_5013909,9,5013909,NA,NA,NA,NA
S9_5013927,9,5013927,NA,NA,NA,NA
S9_50162271,9,50162271,NA,NA,NA,NA
S9_50572174,9,50572174,NA,NA,NA,NA
S9_50572195,9,50572195,NA,NA,NA,NA
S9_50572211,9,50572211,NA,NA,NA,NA
S9_5319996,9,5319996,NA,NA,NA,NA
S9_53405134,9,53405134,NA,NA,NA,NA
S9_5455196,9,5455196,NA,NA,NA,NA
S9_5455201,9,5455201,NA,NA,NA,NA
S9_5517077,9,5517077,NA,NA,NA,NA
S9_5517079,9,5517079,NA,NA,NA,NA
S9_55347692,9,55347692,NA,NA,NA,NA
S9_55347756,9,55347756,NA,NA,NA,NA
S9_55347971,9,55347971,NA,NA,NA,NA
S9_55348011,9,55348011,NA,NA,NA,NA
S9_55348072,9,55348072,NA,NA,NA,NA
S9_55511799,9,55511799,NA,NA,NA,NA
S9_56143183,9,56143183,NA,NA,NA,NA
S9_5654480,9,5654480,NA,NA,NA,NA
S9_57190464,9,57190464,NA,NA,NA,NA
S9_5719623,9,5719623,NA,NA,NA,NA
S9_57310208,9,57310208,NA,NA,NA,NA
S9_57353988,9,57353988,NA,NA,NA,NA
S9_58143292,9,58143292,NA,NA,NA,NA
S9_58247723,9,58247723,NA,NA,NA,NA
S9_58247740,9,58247740,NA,NA,NA,NA
S9_58451492,9,58451492,NA,NA,NA,NA
S9_5877416,9,5877416,NA,NA,NA,NA
S9_5877437,9,5877437,NA,NA,NA,NA
S9_59160346,9,59160346,NA,NA,NA,NA
S9_59453911,9,59453911,NA,NA,NA,NA
S9_59453917,9,59453917,NA,NA,NA,NA
S9_59453924,9,59453924,NA,NA,NA,NA
S9_59453925,9,59453925,NA,NA,NA,NA
S9_59453929,9,59453929,NA,NA,NA,NA
S9_59453933,9,59453933,NA,NA,NA,NA
S9_59453959,9,59453959,NA,NA,NA,NA
S9_59841758,9,59841758,NA,NA,NA,NA
S9_59848065,9,59848065,NA,NA,NA,NA
S9_59941490,9,59941490,NA,NA,NA,NA
S9_59941506,9,59941506,NA,NA,NA,NA
S9_59941543,9,59941543,NA,NA,NA,NA
S9_60085679,9,60085679,NA,NA,NA,NA
S9_60451064,9,60451064,NA,NA,NA,NA
S9_60953841,9,60953841,NA,NA,NA,NA
S9_60953846,9,60953846,NA,NA,NA,NA
S9_60953847,9,60953847,NA,NA,NA,NA
S9_60953850,9,60953850,NA,NA,NA,NA
S9_60953853,9,60953853,NA,NA,NA,NA
S9_60953857,9,60953857,NA,NA,NA,NA
S9_61357711,9,61357711,NA,NA,NA,NA
S9_61814159,9,61814159,NA,NA,NA,NA
S9_61814464,9,61814464,NA,NA,NA,NA
S9_62056064,9,62056064,NA,NA,NA,NA
S9_62056065,9,62056065,NA,NA,NA,NA
S9_62056076,9,62056076,NA,NA,NA,NA
S9_62056088,9,62056088,NA,NA,NA,NA
S9_62056170,9,62056170,NA,NA,NA,NA
S9_62261235,9,62261235,NA,NA,NA,NA
S9_63126290,9,63126290,NA,NA,NA,NA
S9_6368506,9,6368506,NA,NA,NA,NA
S9_6368515,9,6368515,NA,NA,NA,NA
S9_6368517,9,6368517,NA,NA,NA,NA
S9_64623367,9,64623367,NA,NA,NA,NA
S9_64623380,9,64623380,NA,NA,NA,NA
S9_6562211,9,6562211,NA,NA,NA,NA
S9_6573684,9,6573684,NA,NA,NA,NA
S9_65961538,9,65961538,NA,NA,NA,NA
S9_67074187,9,67074187,NA,NA,NA,NA
S9_69706106,9,69706106,NA,NA,NA,NA
S9_6997875,9,6997875,NA,NA,NA,NA
S9_7000413,9,7000413,NA,NA,NA,NA
S9_706537,9,706537,NA,NA,NA,NA
S9_7106689,9,7106689,NA,NA,NA,NA
S9_7106695,9,7106695,NA,NA,NA,NA
S9_7177935,9,7177935,NA,NA,NA,NA
S9_7191305,9,7191305,NA,NA,NA,NA
S9_73014627,9,73014627,NA,NA,NA,NA
S9_73014629,9,73014629,NA,NA,NA,NA
S9_73248120,9,73248120,NA,NA,NA,NA
S9_73922684,9,73922684,NA,NA,NA,NA
S9_74313670,9,74313670,NA,NA,NA,NA
S9_76064380,9,76064380,NA,NA,NA,NA
S9_76064381,9,76064381,NA,NA,NA,NA
S9_7614783,9,7614783,NA,NA,NA,NA
S9_76333185,9,76333185,NA,NA,NA,NA
S9_7649821,9,7649821,NA,NA,NA,NA
S9_77547960,9,77547960,NA,NA,NA,NA
S9_77548053,9,77548053,NA,NA,NA,NA
S9_77912266,9,77912266,NA,NA,NA,NA
S9_78207406,9,78207406,NA,NA,NA,NA
S9_79119703,9,79119703,NA,NA,NA,NA
S9_79119705,9,79119705,NA,NA,NA,NA
S9_80171819,9,80171819,NA,NA,NA,NA
S9_8037700,9,8037700,NA,NA,NA,NA
S9_8131552,9,8131552,NA,NA,NA,NA
S9_82753540,9,82753540,NA,NA,NA,NA
S9_82761248,9,82761248,NA,NA,NA,NA
S9_82761252,9,82761252,NA,NA,NA,NA
S9_84224710,9,84224710,NA,NA,NA,NA
S9_8434409,9,8434409,NA,NA,NA,NA
S9_8470101,9,8470101,NA,NA,NA,NA
S9_86399168,9,86399168,NA,NA,NA,NA
S9_86530487,9,86530487,NA,NA,NA,NA
S9_8660199,9,8660199,NA,NA,NA,NA
S9_8660313,9,8660313,NA,NA,NA,NA
S9_8660327,9,8660327,NA,NA,NA,NA
S9_8660332,9,8660332,NA,NA,NA,NA
S9_86863679,9,86863679,NA,NA,NA,NA
S9_8741850,9,8741850,NA,NA,NA,NA
S9_8742545,9,8742545,NA,NA,NA,NA
S9_88448710,9,88448710,NA,NA,NA,NA
S9_88524339,9,88524339,NA,NA,NA,NA
S9_88595750,9,88595750,NA,NA,NA,NA
S9_88595753,9,88595753,NA,NA,NA,NA
S9_88595755,9,88595755,NA,NA,NA,NA
S9_88595757,9,88595757,NA,NA,NA,NA
S9_88595759,9,88595759,NA,NA,NA,NA
S9_88649187,9,88649187,NA,NA,NA,NA
S9_89598809,9,89598809,NA,NA,NA,NA
S9_89811162,9,89811162,NA,NA,NA,NA
S9_89811783,9,89811783,NA,NA,NA,NA
S9_89811831,9,89811831,NA,NA,NA,NA
S9_90190142,9,90190142,NA,NA,NA,NA
S9_90190150,9,90190150,NA,NA,NA,NA
S9_90190153,9,90190153,NA,NA,NA,NA
S9_90366747,9,90366747,NA,NA,NA,NA
S9_90366846,9,90366846,NA,NA,NA,NA
S9_90367143,9,90367143,NA,NA,NA,NA
S9_90367152,9,90367152,NA,NA,NA,NA
S9_90367254,9,90367254,NA,NA,NA,NA
S9_90367257,9,90367257,NA,NA,NA,NA
S9_91103767,9,91103767,NA,NA,NA,NA
S9_91257716,9,91257716,NA,NA,NA,NA
S9_91476150,9,91476150,NA,NA,NA,NA
S9_92663886,9,92663886,NA,NA,NA,NA
S9_92916094,9,92916094,NA,NA,NA,NA
S9_9302486,9,9302486,NA,NA,NA,NA
S9_95078716,9,95078716,NA,NA,NA,NA
S9_95739880,9,95739880,NA,NA,NA,NA
S9_9601937,9,9601937,NA,NA,NA,NA
S9_96087212,9,96087212,NA,NA,NA,NA
S9_96187592,9,96187592,NA,NA,NA,NA
S9_96390927,9,96390927,NA,NA,NA,NA
S9_9640610,9,9640610,NA,NA,NA,NA
S9_96704414,9,96704414,NA,NA,NA,NA
S9_96718470,9,96718470,NA,NA,NA,NA
S9_96718565,9,96718565,NA,NA,NA,NA
S9_97141188,9,97141188,NA,NA,NA,NA
S9_97141190,9,97141190,NA,NA,NA,NA
S9_9719836,9,9719836,NA,NA,NA,NA
S9_97199901,9,97199901,NA,NA,NA,NA
S9_97981928,9,97981928,NA,NA,NA,NA
S9_97981952,9,97981952,NA,NA,NA,NA
S9_99037871,9,99037871,NA,NA,NA,NA
S9_99314033,9,99314033,NA,NA,NA,NA
S9_99314035,9,99314035,NA,NA,NA,NA
S9_99365447,9,99365447,NA,NA,NA,NA
S9_99670732,9,99670732,NA,NA,NA,NA
S9_99670733,9,99670733,NA,NA,NA,NA
S9_99670750,9,99670750,NA,NA,NA,NA
